-1.19202
-1.19202
-1.2218
-1.17823
-1.17823
-1.17823
-0.0495558
0.662972
0.924806
1.20533
2.28937
2.28937
1.17312
0.600962
0.600962
0.600962
0.600962
0.438973
1.62027
1.62027
1.62027
1.62027
1.62027
1.47192
1.11022
1.25336
1.21769
0.265877
-0.115511
-0.250565
0.151439
0.673404
0.673404
1.03519
0.479735
-0.478965
-0.478965
-0.478965
-1.00837
-0.665223
-0.665223
-0.521706
-0.521706
-0.710304
-0.710304
-0.710304
-0.241308
-0.0430101
-0.62785
0.466569
-0.416769
-0.619476
-1.11995
-0.342818
0.703553
0.156286
-1.01141
-1.01141
-1.01141
-0.89356
-0.676627
-0.0500971
-0.288619
-0.73927
-0.591132
-0.591132
-0.591132
0.162286
1.0097
0.12623
1.26742
0.441874
1.28627
1.56267
0.801709
1.14621
0.729649
0.729649
0.961721
0.961721
0.961721
0.684057
1.21224
1.2137
1.2137
0.501514
1.09035
1.00062
1.3456
0.627392
1.26758
1.26758
1.26758
1.47863
1.47863
1.64242
1.64242
1.88854
1.88854
1.47784
1.47784
0.794277
0.794277
0.794277
0.794277
0.444583
1.12565
1.12565
1.12565
1.16039
1.14614
1.14614
1.40865
0.530242
-0.472718
0.588887
0.754195
1.86237
0.709043
0.709043
0.831856
0.831856
0.874234
-0.219074
0.20486
-0.255217
-0.802279
-0.944367
-0.645694
0.281873
-0.519153
-0.812649
-0.539684
-0.261631
0.0772755
-0.534554
-0.10965
-0.10965
0.118893
1.06584
1.31242
0.440156
0.81196
0.81196
0.94186
0.869638
0.738832
-0.152391
0.606254
0.791628
0.791628
0.287478
0.287478
0.157322
0.298007
0.793397
-0.127156
0.561349
1.25129
0.975526
0.418567
-0.44572
-0.743595
-0.33446
-0.371083
-0.595959
-0.103835
-0.732638
-1.00841
-1.00841
-0.202544
-0.732636
-0.161443
-0.115173
-1.09631
-0.957744
-0.722007
-0.536355
-0.544997
-0.675195
-0.344523
0.481042
0.11957
0.805721
0.805721
0.85254
-0.0848394
-0.127315
1.05208
1.06157
1.09513
0.0987783
-0.296953
-0.286998
-0.593726
-1.04738
-0.213951
0.78814
0.78814
0.641197
0.641197
0.434491
-0.562862
0.176505
-0.0979251
0.730082
0.558443
0.558443
0.546087
-0.331302
-0.484389
-0.61863
-0.361553
-0.361553
-0.310902
-0.156608
-1.31277
-1.31277
-0.943918
-0.0220568
-0.215632
-0.959292
-0.959292
-0.525504
0.342437
0.251471
0.801584
1.31234
0.651349
1.24889
0.246153
-0.575676
-0.575676
0.266149
0.175745
1.24993
1.24993
1.24993
0.710431
0.783939
0.783939
0.506045
0.597905
0.60831
-0.0275016
-0.872357
-1.16612
-1.16612
-1.03345
-1.39574
-0.506581
-0.506581
-0.410045
0.696734
0.0694601
0.0670064
-0.274236
0.110236
1.15117
-0.0119484
-0.394836
-0.927185
-0.91116
-1.07537
-1.07537
-0.796303
-1.24179
-0.994564
0.0697335
-0.912594
-0.912594
-0.693034
-0.453675
0.0434121
-0.665841
-0.665841
0.224074
-0.513187
0.680939
-0.332779
-0.332779
0.297105
-0.744573
-0.899954
-0.199897
0.88627
0.88576
0.357216
-0.191307
-0.837299
-0.837299
0.362278
1.00908
1.00908
0.161328
0.469765
-0.638995
0.268038
0.00622464
-0.209954
-0.395425
-0.395425
-0.252604
0.564811
1.03123
1.03123
1.08384
1.08384
0.128517
1.14513
1.16291
1.16291
1.16291
0.667298
-0.280571
-0.152286
0.290275
0.181248
-0.451529
0.52262
0.52262
0.797655
0.797655
0.810116
0.810116
0.545198
0.606622
0.726956
0.726956
-0.0497868
0.0205764
0.0807398
-0.871093
-0.871093
-0.990546
-0.990546
-1.37463
-0.861205
-0.861205
-0.861205
-0.488847
-0.2194
-0.638211
-0.638211
-0.638211
-0.729154
-0.729154
-0.729154
-0.729154
-0.616953
0.126533
0.441325
-0.501124
0.416914
0.730381
0.356762
0.409721
-0.296672
0.045865
-1.06829
-0.557618
-1.46339
-0.657737
0.344044
-0.638037
-0.247445
0.940441
0.305107
0.178205
1.36732
1.90681
1.51427
1.51427
1.51427
1.51427
1.51427
1.49058
1.49058
0.427849
0.259277
1.34797
0.706794
0.706794
1.44832
1.44832
1.58835
0.580806
0.580806
-0.372991
-0.372991
-0.448956
-0.448956
-1.16217
-0.93337
-1.25387
-1.25387
-1.25387
-0.770588
-0.770588
-1.02314
-1.51159
-1.51159
-1.51159
-1.51159
-1.51159
-1.51159
-0.34998
-0.102423
-0.633802
-0.281807
0.626634
-0.20128
0.266869
-0.751882
-0.596774
-1.50689
-0.805952
-0.805952
-0.805952
-0.805952
-0.805952
-1.26781
-0.218057
-0.541515
-1.27469
-1.42299
-1.42299
-0.902806
-0.902806
-0.902806
0.25491
-0.399422
0.204708
0.0802701
-0.639533
0.415957
0.429099
1.21236
0.775133
0.994993
1.19954
1.19954
1.19954
0.862536
0.862536
0.45724
0.403902
-0.0648285
0.477241
1.49957
1.49225
1.49225
0.849272
0.849272
0.714107
0.731215
-0.169734
0.207127
0.61141
1.19198
0.492443
-0.676537
-0.661311
-0.661311
0.472588
0.472588
-0.662175
-0.178784
0.794346
0.696863
0.696863
0.696863
-0.0692037
0.307389
0.846546
0.974038
0.854589
1.05731
0.888325
0.609678
0.609678
0.609678
0.609678
1.03388
0.322831
-0.488972
-0.488972
-0.450032
-1.06243
-1.06243
-1.20882
-1.53851
-1.53851
-0.364529
-1.36026
-1.5834
-1.27832
-1.27832
-1.06408
-1.34498
-0.484947
0.0621273
0.962776
0.726581
-0.15544
0.612835
1.00753
0.838764
0.838764
0.838764
-0.348812
-0.600283
-0.600283
-0.101031
0.0379624
0.236966
0.236966
0.159254
1.12525
1.12525
1.12525
1.12525
0.635389
0.573489
1.5707
1.28244
0.763375
0.763375
1.01733
1.01733
0.671244
0.671244
0.671244
-0.409893
-0.564808
-1.68396
-0.743743
-0.743743
-0.972445
-1.19187
-1.19187
-1.49324
-1.49324
-1.21089
-1.21089
-0.770305
-0.770305
-0.896438
-1.33148
-1.33641
-1.33641
-1.06266
-0.667173
-0.667173
-0.667173
-0.667173
0.234212
0.142785
0.962222
0.962222
0.322098
0.643454
0.643454
1.34483
1.34483
0.804883
0.804883
1.1891
1.1891
-0.0100086
0.756255
1.17732
0.927242
0.773186
0.773186
0.295163
0.255349
0.887963
0.887963
1.00434
0.422194
0.299827
0.180705
0.0414639
-0.9574
-0.9574
0.0981634
0.898988
0.594741
0.293827
0.391886
0.374346
0.374346
0.374346
-0.517683
-0.984973
-0.198913
0.877571
0.877571
1.28586
1.28586
1.28586
0.627178
1.16302
0.937464
0.491028
-0.534448
0.410133
0.410133
0.804451
0.804451
0.723271
1.05493
1.05493
1.05493
0.628902
-0.31348
0.413584
0.640464
0.640464
0.640464
0.652106
0.837174
0.837174
0.837174
1.6056
1.58507
0.723352
0.723352
-0.315522
0.355398
-0.405269
-1.26933
-1.14999
-1.59148
-1.59148
-1.59148
-1.59148
-0.812591
-0.812591
-0.884899
-0.884899
0.270139
0.266793
-0.163394
-0.556589
-0.172555
-1.15384
-1.15384
-1.15384
-0.11172
0.817453
0.556455
0.248249
0.0729198
-0.908819
-0.908819
-0.908819
-1.1811
-0.986562
-1.75816
-1.75816
-1.75816
-0.794279
-1.01877
-0.96359
-0.747372
-0.947938
-1.03003
-1.03003
-0.932373
-1.00411
-1.18016
-1.18016
-0.257835
-0.0709247
0.698123
0.698123
0.698123
-0.127009
0.808754
0.571798
1.15304
0.214264
-0.782215
-0.782215
-1.45927
-0.982703
-0.123989
0.327733
0.426492
0.575203
1.19532
1.19532
1.55521
1.47242
1.47242
1.55019
1.03519
0.923685
0.923685
1.29521
1.07027
0.840072
0.965588
0.603832
-0.580504
-0.580504
-0.680166
-0.680166
-0.680166
-0.434934
0.29362
0.0487008
-0.986874
-0.739137
-0.739137
0.124567
0.358335
1.26329
1.26329
1.26329
0.313573
1.13087
1.03276
1.7856
1.30016
0.831938
0.254163
0.004024
0.747617
1.0768
-0.107834
0.68411
-0.219768
-1.16762
-1.16762
-1.16762
-1.16762
-0.516216
-0.516216
-0.701185
-1.27092
-0.566909
0.169401
-0.621486
-0.833533
-0.149291
-0.280985
-0.280985
-1.2362
-1.2362
-1.2362
-1.2362
-1.2362
-0.851741
-1.45396
-1.45396
-1.45396
-0.268309
-1.34577
-1.34577
-0.930938
-0.661716
-0.661716
-0.661716
-0.661716
0.407496
1.36201
1.36201
1.36201
0.555593
0.555593
0.0673041
-0.973358
-1.0281
-0.569502
-1.2987
-1.53851
-1.53851
-1.53851
-0.924765
-0.924765
-0.924765
-0.475109
0.16581
0.16581
1.16631
0.784781
0.784781
0.784781
-0.16427
0.181077
0.532611
0.532611
-0.482826
0.612481
1.32006
1.32006
1.00362
1.00362
1.00362
0.614628
0.595583
0.985075
0.985075
0.625118
0.356377
1.41666
0.899557
0.899557
1.23235
0.789656
1.14726
1.14726
1.33097
1.33097
1.33097
0.725561
0.725561
0.947695
0.937735
0.00235943
0.144635
-0.0881134
0.396847
-0.680459
-0.680459
-0.542923
-0.643095
-0.643095
-0.368242
0.273197
0.996324
0.996324
0.0313884
-0.0923621
-0.0640046
0.0725433
-0.286423
-0.286423
0.372225
-0.667622
-1.19295
-1.19295
-0.67699
-0.67699
-0.67699
-1.2354
-0.266511
-0.63012
-1.62857
-1.62857
-1.62857
-1.62857
-1.66341
-1.76686
-1.76686
-1.81795
-2.34123
-2.326
-2.326
-2.326
-1.2377
-0.162329
-0.331725
-0.331725
0.757935
0.757935
0.58016
0.6117
0.6117
0.565023
0.565023
1.2534
1.57651
1.57651
0.787466
0.787466
0.787466
-0.246277
-1.17953
-0.199399
-0.0957103
-0.981423
-0.0215824
-0.0324687
0.132005
-0.383807
-0.138127
-0.299295
-0.16679
-0.838013
-0.905895
-0.905895
-1.12282
-1.12282
-1.40049
-1.40049
-1.40049
-1.09489
-0.994238
0.0179192
-0.459993
0.139293
0.486614
-0.475229
-0.472201
-0.452036
-0.582568
-1.72244
-1.72244
-1.72244
-1.43496
-0.726693
-1.0409
0.0642488
-0.618476
-1.01165
-1.01165
-0.276993
-0.0364725
-0.261626
0.856808
0.856808
0.856808
0.856808
0.856808
0.411558
-0.326191
0.183137
0.0701414
0.0912664
0.894414
0.550333
0.121185
0.176902
-0.722837
-0.722837
-1.36225
-1.36225
-1.21578
-0.385341
-1.23611
-0.779891
-1.0523
-0.585833
-0.0805179
-0.474917
-0.454775
-0.454775
-0.795353
0.321619
1.49195
0.491012
-0.480831
-0.68958
0.27124
0.444969
0.258743
0.18414
-0.693125
-0.693125
-0.848865
-0.848865
-0.196442
0.420232
-0.384537
0.393448
-0.562791
-1.2017
-1.14014
-1.14014
-1.14014
-1.26212
-0.438881
-0.434686
-0.206017
-1.00643
-0.129979
0.695482
0.695482
0.246815
0.0243877
0.79998
0.79998
0.79998
0.374163
0.374163
-0.77782
-0.220502
-0.546671
0.597323
0.755301
0.755301
1.18319
0.991011
0.568849
0.379382
-0.436294
0.516077
-0.638716
-0.869951
-0.380148
-0.380148
-1.123
-0.468801
-0.470667
-0.808421
-0.257553
-0.969935
0.0986328
0.386322
-0.590709
-0.783876
-0.769793
-0.769793
-1.05308
-1.05308
-1.05308
-1.05308
-0.0444102
1.11998
0.28034
0.535651
1.11311
-0.0857608
0.0235111
1.08866
1.02749
1.0293
1.0293
1.1363
1.21943
1.21943
1.2651
1.6356
0.887987
0.80552
1.1634
1.1634
0.309749
-0.20868
-0.20868
-0.819355
-0.571678
-0.571678
0.465534
0.407959
0.116645
0.389156
-0.00076448
0.374143
0.717443
0.717443
0.717443
0.717443
0.717443
0.323678
-0.813696
-0.813696
-0.813696
0.375234
0.57337
0.57337
0.57337
-0.220953
-0.376483
-0.13472
-0.698598
-1.27893
-1.27893
-1.00362
-1.00362
0.035843
0.995641
0.158065
0.272254
0.63319
-0.221604
0.393615
-0.473059
-0.750186
-0.145009
-1.11608
-0.830068
-0.830068
-0.830068
-0.821172
-1.39707
-1.1508
-1.1508
-0.334978
-1.23856
-1.23856
-0.907099
-0.907099
-0.3283
-0.3283
-0.513401
-0.513401
-0.513401
0.277917
1.29596
0.16566
0.232094
0.894319
-0.146175
-0.111184
0.823517
0.823517
1.13825
0.853602
0.0968938
0.722525
-0.233571
-0.973773
-0.973773
-0.973773
-0.973773
-0.0265441
-1.21899
-0.3994
0.587535
0.587535
-0.0392131
0.991633
1.7352
1.62642
1.62642
1.62642
1.0239
-0.152645
-1.02602
-1.02602
-1.24401
-1.24401
-0.727733
-0.727733
-0.549465
-0.157539
-0.874017
-0.865414
-0.865414
-0.13684
0.472576
-0.391506
-0.681903
-0.643247
-1.10247
-0.980895
-0.638333
-0.638333
-0.803622
-0.582196
-0.175742
-0.235378
0.257661
0.384312
0.428899
0.296952
-0.330663
-0.916274
-1.47331
-1.6319
-1.4744
-1.49743
-1.34264
-0.377195
-0.940418
-0.940418
-0.940418
0.195537
0.195537
0.195537
-0.576657
-0.294958
0.299179
0.61933
0.61933
0.976541
-0.123473
1.02378
0.0375563
0.498548
-0.408432
0.0713138
-0.936738
0.180866
0.698077
0.570291
0.364459
-0.259153
0.641875
0.818855
1.3297
1.3297
1.3297
1.35083
1.35083
0.429195
0.429195
0.256925
0.563073
0.0116453
-0.873819
-0.873819
-0.873819
-0.873819
-0.873819
-0.873819
-0.972706
-0.972706
-0.16422
0.658417
0.658417
-0.00408131
1.16174
1.16174
1.17013
0.113514
-1.00858
-1.00858
-1.05868
-1.05868
-0.874965
-0.377672
-0.409935
-0.409935
-0.477066
-0.710057
-0.37982
-1.05688
-1.17966
-1.17966
-0.88484
-0.333867
0.332995
-0.199281
-1.20039
-1.11447
-2.04668
-2.04668
-1.71193
-0.863261
-0.64331
-1.07062
-1.01158
-1.02742
-0.821609
-1.46437
-0.450162
-0.956062
-0.956062
0.139091
0.454879
-0.303393
-0.303393
-0.303393
-0.417587
-1.04712
-1.58155
-1.58155
-0.792092
0.3001
-0.503996
-1.68904
-1.23052
-1.23052
-1.29587
-1.6189
-1.6189
-1.6189
-1.6189
-1.21422
-1.21422
-0.957987
-0.957987
-0.957987
-0.11024
0.14219
1.25064
0.3703
0.0300414
-0.692695
-0.692695
-1.16856
-0.377913
0.704862
1.06569
1.06569
0.406935
0.305474
0.305474
-0.075603
0.391895
0.165641
-0.904775
0.173885
0.766839
0.74089
1.29522
1.29522
0.100461
0.280049
-0.333403
-0.333403
0.702229
0.896917
0.896917
0.088081
0.985522
0.779345
0.779345
0.676278
1.36194
1.36194
1.36194
1.36194
1.36194
1.36194
1.21205
0.306469
0.219172
0.658376
1.35932
1.35932
0.574772
-0.164483
-0.00138664
-1.06691
-0.63353
0.550546
0.550546
0.978636
0.0903761
-0.172015
-0.424277
0.768978
-0.296259
-0.296259
-0.633376
-0.471557
-0.0227372
-0.0518921
-1.21383
-1.21383
-1.09241
-0.600261
-0.600261
-0.570727
-0.543398
-0.543398
-0.543398
-0.543398
-0.163705
-1.07718
0.000620867
0.505747
-0.49351
-1.23072
-1.23072
-0.510197
-0.457161
-0.772709
-0.540367
-0.540367
-0.540367
-1.56894
-1.56894
-0.792884
-0.470724
-0.785922
-1.0269
-1.0269
-1.0269
-0.858967
-0.728156
0.239846
-0.276475
0.466389
-0.376795
-0.631607
-0.631607
-0.0418342
-0.293399
-0.661641
-0.840577
-0.0393658
-0.717662
-1.2492
-1.2492
-0.632304
-0.632304
-0.632304
-0.632304
-0.523348
-0.523348
0.310226
0.229091
0.630691
-0.150766
0.481709
-0.305047
0.768077
0.876695
0.876695
0.247238
0.349635
0.914256
0.914256
0.489003
0.489003
0.613385
0.48415
0.271917
0.737507
-0.0167622
-0.274188
-0.760765
-1.28919
-0.767093
-0.767093
-0.767093
-0.968707
-0.421546
0.0818445
-0.514484
-0.017793
-1.1486
-1.301
-1.301
-1.301
-1.301
-1.301
-1.301
-1.301
-1.301
-1.301
-1.301
-0.365663
0.384758
0.198695
0.479722
0.479722
0.281763
-0.000755066
0.798735
0.271205
-0.300766
-0.290432
-1.46086
-1.46086
-1.46086
-1.59997
-0.683304
-0.683304
-0.683304
-0.683304
-0.926247
-0.47322
0.238151
-0.143987
-0.815562
-0.528497
-0.872654
-0.869967
-0.718479
-0.718479
-0.533072
-0.106319
0.114762
0.49738
1.57992
1.57992
0.751366
0.751366
0.582723
-0.169402
0.24765
0.520562
1.6613
1.6613
1.19825
1.19825
1.2875
1.03227
0.0793037
0.881518
0.881518
0.187708
0.919085
0.919085
0.919085
-0.0786137
-0.798511
-0.798511
-1.17631
-0.618826
-0.710691
0.389754
-0.0284875
0.0968562
0.802258
0.802258
0.914418
0.914418
0.914418
0.914418
0.914418
0.914418
-0.126246
-0.290921
0.551043
0.570403
-0.133529
-0.440099
0.504222
1.29762
1.29762
1.29762
0.284971
0.58027
-0.153314
0.136622
-0.374438
-0.374438
-0.374438
-0.0476519
0.795559
0.795559
0.795559
0.795559
0.795559
0.408464
0.990602
0.990602
-0.0886712
-1.11419
-1.11419
-0.573742
-0.730865
-0.730865
-0.730865
-0.885892
-0.209935
-0.465459
-0.465459
-0.711169
0.0682049
1.23595
0.569549
0.569549
0.933002
0.527652
0.527652
-0.411333
-0.924557
-0.792054
-0.446393
-1.11642
-0.807682
-0.653095
-0.788373
0.311674
-0.74727
-0.748536
-0.748536
-0.328748
-0.835336
-0.659377
-1.01752
-1.36683
-1.05665
-1.05665
-1.05665
-1.05665
-0.510104
-1.244
-0.97644
-0.717346
-0.717346
-0.717346
-0.307207
-0.691923
0.3443
-0.194127
0.225201
0.928783
1.42917
1.42917
0.414785
0.414785
0.414785
0.800078
0.0232862
-0.0345744
-0.120748
0.432466
1.39142
1.39142
0.883958
0.215228
0.215228
0.0009831
0.947223
0.947223
-0.203825
-1.00692
-0.0163668
-0.795954
-1.44371
-0.702305
-0.734633
-0.734633
-1.27147
-0.603255
0.168353
-0.0603261
0.0932915
-0.438309
-0.589999
-0.73689
-0.632402
-1.03825
-1.03825
-1.03825
-1.03825
-1.03825
-1.03825
-0.844487
-0.714988
-1.01608
-0.785049
-0.785049
0.0928789
0.110104
-0.354687
0.710001
0.362141
-0.44545
-0.394163
-1.26824
-0.638045
0.250889
0.435162
0.727563
0.727563
-0.404357
0.718502
0.718502
0.718502
1.25662
0.342829
-0.463955
-0.463955
0.596821
0.302874
-0.360917
-1.35461
-1.35461
-1.35461
-1.18386
-0.453569
-0.144802
-1.09897
-0.782959
-0.782959
-0.782959
-1.62286
-1.62286
-1.64468
-1.64468
-0.692768
-0.692768
-0.588924
-1.18443
-1.18443
-0.553492
-1.07841
-0.487756
-0.883782
0.0417859
-0.797476
-0.209253
-0.378964
-0.991246
-0.991246
-0.984253
-1.10857
-1.06947
-0.45907
0.101459
0.437799
0.437799
1.24975
0.84521
0.516563
-0.566175
-0.566175
-0.566175
0.460004
-0.5019
0.264595
1.40825
0.777201
0.669401
0.52872
-0.604343
-0.604343
-0.663689
-0.0913436
0.357157
-0.1797
0.253944
1.34283
1.34283
1.34283
1.60368
1.14637
1.14637
0.248654
0.643812
0.643812
0.396144
0.583613
-0.300344
-0.300344
0.206191
0.0191043
-1.09303
-1.10219
-0.295196
0.589246
0.589246
1.11872
1.06777
1.06777
1.06777
1.06777
0.85983
0.85983
0.85983
0.85983
0.661702
-0.282124
-1.09855
-0.0284518
-0.86718
-0.121949
-0.803323
-0.872763
-0.802794
-1.44774
-1.6285
-1.61191
-1.61191
-1.97946
-1.5561
-1.5561
-1.01339
-1.01339
-0.122408
0.461055
0.461055
0.461055
0.973991
0.174882
0.163991
0.329483
0.655905
0.655905
1.3495
1.3495
0.341971
-0.453508
-0.453508
-1.23357
-0.854266
-0.624912
-1.47715
-1.01494
-0.28013
-0.691338
-0.691338
-1.30124
-1.38092
-1.38092
-1.38092
-1.38092
-1.38092
-1.74161
-1.74161
-0.581044
-0.675709
-1.83106
-1.32707
-1.32707
-1.67065
-0.886293
-0.608623
-0.583039
0.381803
0.782506
0.126594
0.57671
0.165996
1.0745
0.714941
0.560739
0.219077
-0.173156
-0.809573
0.014936
-0.848251
-0.848251
-0.848251
-0.848251
-0.110857
-0.585004
-0.585004
-0.585004
0.416344
0.416344
0.241077
0.0338398
-0.804989
-0.804989
-0.804989
-0.604995
-0.767946
-0.366208
0.677637
-0.0122504
-0.404124
-0.140033
-0.104139
-0.762348
-0.762348
-0.70604
-1.52288
-1.46982
-0.642161
-0.642161
-1.07973
-1.17708
-0.585411
-0.849837
-0.849837
-0.849837
-0.274401
-0.522259
-0.522259
-0.522259
-0.522259
0.529944
0.529944
0.870007
-0.253792
0.877019
0.679233
0.679233
1.21561
0.157234
-0.0997881
-1.03601
-0.8783
-0.8783
-0.436229
-0.101125
0.148629
-0.787491
0.170831
-0.266755
-1.06708
-1.06708
-0.71063
0.0577063
-0.750339
-0.186946
-1.24903
-0.353045
-0.911711
-0.911711
-1.404
-1.404
-1.71619
-1.3358
-0.609249
0.554623
0.554623
0.554623
0.816822
0.112544
-0.582983
-0.875249
-0.607672
-0.607672
-1.32275
-0.836566
-0.836566
-0.309158
-0.949495
-0.949495
-1.22068
-1.22068
-1.22068
-1.44266
-1.44266
-1.44266
-1.00095
-1.56396
-0.87535
-0.87535
-0.87535
-0.87535
-0.0154361
-1.11002
-1.11002
-0.39995
-0.774015
-0.336889
0.370695
-0.235387
-0.953805
0.036796
0.182652
-0.749976
-1.39173
-1.39173
-1.32485
-0.596182
-0.237173
0.433579
0.252201
-0.478472
-0.478472
0.139088
0.483304
0.483304
1.11972
0.815503
1.05792
1.05792
0.63943
0.540278
1.14968
0.155737
0.714801
1.65476
1.65476
1.68965
1.77367
1.09139
0.711466
0.165192
-0.437072
-0.437072
-0.437072
-0.537213
0.0774333
-0.886101
-0.886101
-0.886101
-1.01817
-1.01817
-1.01817
-0.526559
-1.64162
-1.4691
-0.976972
-0.976972
-0.976972
-0.976972
0.101922
0.478696
1.40358
1.2321
0.390435
-0.123554
0.392072
0.72763
0.72763
-0.463027
-0.682986
-0.682986
-0.62707
-0.678093
-0.358323
-0.124496
-0.270063
-0.425092
0.481299
0.481299
0.481299
-0.646446
-0.23704
-0.204189
-0.936469
-0.617102
-0.617102
-0.617102
-0.617102
-0.797148
-0.811855
-0.117107
0.488152
0.488152
0.740615
0.740615
0.441134
0.0485069
-0.506493
-0.506493
-0.406655
0.0905639
-0.0755337
-0.377533
-0.968375
-0.755903
-0.755903
-0.755903
-0.755903
-0.804524
-1.2205
-1.0978
-0.343289
0.0363388
1.1105
0.850613
0.850613
0.502285
1.12047
1.13383
0.676484
0.676484
0.525184
0.525184
1.15605
1.17451
0.308837
-0.0794213
1.01202
1.01202
0.540483
-0.397574
-0.849857
-0.849857
-0.932722
-0.932722
-0.855778
-1.22437
-1.22437
-0.266628
0.38624
0.511322
-0.198743
0.43302
0.43302
1.62648
1.62648
1.62648
1.62648
0.796032
0.796032
0.796032
0.919552
1.05929
1.05929
0.631292
0.631292
-0.137615
0.450295
-0.244097
-0.939948
-0.267419
-0.393326
0.64066
1.02901
1.4344
0.798223
0.798223
0.193653
0.0394804
-0.992583
-0.763786
-0.763786
-0.185939
0.583367
0.583367
-0.383767
-0.383767
-0.0547029
0.701765
0.701765
-0.0138189
0.819774
0.819774
1.08443
1.21117
1.0383
0.61778
-0.473247
-0.917898
-0.0290191
-1.04931
-1.04931
-0.221121
0.556615
0.85309
0.210166
-0.654235
-1.1727
-0.014549
-0.0388174
0.908224
0.908224
0.908224
0.908224
0.583871
-0.535084
-0.257115
0.559864
0.73826
0.414371
-0.570582
0.298054
-0.81547
-0.185006
-0.975854
-0.975854
-0.975854
-0.975854
-0.972704
-0.972704
-0.972704
-0.972704
-0.972704
-0.972704
-0.52684
-0.942924
-0.802169
-0.99093
-1.695
-1.695
-0.685019
-1.04516
-1.04516
-0.308694
-0.308694
-0.504027
-0.316929
-0.316929
0.684752
0.684752
0.760104
0.342237
0.331417
0.886327
0.979531
-0.0958944
-0.75001
-0.195135
-1.05987
-1.05987
-1.05987
-1.05987
-1.19933
-1.30672
-0.333511
-0.812504
-0.812504
-1.06572
-0.877073
-0.86091
-0.837761
-0.144322
0.977953
0.334613
1.15673
1.43704
1.66835
1.75668
1.68858
1.68858
1.68858
1.62009
1.62009
1.62009
1.33231
1.33231
1.13007
1.12265
-0.0540914
0.671539
1.15627
1.24842
1.13107
0.600071
1.24305
0.179502
0.0682769
0.227973
0.801351
0.801351
1.11724
0.548311
0.548311
-0.38301
-0.38301
-0.00526745
1.01565
1.13676
0.0283061
0.244171
0.673426
-0.191443
-0.223175
-1.39715
-1.39715
-1.74776
-1.74776
-1.74776
-1.74776
-1.74776
-0.723832
-0.723832
-1.08012
-1.02991
-1.02991
-1.02991
-1.19298
-1.19298
-1.06921
-1.06921
-1.06921
-0.196285
0.779274
-0.2257
0.347554
0.347554
-0.452724
-0.452724
0.500551
0.436153
-0.262666
-0.699822
-0.753478
-0.753478
-1.00612
-1.00612
-0.301387
0.186903
0.876872
1.70285
1.70285
1.02959
1.04276
0.517002
0.431918
0.431918
0.431918
0.107682
0.209352
0.0187942
-0.530593
-0.737196
-0.737196
-0.737196
-0.815666
-0.602797
0.560156
0.983431
1.32223
0.490907
0.490907
0.490907
-0.234898
-0.0302941
-0.283569
0.842444
0.899957
-0.215265
0.810293
0.573655
0.573655
-0.315966
0.266546
1.31537
1.22771
0.913722
0.913722
0.913722
1.20985
1.22879
0.795938
0.795938
0.79957
0.0229447
0.744481
1.04199
0.773888
1.41504
0.365079
-0.314975
-0.314975
-1.23593
-1.23593
-1.23593
-1.24378
-0.341592
-0.802802
-0.802802
-0.802802
-0.490733
0.398422
-0.725408
-0.725408
-0.048778
-0.329703
-0.0511561
-0.578881
-0.578881
-0.578881
0.615122
0.615122
0.615122
0.615122
0.981857
0.981857
0.981857
0.981857
0.940433
0.672851
0.846944
0.902123
1.51934
1.51934
1.56593
1.16811
0.82489
-0.347469
-0.859211
-0.859211
-0.859211
0.305176
0.582893
0.110372
-0.366564
-0.366564
-0.496577
-0.496577
-0.496577
-1.04983
-1.04983
-0.639923
-0.639923
0.523578
0.162443
1.22612
1.22612
0.801885
0.982744
0.965726
0.781588
0.781588
-0.288931
0.152224
-0.843436
-0.6941
-0.6941
-0.6941
-0.343209
-0.175505
-0.175505
-0.129186
-0.32776
0.358682
-0.327592
-0.327592
-0.171482
0.695969
0.648239
0.287773
0.694763
-0.139325
-0.285099
0.90229
0.90229
1.09077
1.09077
1.09077
1.09077
1.09077
1.57213
1.48805
1.2852
0.171093
1.30574
1.30574
1.30574
2.38074
2.38074
2.18179
2.18179
2.18179
1.91218
1.35084
1.35084
1.68793
1.78491
1.49391
1.49391
0.526576
0.526576
-0.106272
-0.500438
-0.500438
-0.854135
-0.854135
0.146698
0.658059
0.00508526
-0.57617
-0.57617
0.56768
1.11016
1.11016
0.337488
-0.7229
0.289476
-0.702721
-0.702721
0.00733743
-1.02719
-1.02719
-1.02719
-1.02719
-1.02719
-0.75389
-0.75389
0.134201
-0.380625
0.283674
0.0168166
-0.238154
-0.508841
-1.23364
-1.2992
-1.41779
-0.756685
-0.756685
0.274586
0.507456
0.857245
0.555997
0.0884397
-1.06098
-1.71018
-1.71018
-1.71018
-1.27829
-0.211421
-0.550981
-0.550981
-0.991612
0.0790048
0.218384
0.218384
-0.186752
-0.895984
-0.895984
-0.316179
-0.589142
0.363625
-0.220995
0.0872984
0.859623
0.563567
0.563567
-0.467242
-0.48641
-1.04413
-1.04413
-1.04413
-1.1439
-1.1439
-0.789531
-0.549032
-1.44672
-0.969087
-1.48433
-0.799075
0.0792844
0.448938
0.0836489
-0.332377
0.728838
0.728838
0.464977
0.587519
0.92069
0.92069
0.562083
0.563064
0.563064
-0.0100347
-0.877028
-0.223227
-0.464331
-0.464331
-0.464331
-0.464331
-0.886293
0.271325
-0.614718
-0.208057
0.522538
0.522538
0.522538
-0.419671
-0.596616
0.518337
0.518337
1.21521
1.29815
1.29815
1.29815
0.557882
0.918597
0.124751
0.486671
0.0777762
0.826255
0.801587
-0.050559
0.0954651
0.234336
1.15769
0.788699
0.788699
0.737794
0.737794
0.80904
0.633613
1.32021
0.655261
0.655261
-0.198821
-0.964345
-0.964345
-0.964345
-0.540301
-0.654033
-0.654033
-0.33285
0.714149
1.17543
1.534
1.41414
1.46842
1.46842
1.46842
0.330249
0.795114
0.795114
0.795114
0.795114
0.795114
0.222122
0.404581
-0.330685
0.825438
1.13616
1.13616
1.13616
0.228914
-0.834001
-0.83545
-0.83545
-0.83545
-0.83545
-0.390823
-0.390823
-1.18952
-1.18952
-1.18952
-0.227986
0.532243
-0.503579
-0.503579
0.393951
0.984028
0.692014
-0.000467952
0.708358
0.708358
0.760923
0.760923
0.268898
-0.447522
-1.06706
-0.761995
-0.332532
0.694824
-0.446733
0.744806
0.744806
0.744806
1.29532
0.299401
0.22823
-0.206781
-0.29447
0.359814
-0.335883
-0.335883
0.785708
0.785708
-0.0411451
0.982758
0.383806
-0.25237
-0.0264782
0.0116029
1.15275
1.15275
0.554869
-0.0259129
-0.793589
-0.793589
0.280355
0.280355
-0.152141
-0.163673
-0.704799
-1.68515
-1.68515
-1.52796
-1.52796
-1.52796
-1.81618
-1.81618
-2.08528
-0.968893
-0.983831
-0.852297
-0.818733
-1.00445
-0.955827
-0.411856
0.483957
0.483957
0.0472871
0.900905
-0.0125453
-0.78387
0.305732
0.135945
0.401606
0.934192
0.852106
0.923884
1.15972
1.34745
1.34745
1.34745
0.670915
0.670915
-0.383151
0.409824
0.105298
0.453366
0.796439
0.796439
-0.357735
-0.0517858
0.724014
1.16123
0.22281
0.806934
0.381789
0.633724
0.639073
0.570404
0.570404
0.517954
0.545253
0.545253
0.179505
-0.959246
-1.11272
-1.11272
-1.18268
-0.783294
-0.965154
-0.900395
-0.629179
0.395434
-0.0755826
0.639854
0.700252
-0.246873
0.0946176
-0.20535
0.471986
0.638934
-0.0293676
0.92529
-0.061279
0.330806
-0.0251572
0.629968
0.629968
0.898519
-0.289425
-0.57747
-0.57747
-0.57747
-0.306626
-0.78468
-0.78468
-0.180621
-0.0672203
0.347708
1.10937
0.585882
1.30573
0.754096
-0.14545
-0.46787
-0.46787
-1.10128
-1.10128
-1.10128
-1.31577
-1.26032
-0.628614
0.269165
-0.613439
-0.613439
-0.613439
-0.350681
-1.16533
-1.80033
-1.80033
-1.80033
-0.841182
-0.80254
-0.80254
0.39679
1.06002
0.041001
-0.61253
-0.61253
-0.757551
-1.58391
-1.58391
-1.58391
-1.58391
-1.41504
-1.41504
-1.41504
-1.41504
-1.41504
-1.41504
-1.41504
-1.41504
-1.41504
-0.634105
0.053981
-0.344971
0.548271
1.08666
1.03429
1.03429
1.03429
0.427725
-0.665009
-0.665009
-1.83846
-1.05918
-1.05918
-1.05918
-0.341993
-0.435089
-0.451896
-1.17347
-1.55158
-1.55158
-1.55158
-0.81089
-1.21089
-1.21089
-1.10951
-1.56471
-0.659255
-0.659255
0.5014
1.11848
1.11848
1.24932
1.24932
1.29778
0.585457
0.332678
1.09554
1.29211
0.394966
-0.19989
-0.424427
-0.521849
-0.521849
-0.521849
-0.521849
-0.521849
0.00031863
0.596462
-0.344877
0.66294
0.66294
0.142461
-1.05012
-0.783762
0.286083
-0.728726
-0.728726
-0.206592
0.438874
0.448249
0.448249
-0.133891
0.582983
0.474712
-0.0842952
0.307277
0.779522
1.07238
-0.0993898
-1.24446
-1.24446
-0.38305
-1.26666
-1.26666
-1.26666
-0.532136
-0.532136
-1.4708
-1.4708
-1.4708
-1.4708
-1.18826
-0.431199
-0.431199
-1.2286
-1.2286
-1.2286
-0.914207
-1.01189
-1.01189
-1.01189
-1.2775
-1.03097
-0.891022
-0.943498
-0.943498
-1.04815
-0.621291
-0.621291
-0.621291
-0.621291
0.324667
-0.820126
-0.820126
-1.29898
-1.31867
-0.318286
0.829861
-0.367564
-0.367564
0.673482
0.673482
0.660233
1.01603
1.01603
1.01603
1.01603
1.01603
0.291429
-0.284108
-0.284108
0.20898
1.03831
0.29274
1.05766
1.15402
0.641623
0.641623
-0.293829
-0.080015
-1.063
-1.063
-0.740382
-0.196065
0.689959
0.781633
0.814387
0.634678
0.300961
0.485538
0.47429
0.0812043
1.08836
0.297786
-0.206764
0.0861875
-0.417011
-1.23717
-0.393229
-0.393229
-0.393229
-0.757736
-0.757736
0.122304
0.0492767
-0.50866
-0.50866
0.481215
0.432971
-0.713892
-0.112882
-0.839542
-0.177634
0.0845567
-0.632435
-1.2684
-1.2684
-1.2684
-0.486317
0.277382
0.590938
-0.180777
0.539629
0.809535
0.809535
-0.0368323
-0.240602
0.529462
0.0261768
0.970054
0.970054
1.28801
1.00089
0.585864
1.65746
1.5933
1.5933
1.5933
1.5933
1.5933
1.5933
0.514698
1.19914
0.585364
0.57354
0.689848
1.61805
0.825002
0.240128
1.30544
0.529209
-0.130375
-0.588704
-0.588704
-0.897032
0.0294929
0.280376
0.350955
-0.340616
-1.26835
-0.328122
-1.04265
-0.498165
0.167231
0.232736
-0.0660584
-1.1657
-1.1657
-1.1657
-1.1657
-0.594667
-0.594667
-1.15622
-0.966215
-0.966215
-0.966215
-0.966215
-0.446672
-0.661261
-0.250148
-1.20619
-0.314998
-0.742794
-0.742794
-1.49869
-1.41779
-1.41779
-0.664452
-0.603726
-1.48322
-0.750626
-1.05842
-0.651456
-0.848727
-0.271125
0.497593
0.497593
0.774367
0.774367
0.9591
1.02914
0.176116
-0.332668
-0.448444
0.102253
0.440703
1.50389
1.50389
1.50389
1.29928
0.800412
0.800412
-0.17846
-1.14934
-1.14934
-1.14934
-1.0801
-1.0801
-1.0801
-0.793902
-0.793902
-0.848385
0.13802
-0.13347
-0.174264
-1.37387
-1.37387
-1.37387
-1.10498
-0.36303
0.311961
-0.747294
-0.807513
-0.931642
-0.931642
-1.38742
-1.38742
-1.38742
-0.60955
-0.60955
-1.04603
-1.04603
-0.81894
-0.79167
-0.135681
-0.604927
-0.604927
-0.604927
0.276466
0.00833343
0.243546
1.01222
0.362871
0.605843
0.605843
0.0900396
0.392891
-0.693797
0.356047
0.639357
0.639357
0.777514
0.777514
-0.334188
-0.334188
-0.159931
-0.137406
0.55938
-0.148622
0.310424
-0.339461
0.655438
0.883778
0.883778
0.883778
0.31629
-0.628492
-0.182865
0.76935
0.76935
0.190988
0.864711
1.10685
1.00734
1.24721
0.98617
1.74127
1.60639
1.55474
1.08457
1.08457
1.26606
1.26606
1.26606
0.147898
-1.00276
-1.00276
-0.608355
-0.608355
-0.608355
-0.687891
-0.687891
-1.05268
-0.180325
-0.831221
-0.831221
-1.07277
-0.790388
-0.790388
-1.09583
-0.572217
-0.572217
-0.572217
0.622418
0.622418
0.622418
1.31894
1.08067
0.495189
0.495189
0.86681
1.28208
1.28208
1.38832
1.38832
1.38832
1.38832
1.38832
1.38832
1.42224
1.42224
0.764528
-0.274077
0.338133
-0.630505
-0.630505
-0.630505
-1.05062
-1.18371
-1.26102
-0.835304
-1.09222
0.0350683
-0.0158216
-0.615336
-0.615336
0.370306
0.852813
0.0422021
-0.742682
-0.478143
-0.947188
-0.572163
-1.23682
-0.149802
-1.26404
-1.28705
-0.450692
0.279145
1.4442
0.798637
0.798637
0.798637
0.798637
0.641007
0.641007
1.05664
1.05664
1.05664
1.34103
1.34103
1.34103
1.83641
0.911362
0.911362
0.911362
-0.034858
0.785409
-0.159929
-1.21104
-1.21104
-1.21104
-1.21104
-1.21104
-1.21104
-0.731441
-0.139522
0.609793
1.22555
1.18946
1.16236
0.686656
-0.348689
0.0798976
0.105239
-0.769835
-0.769835
-0.420904
-0.141014
0.282394
0.282394
1.34088
1.25634
0.396938
0.745018
0.0104915
1.16278
1.16278
1.16278
0.0357146
-0.304919
-0.711042
-0.314469
-0.166819
-1.22774
-1.22774
-0.0983692
-0.0983692
-1.20732
-1.23164
-1.23164
-1.23164
-1.23164
-1.52859
-0.834378
-0.217906
-1.31813
-1.3979
-0.398009
-1.30381
-1.30381
-1.30381
-1.31274
-0.316333
0.493976
1.03186
0.673011
-0.471959
-0.471959
-0.471959
-0.471959
0.575461
1.04416
0.0687095
-0.712285
-0.712285
-0.712285
-1.05706
-0.891502
-1.23287
-0.855509
-0.513914
-0.513914
-0.217945
0.204141
-0.321295
-1.02535
-1.28933
-1.0661
-1.0661
-0.436578
0.155596
-0.338928
-1.03866
-1.03866
-0.613809
0.12893
0.190768
-0.714353
-0.291875
0.505596
0.505596
0.394711
1.0925
0.359897
0.359897
-0.724355
-0.854648
-0.854648
-0.881954
-0.881954
-0.881954
-0.881954
-0.881954
-0.123329
0.803212
0.803212
0.803212
0.848779
0.511769
0.511769
1.51365
1.51365
1.44679
0.994773
0.994773
1.10347
1.10347
1.10347
-0.0195801
-0.51614
-0.857544
-0.857544
-0.857544
-0.857544
-0.857544
-0.857544
-0.857544
-0.665768
-0.945739
0.116314
0.120944
0.224923
-0.939013
-1.22088
-1.04143
-0.429186
-0.79622
-0.629297
-0.41413
0.388531
1.34759
1.34759
0.271105
0.271105
-0.142019
0.762694
0.966813
0.966813
1.52951
0.577832
-0.605402
-0.605402
-0.965882
-0.602252
-0.602252
-0.602252
-0.565221
-0.698979
0.494909
0.347029
-0.429065
-0.429065
0.194284
0.389595
0.808851
0.359917
-0.309504
-0.309504
-0.247906
0.633133
0.633133
-0.0952858
-1.09997
-1.09997
-1.02993
-0.532839
-0.556724
-0.376125
-0.517474
-0.602113
-0.602113
0.115959
0.948272
0.545049
0.445229
-0.246857
-1.3497
-1.3497
-1.3508
-1.3508
-1.55042
-1.23762
-1.66705
-0.490257
-0.200318
-0.458514
-0.481584
0.0184319
0.694956
0.0824245
-0.513271
0.147552
-0.437026
-0.437026
0.0386187
0.278564
1.28157
0.160549
1.0105
0.221503
0.221503
0.221503
1.04609
1.04609
0.886635
0.424383
1.53212
1.53212
0.899146
0.899146
0.72869
1.24357
0.642042
0.642042
0.642042
0.642042
0.294746
0.294746
-0.383529
-0.383529
0.0268324
-0.34847
-0.676567
0.317721
-0.692458
-0.54061
-0.180417
0.383427
-0.167829
-0.89744
-0.89744
-0.89744
0.148379
0.190698
0.771945
0.771945
0.744716
0.912528
-0.152439
0.607802
0.607802
0.464577
0.453106
-0.247859
-0.545334
-0.545334
-0.545334
-0.0275996
0.117997
0.323042
0.000653963
-0.869361
-1.15561
-0.235646
0.731957
0.232225
0.591033
0.735283
0.735283
0.735283
0.98202
0.332213
-0.147518
0.697069
0.697069
0.111138
0.293069
-0.570769
-0.747659
0.26696
1.00096
1.41589
0.66109
0.940215
0.667047
-0.508239
0.556054
0.707736
1.3543
1.3543
0.340959
-0.0367743
-0.733441
-0.733441
-1.72807
-0.758768
-0.758768
-0.758768
-1.35694
-1.35694
-1.35249
-0.447649
0.450462
-0.303024
0.70473
0.70473
-0.376538
-0.145448
-0.508886
-0.310998
0.185912
-0.468764
-0.259636
0.194025
0.681027
0.261358
0.0716377
0.964972
-0.0136514
0.262954
0.262954
-0.612148
-0.835693
-1.01822
-1.01822
-0.532016
0.0573333
0.921062
0.079767
-0.345425
0.347536
1.30635
0.583025
1.27928
1.19333
1.19333
1.10203
0.564523
0.564523
-0.318505
-0.318505
0.0925258
0.551719
0.529249
-0.579864
-0.475346
-0.475346
0.699957
-0.0570543
0.0525351
-0.701803
0.027878
-0.0744984
-0.931716
-0.635198
-0.635198
-0.721464
-1.01103
-0.507311
-0.607145
-0.0237404
-1.06519
-1.06519
-1.06519
-1.06519
-1.06519
-1.06519
0.0480351
0.0536596
-0.969873
-0.892632
-0.892632
-0.892632
-1.19412
-0.011022
-0.120801
-0.111636
-0.111636
-1.24559
-0.77576
-0.384961
0.582428
0.674183
0.396755
0.345344
0.345344
1.05312
1.05312
0.653818
0.653818
0.653818
0.653818
0.495493
-0.487449
-0.107768
0.700416
0.700416
0.700416
0.925781
0.925781
0.925781
0.434363
0.434363
0.434363
-0.102796
-0.45337
-0.855065
-0.420362
0.746348
0.370309
-0.33447
-0.412966
0.491744
0.627539
0.972961
0.972961
0.418982
0.418982
0.418982
-0.530639
-0.921707
-0.395798
-1.56001
-1.56001
-0.959775
-0.959775
-0.959775
-0.348134
-1.02919
-0.607947
-1.07858
0.0180654
0.544023
0.657452
1.06155
0.872957
-0.144494
0.360475
0.360475
-0.493985
-0.281422
-0.755936
-0.0608374
-1.16016
-1.16016
-0.0151969
0.956826
0.956826
0.956826
0.101403
-0.563362
-1.08965
-1.76704
-0.821014
-0.98606
-0.83685
-0.83685
-0.48415
-0.439226
0.496746
0.461328
0.456631
-0.431272
0.656424
-0.300423
-0.300423
-0.300423
0.285074
0.0585342
-0.597084
-1.40234
-1.40234
-1.48684
-1.50995
-0.926161
-0.926161
-0.926161
-0.926161
-0.926161
-0.990428
-0.858689
0.17702
-0.266745
-0.23353
-1.33225
-0.46087
-0.46087
-1.23682
-1.21325
-0.884193
-0.893537
-0.893537
-0.893537
-0.188776
-0.827151
-0.715863
-0.715863
-1.23059
-1.01562
-1.22836
-1.22836
-1.22836
-1.22836
-0.641914
-0.641914
-1.04325
-1.04325
-1.59094
-1.59094
-1.56369
-0.569614
-1.34992
-1.50425
-1.50425
-1.82934
-2.1255
-1.62216
-1.51024
-1.27242
-1.27242
-0.691823
-0.241341
-0.912531
-0.912531
-1.26616
-0.557695
-0.390977
0.555738
-0.423508
0.471321
0.552959
0.552959
-0.393403
-0.99578
-0.99578
-0.99578
-0.99578
-0.998247
-0.769625
-0.769625
-1.23502
-0.195459
-0.0412911
-0.107421
-1.30319
-0.577505
-0.577505
-0.493646
0.615818
0.615818
0.749965
0.749965
-0.28075
-0.350401
-0.350401
-0.0424505
0.572987
0.572987
0.572987
0.572987
0.572987
0.572987
0.781438
0.874964
-0.114938
0.918649
0.918649
-0.111112
0.88162
0.88162
0.926553
0.984703
0.250074
0.192962
-0.69369
-0.614375
0.186255
0.428616
0.141914
1.09768
1.09768
1.09768
1.09768
0.266162
0.121953
-0.205827
-0.170212
-0.561477
0.604907
0.604907
-0.40236
0.362696
0.242303
1.24909
0.633451
0.586717
0.586717
-0.343716
-0.343716
0.367245
0.54396
1.24459
1.11183
0.95379
0.322949
-0.415152
0.746367
0.746367
0.746367
0.740532
0.740532
0.740532
0.740532
0.740532
1.16317
0.312624
-0.480898
-0.175117
-1.24046
-1.24046
-1.24046
-1.47317
-1.47317
-1.03899
-0.462033
-0.548041
-0.732033
-0.732033
-0.787738
-0.787738
-1.77954
-1.77954
-1.77954
-1.77954
-1.77954
-0.623924
-0.674565
-1.37659
-1.37659
-1.37659
-1.10166
-0.794568
-0.794568
-0.802545
-0.81742
-1.63711
-1.54663
-1.54663
-1.54663
-1.54663
-1.54663
-1.54663
-1.54663
-1.54663
-0.791952
-0.791952
-0.15152
-0.961
-0.634866
-0.634866
0.0692388
-1.00144
-1.00144
-1.00144
-1.00144
-0.969905
-0.931098
-0.66612
-0.66612
-1.05098
-1.05098
-0.873817
-0.419108
-1.16045
-1.16045
-1.16045
-0.680543
-0.775885
-0.775885
-0.775885
-0.668422
-1.05541
-1.26049
-0.576193
0.595926
0.339991
1.12383
0.0871655
1.01439
0.455017
0.807065
0.807065
-0.298554
-0.981476
-0.00883059
0.897467
0.380915
-0.566298
-1.07975
-0.643601
-0.804299
-1.47827
-1.39533
-0.40941
-0.586452
0.0273922
0.0273922
0.100299
-0.663239
-0.663239
-1.5364
-1.37622
-0.22379
-0.523641
-1.06774
-1.06774
-1.06774
-1.06774
-1.06774
-0.607829
-1.01191
-1.01191
-0.667862
-0.455288
-1.24306
-0.838371
-0.838371
-0.838371
-0.917134
-0.917134
0.0170114
0.613415
0.613415
0.613415
0.0305103
1.07819
1.07819
0.0391946
0.203778
0.459316
0.459316
1.27724
1.10319
1.10319
0.500972
0.500972
0.329847
-0.125814
-0.934168
-0.467915
0.469496
0.135039
-0.385088
0.0565388
1.02042
0.644417
0.923787
0.923787
0.923787
0.0575866
-0.302174
0.136411
-0.24578
-0.650609
-0.413176
-0.413176
0.498639
0.245275
-0.121157
-0.473303
-0.473303
0.433161
1.38036
1.38036
1.38036
1.38036
1.39281
1.63811
1.63811
0.520708
0.93819
0.93819
0.587892
0.587892
0.448617
0.82053
0.82053
0.836414
0.901996
1.43415
1.43415
1.43415
1.43415
0.945063
0.945063
0.209986
0.624008
0.204749
1.10965
1.10965
0.992189
0.109541
-0.873621
-0.873621
-0.873621
-0.873621
-0.873621
-0.873621
0.232577
-0.72355
-0.72355
-0.255915
-1.18716
-1.18716
-0.647497
0.299707
-0.658505
0.447913
-0.170372
-0.438009
-0.325882
0.301959
-0.336381
-0.781728
-0.311642
0.821983
0.821983
-0.0958805
0.637697
0.637697
0.637697
1.13562
0.41571
0.459389
0.459389
1.05788
0.203728
-0.242119
-0.176429
0.700574
-0.296389
0.595945
1.11916
0.739959
0.767552
0.934027
0.201054
0.367512
0.889008
1.72491
1.2712
1.2712
0.226399
1.33331
0.154027
0.716084
-0.436586
-0.436586
-0.436586
-1.20836
-1.20836
-0.650943
-0.96096
-0.804541
-0.804541
-0.804541
-0.354318
0.818197
0.605028
-0.406421
-0.168517
0.018907
-0.4664
0.256761
-0.445863
-0.445863
0.0552882
0.987043
-0.187944
0.615158
0.615158
0.451385
0.320075
0.320075
0.320075
0.783549
0.783549
0.170349
-0.644185
0.35229
0.876341
0.926825
0.881988
0.881988
0.837536
0.323875
1.19421
1.19421
1.73606
1.73861
1.33087
0.491573
1.10004
1.10004
0.314066
1.03246
1.03246
0.537216
-0.117768
0.283847
1.37264
1.57223
1.35906
1.35906
1.35906
0.428504
0.428504
0.428504
-0.130807
-0.105987
-0.265525
-0.755848
0.440117
0.763127
1.16236
1.16236
0.325835
0.101114
0.825488
1.65369
0.848428
0.848428
0.886638
1.15782
1.26611
1.26611
0.374586
1.52016
0.789737
0.238737
0.625394
0.625394
0.625394
0.625394
0.331288
-0.0746108
-0.503769
-0.119941
-0.878309
0.299027
1.22455
0.0548582
-0.15556
-0.564291
-0.786142
-0.786142
-0.786142
-0.786142
-1.04598
-0.0616456
0.134919
0.0405003
-1.02768
-1.15774
-1.15774
-1.15774
-1.15774
-1.15774
-0.844248
-1.25056
-1.25056
-1.25056
-1.1017
-0.65234
-0.917636
-0.917636
-0.38031
-1.02791
-1.2818
-0.686498
-0.334873
0.337582
-0.137795
-1.01114
-0.10632
-0.276884
-0.499023
-0.499023
-0.298174
-0.320557
-0.320557
0.13846
0.323142
0.323142
-0.0510753
0.425512
0.439564
1.48544
0.624222
0.60071
0.60071
0.60071
0.60071
0.60071
0.60071
1.33368
1.14649
1.40512
1.40512
1.66003
0.527148
-0.197555
0.68579
0.77838
0.623609
1.24098
0.667338
1.20504
0.968452
0.833569
0.833569
0.388613
-0.0423789
-0.00215593
-0.516618
-0.779263
-1.28183
-0.882111
-1.05751
-1.05751
-1.05751
-1.17626
-1.17626
-1.04476
-1.04476
-1.04476
-0.901422
-1.19693
-1.19693
-1.25336
-1.25336
-0.611225
0.0169423
-0.420004
-1.18526
-1.18526
-1.18526
-1.18526
-0.949309
-0.958409
-0.958409
-0.958409
-0.450572
0.699534
0.482406
0.45755
0.825958
0.825958
0.540144
0.540144
0.223982
0.689709
0.222365
-0.0834116
0.825447
0.825447
0.825447
0.825447
0.834165
0.446254
0.710512
0.710512
0.12471
0.680031
0.680031
0.206624
0.169377
0.285464
0.940326
0.902649
0.902649
0.902649
0.763682
0.763682
-0.0755307
-0.913897
-0.913897
-0.913897
0.034578
0.79691
1.38538
1.38538
1.12235
1.12235
0.357232
-0.775658
-0.775658
-0.737489
-0.73603
0.0590514
0.966805
0.943538
0.943538
0.00529302
0.281243
-0.246376
-1.22127
-1.22127
-1.21453
-0.877909
-0.599291
-0.599291
-0.704185
-0.850812
-0.850812
-0.352554
-0.267091
-0.612858
0.19084
-0.417108
0.343152
0.319518
-0.704309
0.105935
-0.92067
-0.390611
-0.105184
0.0148471
0.266831
-0.141338
1.04499
-0.132456
0.558931
0.558931
0.558931
0.416902
0.136912
0.180756
-0.596857
0.565674
0.677632
0.366004
0.756218
0.756218
0.933407
0.933407
0.933407
1.38011
1.38011
0.424334
-0.467908
-0.467908
-0.467908
-0.0562551
-1.18115
0.000325061
-1.14963
-0.00968181
-0.397842
0.254616
0.301403
-0.835479
-0.991976
-0.991976
-0.991976
-0.751235
-0.751235
-1.22997
-1.22997
-0.20118
-1.02179
-1.02179
-0.36887
-0.839138
-0.839138
-0.841817
-1.48255
-1.67584
-1.63064
-0.914637
-0.803044
-0.817462
-0.817462
-0.588452
-1.03404
-1.03404
-1.03404
-1.03404
-0.119141
0.715228
1.05014
0.00429606
-1.04225
-0.144889
-0.033304
-0.543083
0.276301
-0.204161
0.620851
1.22091
1.22091
1.22091
1.17474
0.592923
0.592923
0.126603
0.543462
0.543462
-0.223829
-0.756443
0.145073
0.208825
-0.554731
-0.89886
-1.12316
-1.12316
-1.45968
-1.49391
-1.79598
-1.79598
-0.965586
-1.62726
-1.6101
-1.194
-1.194
-1.24518
-0.46512
-0.654261
-0.654261
0.331863
0.77225
0.881466
0.881466
0.881466
0.881466
1.03477
1.46215
1.46215
0.281182
0.353016
0.353016
0.674384
0.674384
0.674384
0.801073
0.801073
0.845011
0.845011
0.0495408
0.236119
0.748986
0.748986
0.748986
1.26933
0.580557
0.722012
-0.313391
0.803264
0.803264
0.533395
0.533395
-0.452024
0.397503
0.397503
0.397503
0.397503
0.397503
0.397503
-0.235095
-0.425158
-0.444996
0.024681
-0.47151
0.507223
0.507223
0.57415
0.766238
0.993308
0.0972337
0.062227
0.872585
0.872585
0.872585
0.667989
-0.156035
-0.977625
-1.16929
-0.612822
-0.516836
-0.136012
0.985156
0.985156
0.0752953
-0.95728
-0.0682796
-0.192178
-0.866696
-0.866696
-0.697221
-0.697221
-0.0941234
-0.219441
-0.540508
0.363755
-0.447114
-1.34879
-1.34879
-1.68654
-0.502727
-1.02823
-0.948741
-1.15419
-1.18046
-1.80625
-1.80625
-1.30117
-1.30117
-1.07529
-0.388548
-0.388548
-0.248598
-0.810549
-0.0974148
0.555027
-0.140311
-1.25877
-1.25177
-0.157442
-0.857618
-0.857618
-0.857618
-0.777412
-0.777412
-0.777412
-0.777412
-0.777412
-0.777412
0.0463089
1.22877
1.22877
1.14666
1.14666
0.776953
0.567935
-0.411258
-0.411258
-0.411258
-1.41679
-1.41679
-0.739356
-0.739356
-0.097733
-0.0614984
0.0762394
0.81727
0.81727
0.896582
0.896582
0.308372
0.394169
1.20373
0.0675071
-0.152723
-1.05579
-0.633895
-1.43664
-0.477886
0.13188
-0.330708
-0.111555
0.00227923
0.243481
-0.357898
0.477545
0.977854
0.743932
0.743932
0.0993332
-0.126766
0.829826
0.947852
0.947852
0.947852
0.947852
0.947852
1.06578
1.06578
1.0496
0.0584357
-0.912933
-0.912933
-0.65117
-0.84501
-0.84501
-0.84501
0.112972
-0.80359
-0.80359
-0.206487
-1.0007
-0.0770802
0.628372
0.628372
0.628372
0.170422
-0.87225
-0.87225
-0.313986
-0.313986
-1.16277
-0.567073
-0.567073
-0.567073
-0.693253
-0.693253
-1.334
-1.20232
-1.96108
-1.96108
-1.96108
-1.44966
-1.16899
-1.16899
-1.16899
-1.16899
-1.16899
-0.972574
-0.972574
-0.728145
-0.728145
-0.543577
-0.03295
1.1229
0.418881
1.10889
0.998234
0.998234
0.998234
0.998234
0.998234
0.467471
0.467471
1.10407
0.579339
-0.0546583
-0.226577
0.00979224
-0.0996464
-0.682064
-0.651293
-0.700295
-0.700295
-0.748171
-0.748171
-1.20054
-1.21701
-0.99275
-0.160151
0.459208
0.459208
-0.542978
-0.542978
0.547413
0.547413
-0.313011
0.519578
-0.0671385
-0.989196
0.191187
0.00577547
-0.347663
-1.00135
-1.00135
-0.635949
-0.00848383
1.09623
1.09623
1.47341
1.47341
0.340092
-0.783739
-1.07766
-1.04305
-1.04305
-0.876703
-0.0802883
1.09848
1.09848
0.92592
0.504248
0.955687
0.88688
0.787101
0.746723
-0.26604
-0.379781
-0.929752
-1.10824
-0.598866
-0.0944687
-0.517551
-0.350491
-1.43657
-0.486018
-1.16685
-0.806788
-0.582916
-1.50834
-1.03633
-1.40485
-1.28816
-0.606317
0.0887463
0.307834
0.307834
0.307834
0.691052
0.691052
-0.374677
-0.374677
-0.74695
0.382966
0.54297
0.980478
0.575873
-0.0619283
-0.962297
-0.962297
-0.962297
-0.962297
-0.962297
-0.731924
-0.731924
-0.731924
-0.731924
-0.731924
0.309878
-0.213715
-1.20917
-0.278835
-0.812105
0.1062
0.642641
0.183503
0.275282
0.565337
0.192879
0.488391
1.23747
0.453147
0.353126
-0.685699
-0.685699
-1.33352
-0.548746
-0.819494
-0.819494
-0.747193
-0.747193
-0.747193
-0.747193
-0.028178
1.05614
1.05614
0.890849
0.196608
0.107747
0.107747
-0.656852
-0.656852
0.412964
0.00370764
0.0600217
0.827891
0.9365
0.9365
0.9365
0.9365
0.9365
0.0329849
0.88389
0.88389
0.244744
-0.312519
-1.02539
-1.02539
-0.28912
-0.466925
-0.35171
0.489596
-0.191295
-0.963835
-0.0817299
-0.396155
-0.86618
-0.349855
-0.749094
-0.749094
-0.451071
0.680943
0.680943
0.680943
-0.0790465
0.029774
1.13461
0.833813
0.308098
-0.16354
-0.884737
-0.884737
-1.04711
-1.29145
-1.29145
-0.823749
0.325672
-0.775894
-0.96198
-0.979341
0.0149237
0.811734
0.685598
-0.162017
0.308476
0.773621
0.39024
1.08255
0.761471
0.832674
0.971473
1.18061
0.383072
0.635483
0.635483
-0.097646
-0.097646
-0.464908
0.230608
0.0367073
0.582663
1.20059
0.915115
0.647722
0.710913
0.710913
0.864985
0.864985
0.864985
0.967437
0.967437
0.967437
0.473644
-0.167143
0.973015
1.17946
0.402355
0.0416777
1.01194
0.318524
0.318524
1.15581
1.45822
0.928592
0.928592
0.4966
-0.34475
-1.35115
-1.35115
-1.35115
-1.35115
-0.208094
-0.652154
-0.652154
0.513607
-0.0243709
0.385489
0.293962
-0.462595
0.184088
1.25228
0.300839
-0.145538
-0.195648
0.99002
0.99002
0.135
0.843046
0.929772
0.929772
1.0086
1.1844
0.843311
-0.243254
-0.275424
0.91689
1.37833
0.527298
-0.454463
-1.56254
-1.61137
-0.679077
-0.679077
-0.679077
-0.174254
-0.591617
0.509423
0.509423
1.35231
1.35231
1.35231
1.35231
1.28952
1.15057
1.15057
1.05704
1.36781
1.13348
1.13348
1.13348
0.548332
-0.582245
-0.582245
-0.518914
0.576165
0.576165
0.93358
0.35104
1.18582
1.18582
1.19817
0.898621
0.898621
1.22719
1.22719
1.22719
1.22719
1.22719
0.0865895
-0.682448
-0.729033
-0.729033
-0.588502
0.373264
-0.718315
-1.01261
-0.253283
-1.18235
-1.0597
0.138887
0.194768
-0.299086
-0.847987
0.176326
0.872713
0.872713
0.872713
0.876259
0.876259
0.876259
0.876259
0.854823
1.33906
1.07023
1.07023
1.07023
0.397021
0.591405
0.591405
-0.142483
-0.418672
-0.418672
0.038243
1.17315
1.17315
1.17315
1.17315
0.0737982
-1.11494
-0.221954
-0.198108
-0.0792011
-1.02302
-1.41946
-1.41946
-1.41946
-1.12975
-1.18745
-1.52423
-0.914
-0.914
-0.914
-0.628988
-1.33775
-0.499099
-0.0936743
0.239679
1.30598
0.893263
0.893263
1.2252
1.2252
1.2252
1.2252
0.316806
0.595075
0.431442
0.518462
0.701749
0.929136
0.929136
0.929136
0.929136
0.10415
-0.865531
-0.543292
-0.543292
-0.543292
-0.989793
-0.425997
-0.979742
0.0545449
-0.467163
-0.846432
-1.42721
-0.607962
-1.09263
-0.102815
-0.541147
0.203592
0.807413
-0.32951
0.37343
0.37343
1.23659
1.23659
0.553519
1.11609
0.882859
-0.138202
-0.194431
-0.352746
0.436831
0.617802
-0.479999
-0.673446
-0.673446
-0.673446
-1.44582
-2.10838
-2.10838
-2.17281
-2.17281
-1.4376
-1.0073
-0.743928
-1.46044
-0.638347
-0.875921
-0.875921
-1.68485
-1.68485
-1.23495
-0.482897
0.15221
1.23236
0.117119
0.952258
-0.235816
0.431323
-0.257251
0.654214
1.27121
2.25573
2.25573
2.25573
1.33329
0.93866
-0.200446
0.490122
0.938319
0.938319
0.938319
0.678243
0.721614
0.721614
-0.348379
-0.239967
-0.882171
-0.832206
-0.0222939
0.975091
0.026921
-0.0882173
-1.08256
0.0883214
-0.355867
-1.43576
-1.38312
-1.38312
-1.60938
-1.60938
-1.55671
-1.55671
-1.55671
-1.4637
-1.4637
-0.702998
-0.702998
-0.226533
0.356939
0.356939
1.21203
1.21203
1.21203
1.21203
1.53835
0.479554
-0.451896
0.542688
-0.527446
-0.527446
-0.684394
0.119165
-1.00224
-1.00224
-1.00224
-0.848837
-0.44907
-0.979139
-0.108045
0.851683
-0.332313
0.860101
0.860101
1.34916
0.243946
0.755329
0.399873
0.52899
-0.408639
0.790261
0.649313
0.703386
0.15823
1.13541
0.137244
-0.993253
-0.687864
-1.60418
-1.60418
-0.543413
-0.499846
0.200682
0.176507
-0.665767
-0.15689
0.4801
0.220752
0.588342
0.588342
0.0559144
0.684926
0.684926
0.352242
0.844816
1.21475
1.21475
1.21475
1.21475
0.803528
0.803528
0.599955
1.38672
0.998652
0.0322504
1.11624
0.975257
0.975257
0.736323
0.0898547
-0.410432
0.190495
0.0224485
-0.330187
-0.25476
-0.0303956
0.361507
-0.35705
-1.23456
-1.23456
-0.133064
-1.10952
-0.694808
-0.694808
-0.380812
0.288835
1.38263
1.38263
0.571334
0.384268
0.239911
0.28613
0.507829
-0.265648
0.384447
0.989535
0.303915
-0.438601
-0.438601
0.251476
0.541237
0.297575
0.630426
0.152011
-0.142856
-0.400099
0.00153447
1.08193
1.08193
1.08193
0.27855
-0.447954
0.201241
1.04662
1.04662
1.1289
0.13704
0.413835
0.375649
0.343704
0.363972
0.283634
0.48746
-0.0510995
-0.735431
-1.14502
-0.389192
0.474418
0.887629
0.887629
1.62667
0.965815
0.965815
0.576243
-0.137492
-0.755882
-0.755882
-1.22316
-1.67637
-1.67637
-1.67637
-1.67637
-1.58625
-1.58625
-1.68957
-1.71821
-1.46975
-0.53054
0.469744
-0.57744
-0.674963
-1.58177
-1.33753
-0.708771
-0.980429
-1.31568
-0.860347
-0.387114
-0.998407
0.0997367
0.481544
0.661586
-0.374547
-0.862615
-0.294119
-0.294119
-0.810426
-0.810426
-0.810426
-0.810426
-0.275568
0.324855
0.14853
-0.524544
-1.14254
-0.667312
-0.759437
-0.56003
-0.904519
-0.498873
-0.52839
-0.657925
-0.635273
-1.43869
-1.43869
-0.839977
-0.839977
-0.839977
-0.559405
-0.153494
-1.24123
-1.24123
-1.24849
-1.24849
-1.24849
-0.58678
-0.499123
-0.794336
-0.794336
-0.141955
0.849836
0.756037
0.213057
0.399824
-0.245188
0.78202
1.34255
0.665493
0.665493
0.665493
0.665493
0.260414
0.474416
-0.715951
-0.715951
0.125925
-0.169611
-1.15902
-1.10512
-0.9789
-0.9789
-1.31527
-0.585534
0.520677
1.44604
1.19727
1.19727
1.19727
0.851342
0.930785
1.30476
1.30476
0.79612
0.79612
1.77877
1.77877
1.83733
1.83733
2.02147
0.994714
-0.123286
1.06834
1.06834
0.313905
0.591136
0.591136
0.0909301
0.34613
1.0473
1.36376
1.36376
1.09844
1.09844
0.562683
-0.392336
-0.652602
-0.300814
-0.194657
0.534868
-0.594001
-0.165835
-0.994798
-1.42924
-1.42924
-0.863073
-0.863073
-0.863073
-0.863073
-1.19226
-1.19226
-0.949892
0.0709109
0.806521
0.341701
0.658651
0.853384
0.247008
0.145388
0.869486
0.869486
1.25257
1.25257
0.772691
0.772691
0.772691
0.739436
0.562882
0.562882
1.68564
1.68564
0.887341
0.110814
0.536226
1.34419
0.864657
0.864657
0.714738
0.725831
0.725831
0.867227
0.867227
0.867227
0.984024
0.984024
0.984024
0.984024
-0.208411
0.0432695
0.362913
0.492266
0.476721
1.22038
1.38051
0.444584
0.044745
-0.536385
-1.11337
-1.64371
-1.49061
-0.965256
-0.965256
-0.965256
-0.965256
-0.0801877
-0.927943
-0.927943
-0.148604
-0.7793
-0.7793
-1.56296
-1.56296
-0.973166
-0.973166
-0.973166
-1.63116
-1.51635
-1.51635
-0.548906
0.118883
-0.409954
-0.409954
-0.868452
-0.868452
-0.773907
-1.36514
-1.26425
-1.33607
-1.49387
-1.1282
-1.1282
-1.12286
-1.12286
-0.312473
-0.83422
-0.83422
0.10175
1.14376
0.681891
0.75085
0.464897
0.699411
1.7463
1.10247
1.10247
1.10247
0.158224
-0.675293
0.374122
1.23515
1.23515
0.400187
-0.172923
-0.915875
0.11108
0.695429
-0.0927402
1.06523
1.38395
1.38395
1.38395
0.695081
0.454391
1.25039
0.606934
0.606934
0.84707
0.84707
1.00897
1.00897
1.00897
0.372226
-0.740768
-0.740768
-1.07954
0.0621407
1.1508
1.41942
1.66667
1.66667
0.67113
0.667802
0.524072
0.524072
-0.590969
-0.271157
0.404441
1.04141
0.727165
0.502301
0.253513
1.19615
0.354912
1.01561
0.842446
1.18864
1.18864
0.221962
-0.312598
-1.23075
-0.703063
-0.703063
-0.703063
-1.35884
-0.219291
-0.285104
0.67014
0.571331
0.571331
0.878383
0.878383
0.878383
0.892468
0.892468
0.892468
0.892468
1.16976
0.536598
1.01012
0.883812
1.59348
1.59348
1.38711
1.38711
0.305873
-0.540227
-1.08697
-0.0436369
1.05487
1.05487
-0.0164727
-0.685457
-0.685457
-0.604667
-1.00933
-1.00933
-1.00933
-1.00933
-0.698635
-0.441063
-0.715899
-0.715899
-0.715899
-0.715899
-0.445275
-0.445275
-0.392287
-0.877155
-0.877155
-0.368495
0.232938
-0.514198
-0.514198
-0.223472
-0.672176
-1.03074
-0.0884001
-0.883952
-0.0725105
-0.0704876
-0.912442
-0.117098
-0.853148
-1.21818
-1.21818
-1.21818
-0.533792
-0.133752
0.352805
0.352805
0.296399
0.595789
0.479169
1.06615
1.33444
0.561194
0.561194
0.0782802
-0.807384
0.0532669
0.215491
1.00995
1.00995
1.00995
1.00995
0.999509
0.999509
0.700173
0.700173
0.136335
0.7408
0.365802
-0.273897
-0.619364
-0.619364
-0.619364
-0.678009
-0.963994
-0.287336
-0.35971
-0.707957
-0.707957
0.34474
0.34474
-0.8208
-0.8208
-0.8208
-0.3929
-0.167404
0.77803
0.354258
-0.350227
0.55851
0.55851
-0.50756
-1.6227
-1.6227
-1.6227
-0.74804
-1.08216
-0.153258
-0.134348
-0.0703355
0.0937614
-0.635559
-0.826633
0.0497857
-0.640669
-0.17329
-0.856435
-0.856435
-1.28723
-0.602345
-0.602345
-1.03444
-0.446826
0.0925267
0.618345
0.664186
0.664186
0.374684
-0.164607
-0.155679
-0.665872
-0.0216422
1.08181
1.08181
1.08181
1.08181
1.53959
1.07686
0.352048
-0.740805
-0.740805
-0.740805
-0.0596583
-0.0596583
1.12483
0.48106
1.50413
0.31848
-0.7932
-0.24128
-0.380124
-0.63419
-0.63419
-0.735464
0.00251567
0.438681
1.49164
1.49164
1.49164
0.754272
1.51392
1.51392
1.36626
1.36626
1.20783
1.20783
1.20783
0.427095
0.205582
0.611444
0.611444
1.33781
1.33781
1.33781
0.146758
1.19882
0.844046
1.65431
1.15337
0.117303
0.488096
0.984886
1.3984
0.225346
0.0819288
1.16462
0.168202
0.781797
0.781797
-0.275414
0.336732
-0.646425
-0.926403
-0.926403
-0.926403
0.112683
-0.261928
0.281782
-0.749996
-0.817719
-0.817719
-0.855086
-0.855086
-0.239482
0.178052
1.23318
0.145356
-0.55581
0.223311
1.12094
0.270843
0.661812
0.218815
1.08433
0.455306
-0.669286
0.0979181
1.03172
1.03172
0.81609
0.24835
0.24835
0.521859
0.728782
1.5153
1.52852
1.52852
0.945
0.945
1.4944
0.869986
-0.324762
-0.324762
0.165732
0.539612
-0.495754
-0.495754
0.319571
0.167921
-0.179955
-1.29587
-0.868161
-0.868161
-0.531265
-0.531265
-0.527907
-0.527907
-0.527907
-0.31655
-1.32557
-0.189659
-0.189659
-0.944357
-0.944357
-0.253308
0.13562
1.29236
0.634813
0.982857
0.148648
-0.441413
-0.441413
-0.10375
-0.603398
0.331446
0.752926
0.0369303
0.134357
0.429733
-0.0951908
0.633555
0.633555
0.987437
-0.00392574
-0.586802
-0.903598
-0.903598
-1.0651
-1.0651
0.117635
-0.799671
-0.133195
-0.663653
-0.146009
-0.146009
0.363328
0.551609
0.551609
-0.281297
0.66935
-0.301677
-0.88561
-1.01348
-1.23046
-1.23046
-0.436655
-0.436655
-0.151469
0.955496
0.201068
0.0596847
0.264655
0.944001
0.944001
1.20806
0.703786
-0.413802
-0.413802
-1.23853
-1.25807
-1.25807
-0.633151
-0.967505
0.0268402
0.300928
0.687609
0.687609
0.970533
0.970533
0.675457
-0.245781
0.764072
0.764072
0.0606337
-0.364544
-0.364544
0.350673
0.350673
-0.481509
-0.481509
-1.01281
-1.01281
-0.542634
-0.542634
-0.740864
0.280663
1.23857
0.47846
-0.67926
-0.67926
0.089246
0.307817
0.177503
-0.174414
0.946945
0.946945
-0.231634
0.777386
0.838543
0.950622
0.950622
0.723949
0.723949
1.08591
0.175607
0.985772
0.985772
0.985772
0.985772
0.37746
0.529648
-0.56275
-0.597997
-0.597997
-0.235929
-0.291532
-1.35731
-1.35731
-0.724937
-0.724937
0.273924
1.15609
1.15609
0.576472
-0.623238
-0.594575
0.379056
0.321962
0.321962
0.94106
0.979889
0.0135564
0.85001
0.39936
-0.0104568
1.15667
-0.016832
0.89001
0.545836
0.545836
0.969964
0.969964
0.249705
0.598971
0.598971
0.553538
-0.110636
-1.03337
-0.420957
0.131996
0.0560203
0.727829
0.727829
0.143926
1.18967
1.18967
1.18967
1.18967
1.18967
0.466212
-0.515647
-0.599637
0.389897
-0.461774
-0.461774
-0.461774
-0.652235
-0.700018
-1.19134
-1.19134
-1.19134
-0.281499
-0.0319194
0.148814
0.0282015
1.01464
1.2701
0.572904
-0.528708
-0.404876
-1.17436
-1.17436
-1.0794
0.0959934
-0.928571
-0.599728
-1.26906
-1.26906
-0.875877
-0.904097
-1.01216
-1.01216
-1.01216
-0.575227
-0.42632
0.192595
-0.840116
-0.477045
-0.535756
-0.535756
-0.44998
-1.02468
-1.02468
0.0636951
0.967837
0.710306
-0.182162
-1.11906
-1.03152
-1.3225
-0.12444
-1.29697
-1.29697
-1.29697
-1.27822
-1.27822
-1.27822
-0.393871
-1.40767
-1.28351
-0.819317
-0.819317
-0.819317
-0.819317
-0.28668
-0.956084
-0.956084
-0.687151
-0.75546
-0.504607
-0.504607
-0.410856
-0.255418
0.487911
0.759431
0.759431
0.759431
0.0273182
-0.338665
0.272765
-0.17657
-0.68386
-1.1234
-0.881988
-0.881988
-0.881988
-0.881988
-0.881988
-0.881988
-0.98132
-0.98132
-0.98132
-0.98132
-0.98132
-0.98132
-0.262606
-0.780915
-1.05025
-1.05025
-0.0692774
0.0484141
0.0484141
0.126969
-0.0996474
-0.525307
-0.525307
-0.525307
-0.901875
-0.901875
0.286076
1.21413
1.41435
1.16671
1.0618
0.0862236
1.21345
1.13594
0.752597
0.14491
-0.246844
-0.174055
-1.35065
-1.35065
-0.42227
-0.313489
-0.605707
-0.605707
-0.605707
0.158012
0.887246
0.828218
0.828218
0.828218
0.828218
0.828218
1.4044
0.673544
0.00721425
0.289634
1.46471
1.47925
1.47925
0.423408
-0.693247
-0.693247
-1.44075
-1.44075
-1.44075
-1.44075
-1.24157
-0.521488
0.0594283
-0.457993
-0.457993
0.433486
0.948396
0.948396
0.948396
0.948396
0.887252
0.887252
1.43748
1.43748
0.845028
-0.103259
0.340342
0.134992
-0.0758995
0.771507
0.771507
0.771507
0.771507
0.771507
0.138647
-0.853253
-0.853253
-0.853253
-0.483457
-0.0891942
0.803595
0.589121
0.513889
1.24249
1.24249
1.24024
0.189109
-0.274048
-0.276895
-0.817886
-0.817886
0.0845097
0.225355
1.01143
1.01143
-0.0998565
0.0687923
-0.59024
0.476971
0.0728891
-0.970678
-0.762115
0.158959
0.0390607
-1.06363
-0.119664
0.970115
0.970115
0.834104
0.491953
0.385843
-0.646695
-0.823576
-0.823576
-0.823576
-0.885653
-0.885653
-0.885653
-0.885653
-0.360991
-1.14875
-1.14875
-1.29432
-0.632763
-1.04278
-0.0967023
0.558333
0.644959
-0.0732704
-1.01711
-1.01711
-0.338677
0.189529
-0.655647
0.309054
0.309054
-0.124181
-0.258341
-0.277371
0.47705
-0.49245
-0.49245
-0.00535438
0.643399
0.96673
0.96673
1.42407
1.42407
1.42407
0.324408
-0.308534
-0.782558
-0.421083
0.429371
0.611866
1.04238
0.39918
0.499459
0.506312
0.322759
-0.375733
-1.09099
-0.898984
-0.898984
0.00969998
-0.988176
-0.511444
-0.19854
0.849173
0.849173
0.849173
0.849173
0.175373
-0.94473
-0.744122
-0.744122
-1.07105
-1.07105
-0.044059
0.61659
1.13708
1.13708
0.547648
0.94888
0.657635
0.657635
0.54271
0.54271
-0.342418
0.205291
-0.730733
0.463982
-0.303847
-0.813256
0.287136
1.15209
0.256855
0.447924
-0.035118
0.684825
0.432097
0.839918
0.839918
0.703615
0.560452
0.268877
0.268877
-0.490238
-0.439318
-0.850819
-0.538916
-0.538916
-0.497887
-0.497887
0.427147
1.06337
0.742398
-0.0349114
0.74986
0.563191
-0.547571
0.435204
0.14631
-0.768884
-0.442667
-0.167728
-0.416057
-0.982253
-0.982253
-0.28439
-0.784328
-0.0120967
-0.379279
0.786248
0.701106
0.763677
0.667529
0.894126
0.472451
1.23491
0.567733
-0.61715
-0.61715
-0.0795137
0.640786
1.36974
1.36974
0.947791
1.50449
1.50449
1.50449
1.89529
1.50014
1.50632
0.711733
-0.455404
0.62729
0.764609
1.21035
0.595814
1.27096
1.27096
1.34002
1.34002
1.34002
1.34002
1.55681
1.42937
0.30218
-0.367946
-0.367946
-1.08248
-1.19194
-0.388381
-0.00854058
1.09969
1.03341
0.595181
1.35574
1.35574
1.35574
1.35574
0.214663
0.0918044
0.126805
0.962695
0.312656
0.516393
1.16207
1.16207
1.16207
1.16207
0.474473
0.474473
0.0431778
0.385731
0.00903584
-0.90127
0.0738407
-0.90177
-1.05992
-1.05992
-1.05992
-1.05992
-1.05992
-1.05992
-1.05992
-0.882956
-1.00407
-0.67672
-0.287193
-0.287193
-0.627198
-0.627198
-0.627198
-1.33046
-1.58068
-1.16266
-1.09549
-1.09549
-0.0927978
0.658614
1.0475
1.0475
1.03553
1.03553
0.154522
-0.270975
-0.120736
0.562018
-0.246835
-0.939274
-1.02916
-1.23107
-0.792213
-0.883105
-0.883105
-0.871592
-0.871592
-0.871592
-0.871592
-1.43395
-1.18181
-0.59258
-1.1548
-1.1548
-1.1548
-0.0291129
0.835347
-0.226822
-1.25459
-1.25459
-0.471399
-0.829288
-0.829288
-0.829288
-0.829288
-0.829288
-0.140766
-0.189357
0.314663
-0.155357
-0.153178
-0.696936
0.249217
0.860483
0.860483
0.574372
0.114774
-0.943875
-0.104843
0.190539
0.546854
-0.0137255
0.73014
-0.35718
-0.532975
-0.532975
-0.532975
0.644734
-0.36724
0.563378
-0.0900583
0.947013
0.803947
0.803947
0.969073
-0.0965922
-1.16226
-0.525272
-0.525272
-0.525272
-0.395383
0.164367
0.969234
0.969234
0.905671
0.905671
0.905671
0.905671
0.486037
0.461589
-0.547824
-0.301851
-0.471282
0.353917
1.32289
0.578353
-0.344009
-0.714029
-0.714029
-0.714029
-1.3425
-0.549823
-0.438603
-0.558918
-0.558918
-1.09669
-1.07979
-1.41886
-1.41886
-1.09586
-1.09586
-1.57646
-1.57646
-1.57646
-0.997773
-1.07191
-1.33819
-1.33819
-1.33819
-1.33819
-1.33819
-1.00715
-1.00715
-1.00715
-0.189721
-0.345524
0.668449
0.955497
0.862061
-0.248552
0.679785
-0.110368
0.546174
1.23842
0.238784
-0.953424
-0.953424
-0.487694
-0.0215939
0.834554
0.931852
0.931852
0.802351
0.802351
0.802351
-0.277679
0.531699
-0.656308
-1.25077
-1.02834
0.161231
0.920402
0.24549
0.864619
0.864619
1.37194
0.523851
0.0371188
0.658139
0.847915
0.815922
0.815922
0.815922
0.895063
-0.081299
0.799106
0.133786
0.133786
1.24146
1.15652
1.15652
0.709255
-0.133968
0.616485
0.962725
0.872925
0.0192419
-0.851236
-0.438875
-0.372965
-0.190374
-0.610099
-0.610099
-0.630837
-0.630837
-0.824375
-0.824375
-0.544332
-1.16248
-0.93465
-0.93465
-0.839891
-0.473924
0.156584
0.887351
0.409101
1.14988
1.14988
1.14988
1.14988
0.554125
0.243985
-0.366209
-0.767383
-0.464952
0.370515
0.370515
0.114191
0.721388
-0.276916
-1.22071
-0.786455
-0.179246
-0.155962
-1.02968
-1.02968
-0.558796
0.417153
1.01471
1.27679
0.0930925
1.26591
1.26591
0.383749
1.33361
1.33361
1.33361
1.33361
1.24539
0.252235
1.24709
0.457281
1.1506
1.1506
0.166777
1.01064
0.577745
0.642472
0.829451
0.909993
0.909993
0.909993
0.196014
0.320021
0.401816
0.546887
-0.484346
-0.156877
-0.282296
-1.19459
-1.19459
-0.721329
-1.54733
-1.01372
-1.40031
-1.2048
-1.2048
-1.2048
-1.16129
-1.16129
-0.536554
-1.47647
-1.47647
-0.295979
0.557914
1.18708
1.57766
0.702231
0.702231
0.702231
0.0221788
-0.196719
0.750287
0.750287
0.997244
0.997244
-0.185502
-0.725107
-0.426484
0.713894
1.11117
1.11117
1.11117
1.11117
1.11117
0.418118
-0.407795
-0.407795
-0.416957
-0.416957
-0.360333
0.792113
0.292574
0.146295
0.146295
0.303558
0.697916
0.228315
-0.341874
-0.891025
-0.938243
-0.956605
-0.572037
-1.54181
-1.54181
-1.02139
-1.21381
-0.701104
-0.701104
-0.584999
-0.584999
0.120146
1.08161
0.611704
0.611704
0.611704
0.0847784
-0.803292
-0.19027
0.989274
0.949047
1.21562
1.21562
1.17705
1.17705
0.294295
0.294295
0.177317
-0.371741
0.580734
1.60987
0.80163
0.80163
-0.338189
-0.846298
-1.073
-0.242046
-0.326728
-0.043361
-0.742804
-0.895274
-0.693199
-0.0568652
0.415398
0.582117
-0.00247407
-0.192168
0.757089
0.893316
-0.305801
-0.1572
-0.77155
-1.03632
-1.03632
-1.15862
-1.15862
-0.580888
-0.0522531
0.404388
0.554618
0.554618
-0.127288
0.958524
-0.180047
-0.653763
0.232867
-0.231151
-0.0790156
1.04279
0.0108158
0.97089
-0.0696181
-1.12702
-0.86488
-0.46323
-0.803078
-0.803078
-0.803078
-0.803078
-0.803078
-0.803078
-0.803078
0.365857
-0.116445
0.253817
-0.761951
-0.761951
-0.761951
0.0585075
0.483823
0.483823
0.483823
0.0710276
0.472415
0.472415
0.177405
0.987663
0.571382
0.438738
0.179665
-0.342327
0.163971
-0.818787
-0.818787
-0.818787
-0.818787
-0.902646
-1.91155
-1.43699
-1.43699
-0.523328
-0.133706
0.813527
0.813527
0.813527
0.368078
0.368078
0.368078
0.294867
-0.841727
-0.836543
-1.12148
-1.28638
-1.28638
-1.28638
-1.19754
-1.19754
-1.11301
-0.745638
-0.745638
-0.745638
-0.745638
-0.927038
-0.927038
-0.927038
-1.27023
-0.782747
-0.967446
-0.678912
0.148256
-0.304234
-0.308294
-0.308294
-0.807343
-0.807343
-0.583832
-0.678236
-0.678236
-0.268271
0.046843
0.367291
1.04161
0.284509
0.471483
0.471483
-0.399289
-0.399289
-0.0590443
0.0349803
0.30001
-0.765089
-1.9204
-1.9204
-0.897708
-0.897708
-0.897708
0.102791
-0.393137
-0.796772
-0.796772
-0.685031
-0.685031
-0.685946
-0.0172988
0.72263
0.961915
0.474137
-0.706163
0.00158358
-0.722927
-0.722927
-0.722927
-0.97491
-0.97491
-0.97491
-1.35254
-1.35254
-1.35254
-0.557043
-0.607428
-0.607428
-0.607428
0.365657
0.616444
0.295745
1.24515
1.24515
0.199216
-0.335413
0.476626
1.42588
1.42588
0.662175
1.13986
1.13056
0.386902
-0.160065
-0.0875042
-0.211888
-0.768656
-0.768656
-0.768656
-0.172578
0.820506
0.820506
1.3699
1.35629
1.46206
1.52092
1.52092
0.692602
0.692602
0.416087
0.13493
-0.551516
-0.117669
-0.953358
0.0720372
0.905201
0.905201
0.905201
0.905201
0.674005
0.674005
-0.38219
0.056553
1.008
1.008
0.683122
0.683122
0.541513
0.541513
0.00171746
-1.04633
-0.714629
-0.556348
-0.833239
-1.46434
-1.46434
-0.728558
-0.740799
-0.740799
-1.27498
-1.27498
-0.24562
-0.935641
-0.935641
-0.935641
0.170629
-0.903538
-1.05134
-0.429739
-0.220038
-1.22255
-1.20041
-0.711939
0.208413
-0.721561
0.0549751
-0.293253
-0.230779
-0.260502
-0.720417
-0.720417
-0.720417
-1.39683
-1.04938
-1.04938
-0.74814
-0.74814
-1.27053
-0.134414
-1.31541
-1.31541
-0.134828
0.424114
0.921062
1.43065
0.606088
-0.157312
-0.620724
-0.646849
0.0781652
0.44517
1.36846
1.12229
1.09153
1.31565
1.54562
1.54562
1.77136
1.77136
1.77136
0.774356
0.317078
-0.829273
-0.829273
-0.336271
-0.0203995
0.806005
0.227388
0.603553
-0.338997
-0.338997
-0.643356
0.380713
0.813147
0.471038
0.471038
0.157173
-0.98981
-0.256482
-0.256482
-0.679859
-0.679859
-0.65247
-0.384472
0.31596
0.827365
0.827365
0.827365
0.827365
0.827365
0.827365
-0.352445
-0.513355
0.165896
-0.478934
-1.34861
-1.30085
-0.166248
-0.695479
0.0803263
-1.06667
-1.06667
-0.433336
-0.284541
0.672643
0.0226962
0.453937
1.41078
1.41078
1.45285
1.43581
1.14977
1.14977
1.19726
1.05477
0.871917
0.871917
0.871917
0.871917
1.10678
1.10678
0.855733
0.384768
0.820324
0.820324
0.822305
-0.278216
0.857664
0.52092
0.745743
0.745743
0.745743
0.745743
0.967888
0.569184
-0.559689
-0.149405
-0.276645
-0.418539
-1.29391
-0.371476
0.786274
-0.116314
-0.246156
-0.336185
0.527919
0.527919
-0.523317
-0.250257
-0.766908
-0.766908
-0.458102
0.689371
-0.459401
-0.459401
-0.459401
0.273275
0.324299
-0.649076
-0.0502318
-1.11156
-1.08186
-1.08186
-1.08186
-1.08186
-1.08186
-1.08186
-1.08186
-1.08186
0.0671034
-0.854495
-0.202553
-0.247107
-0.247107
-0.249505
0.0303738
-0.171706
-1.30637
-1.30637
-0.737356
-0.539458
-1.28122
-1.77153
-1.35148
-0.871735
-0.840731
-0.505085
-0.803037
-0.803037
-0.700314
0.340854
-0.237884
-0.204981
0.707828
1.01615
1.01615
1.50668
1.50668
1.55994
1.50217
1.50217
1.50217
0.455945
0.455945
-0.26028
0.127867
0.552318
0.313796
1.34094
0.677834
-0.0537032
-1.2181
-0.135579
0.87972
0.0291312
-0.0469876
0.786301
1.1337
0.0242925
-1.1189
-1.1189
-0.500804
-1.47769
-1.12153
-1.12153
-1.06495
-0.0966792
-0.26858
0.176082
-0.141537
-0.387562
-1.14265
-1.14265
-0.551051
-1.32251
-0.435138
0.192693
1.02971
1.02971
0.30072
-0.535759
-0.535759
0.55532
-0.163396
0.544177
-0.566856
-0.946764
0.0473529
0.427229
1.34193
1.6122
0.872171
0.565447
-0.143267
0.295573
1.17656
1.70426
1.70426
1.70426
1.70426
1.70426
0.541962
-0.446972
0.224481
0.358103
0.844329
-0.265042
-1.22841
-0.972184
-0.594504
-0.60721
-0.631524
-0.159042
0.663496
-0.171617
-0.834397
-0.173504
-0.027882
-0.558427
-0.161834
0.400495
0.501328
0.0460857
0.492082
0.0444213
0.342381
0.294448
0.565496
1.73362
0.674362
0.879144
0.336701
-0.849351
-0.849351
-0.00694491
1.11678
1.11678
1.70441
1.70441
1.70441
1.70441
1.70441
1.70441
1.70441
1.70441
1.70441
1.47868
0.335151
0.358585
0.358585
-0.678162
-0.678162
-0.447709
-0.52194
0.197215
0.861785
0.861785
0.861785
0.89654
0.89654
0.675508
0.675508
0.675508
0.675508
0.188001
0.305689
1.09505
0.800792
0.800792
0.800792
-0.0870353
0.0303488
-1.07261
0.00449985
0.132915
0.468453
-0.548168
-0.548168
0.273665
0.111072
-0.0337191
0.390001
0.390001
0.0522117
0.629198
0.629198
0.323717
0.227774
0.207006
0.119873
-0.70206
-0.924052
-0.467237
-1.0079
-0.507257
-0.507257
0.5314
0.512003
0.539715
0.539715
0.539715
-0.168117
-0.654148
-0.772687
-0.511563
0.504594
0.071682
0.513428
0.65089
0.777335
0.777335
0.924498
0.205726
0.205726
-0.991378
-1.01343
-1.01343
-0.790586
-1.16179
-1.16179
-0.460589
-0.344445
0.158852
-0.745404
-0.271811
-1.0784
-1.0784
-1.0784
-1.0784
-0.990608
-0.511973
-0.785421
-0.785421
-0.351718
0.557933
0.557933
0.557933
0.557933
0.767853
0.759868
0.800172
0.800172
0.800172
0.800172
0.777606
1.03764
1.03764
1.03764
1.24411
0.225268
0.225268
-0.341478
0.391049
-0.469078
-0.496269
-0.496269
0.416251
1.00743
0.100178
-0.65293
-0.65293
-0.65293
0.466663
-0.188246
-0.710975
-0.255266
0.063994
0.0460973
1.11255
0.771651
1.21556
1.12636
1.12636
0.733206
-0.0941941
0.211864
0.0685055
0.304291
0.304291
-0.406017
0.00694653
-0.64557
0.0103687
-0.385609
-1.05507
-0.361029
-0.560052
-0.621331
-0.621331
-0.0980531
0.912514
0.0296355
-0.634711
-0.613304
-0.31801
0.681767
0.533316
-0.348604
-0.576536
-0.576536
0.392313
-0.512597
0.450943
1.02526
0.842054
-0.191253
-1.09515
-0.750972
-0.796497
0.0795274
0.319344
0.319344
0.136156
0.136156
0.333748
1.33845
1.33845
0.999263
0.0643844
-0.300858
-0.03913
0.627605
1.3746
0.258687
-0.152965
1.03239
0.261014
0.267983
1.16243
0.936607
1.60413
1.61118
0.815333
-0.210831
-0.629129
0.454861
0.454861
0.248782
1.22568
1.22568
1.22568
0.352634
0.921074
0.815348
0.979796
0.553928
0.553928
-0.577466
-0.577466
-0.834503
-0.918062
-0.918062
0.000242798
0.403591
1.0227
0.699554
0.699554
1.06503
0.59663
0.322433
1.21212
1.21212
0.548304
-0.472144
0.248178
0.699764
-0.0595956
-0.319722
0.809719
0.809719
0.809719
0.809719
1.4879
1.34211
1.16728
1.36606
1.36606
1.04064
0.713052
0.621412
0.621412
0.621412
1.21237
1.21237
0.373865
0.892016
0.892016
0.892016
0.892016
1.03482
0.551095
0.882734
-0.0197699
0.019116
0.619757
0.312912
0.399847
0.399847
0.822737
0.822737
0.576722
0.214134
1.23571
1.23571
0.598499
-0.410179
-1.19649
-1.19649
-0.991005
-0.991005
-0.991005
-0.85168
-0.85168
-0.85168
-1.63122
-1.23507
-0.565068
0.332772
0.0539151
-0.278239
-1.18558
-1.18558
-1.18558
-0.396095
-0.396095
0.511377
-0.552127
-0.22875
-0.747593
-0.65374
-1.09153
-1.09153
-0.103611
-0.751929
-0.387985
-0.959733
-1.20438
-1.20438
-0.950219
-0.87206
-0.343819
-0.194773
0.591091
0.494133
0.209775
-0.354455
-0.354455
-1.1376
-0.38816
-0.958942
-0.908434
-0.908434
-0.908434
-1.38632
-1.44145
-1.81401
-1.72405
-1.83747
-1.83747
-1.60383
-1.60383
-1.60383
-0.949301
-0.949301
-0.949301
-1.22308
-0.680621
-0.510255
0.0843517
-0.256437
0.23769
0.440293
0.165676
-0.0384802
-0.424735
0.465931
0.465931
0.38064
-0.403428
0.189464
1.15773
0.455358
0.891677
0.891677
-0.269209
-0.628822
-0.517201
-0.517201
-0.816097
-1.14264
-0.787355
0.411331
1.02591
0.434981
-0.296146
-0.0045981
-0.259642
-1.2021
-1.2021
-1.2021
-0.544384
0.187971
0.207448
0.96383
0.96383
0.96383
1.50065
1.06706
1.14988
0.777258
0.777258
0.777258
0.777258
0.777258
0.803838
0.803838
0.758994
-0.355693
0.071929
-0.115875
0.933817
0.283235
-0.614016
-0.614016
-0.394604
0.0405873
-1.00111
-0.528756
0.0327852
0.671176
0.913086
0.913086
0.559296
0.95626
0.52163
0.52163
0.296912
0.296912
0.430427
1.42139
1.76184
1.76184
1.04973
1.04973
-0.122442
0.747806
0.786102
0.786102
0.741327
0.424105
0.993372
0.993372
1.11098
1.11098
1.28354
1.28354
0.438538
0.840252
0.911126
0.911126
1.55748
1.55748
1.55748
1.55748
1.55748
1.55748
1.38466
1.38466
1.06047
1.00387
1.00387
1.24883
1.24883
0.936952
0.5231
0.189432
0.832594
1.15638
0.774791
0.774791
0.938338
0.938338
0.916973
-0.119846
-0.640952
-0.036011
0.883265
-0.284438
-0.284438
0.90051
0.261043
-0.0667857
0.604044
-0.504804
-0.666038
0.108671
-0.348334
0.308624
-0.119953
-0.605963
-0.187832
0.454008
0.212369
1.26475
0.515635
0.166547
1.22004
1.22004
1.03901
1.03901
1.14375
1.23713
1.23713
0.295843
0.470266
-0.257645
-0.821982
-0.821982
-0.821982
-0.810955
-0.252923
-1.00939
-0.611301
-0.611301
-0.830325
-0.830325
-0.830325
-0.822055
-0.372406
-1.09718
-1.09718
-1.09718
-1.22779
-1.3648
-0.641681
-1.03764
0.117113
1.09087
0.889113
1.59361
0.77063
0.65381
0.65381
0.829128
1.26299
0.817108
0.817108
0.0842652
0.0383237
-0.835554
-0.835554
-0.835554
0.353652
-0.579486
0.602666
1.37495
1.37495
1.06583
1.08421
0.339082
1.18938
1.18938
0.384044
0.384044
0.66274
0.109997
0.666553
0.666553
-0.512121
0.117477
0.829495
0.0835458
0.901093
0.688515
-0.444173
-0.731775
-0.397646
0.135162
0.983913
0.258296
-0.74153
-0.940484
-0.329071
-1.26901
-0.218535
-1.19498
-1.44494
-1.44494
-1.41419
-1.34645
-1.05514
-1.05514
-0.697747
-0.697747
0.463137
0.378142
-0.808743
-1.14824
-0.165745
-0.587871
-0.587871
-1.24305
-0.362457
-1.18571
-1.23051
-1.23051
-0.108501
0.188541
-0.320381
0.856074
0.402282
0.972637
0.24864
-0.920022
-0.920022
-0.920022
-0.365671
-0.355808
0.632927
0.632927
-0.00840257
0.874708
0.457322
1.33215
0.155548
0.738921
0.144776
0.535831
0.535831
1.32837
1.285
1.01159
1.07326
1.12092
1.12092
1.12092
0.275899
-0.623752
-0.262065
-1.08492
-1.08492
-0.141711
-0.141711
0.0139813
-0.630652
-0.287462
0.0443393
-0.991064
-0.991064
-0.991064
-0.345224
-0.391909
0.628783
0.588145
1.1313
1.1313
1.1313
1.1313
0.247207
0.976571
0.976571
0.976571
0.976571
0.896065
0.896065
0.896065
0.896065
0.0551579
-0.176687
0.75167
0.344282
0.723803
0.736423
0.852543
0.852543
0.852543
1.2724
1.2724
1.5662
1.12452
1.38523
1.3704
0.710883
0.763095
0.763095
0.763095
0.562921
0.750983
0.508493
0.143221
0.757354
0.757354
0.757354
0.757354
0.654722
1.08769
1.08769
1.08769
0.203344
0.270795
-0.360962
-0.538114
-0.960577
-0.327256
0.351954
-0.496452
-1.57549
-1.31778
-1.31778
-1.54507
-0.996784
-0.996784
-0.830055
-0.789234
0.185036
-0.33474
0.734106
1.33496
0.151434
-0.557445
-1.4535
-0.962671
0.108679
0.956494
0.239317
1.16499
1.16499
0.115785
1.16164
1.16164
1.16164
1.35489
1.3418
0.291792
-0.211551
0.28194
1.26029
0.488103
-0.633983
-0.633983
-0.548906
-0.548906
-0.548906
-0.610989
-0.316677
-0.160402
0.181822
0.711314
0.711314
0.234353
-0.610767
-1.01262
-1.01262
-1.01262
-1.19561
-1.19561
-0.404014
-0.149091
-0.971287
-0.971287
-0.971287
-0.971287
-1.0513
-0.620012
0.129888
0.885646
-0.305814
-0.441611
-1.51066
-1.51066
-1.51066
-1.51066
-1.19939
-0.296644
0.783025
0.492003
0.492003
0.492003
0.492003
0.7578
0.7578
0.7578
0.7578
0.7578
1.15837
1.71938
1.76956
1.76956
1.28629
1.28629
0.0965066
-0.790962
-0.80124
0.0966579
-0.831284
-0.394602
-0.394602
0.669729
0.980799
0.503086
0.123658
1.03843
1.05082
0.230499
0.475919
-0.0579534
-0.602731
-0.602731
-1.16536
-0.736383
-0.736383
-0.736383
-1.05607
-0.0484573
0.050689
0.55943
-0.0512058
-0.904865
-1.15447
-0.325638
-1.06862
-0.938214
-0.730983
0.0411258
0.597387
1.0242
0.459889
0.158269
-0.543664
0.632909
0.635288
-0.324035
0.755337
0.755337
0.732134
0.732134
0.732134
0.349003
0.349003
1.06062
0.902607
0.902607
0.134816
0.50628
-0.316312
-0.41999
-0.35348
-0.914438
-0.27157
-0.639028
-0.0503119
-0.0734742
-0.256818
0.433995
-0.111974
0.40231
-0.791177
-0.791177
0.0528084
-0.134644
0.794045
0.36249
0.104277
0.816118
0.816118
0.816118
0.816118
-0.00235554
0.496617
1.14608
1.14608
1.14608
0.76439
0.965723
0.965723
0.367242
-0.467006
-0.00856173
-1.00807
-1.00807
-1.00807
-1.00807
-1.00807
-0.157553
0.583675
0.946208
-0.0985986
0.712964
0.712964
0.712964
0.712964
1.46898
0.735411
-0.0751381
-0.564399
-0.293175
-0.601479
0.28304
0.110727
0.932687
0.876196
0.89525
0.89525
0.490567
0.365719
0.788868
0.126261
-0.886864
-0.797589
-1.65542
-0.588958
-0.588958
-0.16684
-0.0185778
-0.931891
-0.931891
-0.931891
-0.151439
-0.155817
-0.871319
-0.871319
-1.2355
-1.2355
-0.475749
-1.22915
-1.22915
-0.75541
-0.75541
0.270505
0.14059
0.156028
0.311868
0.329999
0.669873
0.0522101
-0.581325
-0.581325
-1.46762
-0.65248
-0.689411
-1.35575
-1.35575
-1.26244
-1.31578
-1.31578
-1.44874
-1.1046
-1.1046
-0.914696
-0.914696
-0.914696
-0.789558
-0.473499
-0.163216
-1.04017
-1.25796
-0.543727
-0.868521
-0.868521
-0.868521
-0.868521
-0.846146
-0.0249647
-0.0618216
0.829725
0.829725
0.829725
0.424575
0.178111
0.74832
0.67487
0.67487
0.737156
0.158742
0.193124
-0.257485
-0.512967
-0.950894
-0.793713
-0.793713
-0.793713
0.0406846
-1.15815
-0.837691
-0.849173
-1.29021
-0.432427
-1.04953
-1.04953
-0.156924
-0.0360392
0.833897
0.69975
-0.0626607
0.162716
-0.981597
-0.981597
-0.981597
-0.981597
-1.4579
-1.61951
-1.42076
-0.813041
-0.438158
-0.786004
-0.786004
-0.157547
0.474275
-0.653856
-0.653856
-0.735661
-0.735661
-0.775149
-0.775149
0.211022
0.211022
-0.218988
-0.908414
-0.897462
-0.897462
-0.897462
-0.256144
0.741644
0.65809
0.0222081
-0.108138
-0.848041
-0.397471
-0.516215
0.189332
0.0905493
-1.03313
-0.930851
-0.930851
-0.74426
0.30239
0.30239
0.218302
1.27894
1.27894
1.26016
1.26016
0.636832
0.636832
0.636832
0.636832
0.508927
-0.652775
-0.487485
-1.36213
-1.2266
-0.624267
-0.731412
-0.216302
0.159851
-0.946819
-0.946819
-1.26817
-0.548198
-0.804591
-0.804591
-0.903906
-0.0823649
0.197191
1.21251
1.21251
1.21251
1.21251
1.21251
1.21251
1.23584
0.268998
1.17739
1.17739
0.727512
0.704451
0.476812
0.476812
0.476812
-0.402842
-0.896504
-0.896504
-0.753776
-0.547889
-1.53488
-0.362957
-0.713091
-0.713091
-0.117234
0.662016
0.662016
0.144782
0.996859
0.446711
0.206957
1.09415
1.09415
1.12218
0.296234
1.15766
1.15766
0.428295
-0.194569
0.909314
0.909314
0.909314
0.544323
0.544323
0.293232
0.293232
0.68832
0.68832
0.426418
-0.739757
-0.739757
-0.739757
-0.739757
-0.739757
-1.37826
-0.291072
-1.41047
-0.821297
-0.449186
-1.50758
-1.50758
-1.61858
-1.61858
-1.61858
-1.81292
-1.81292
-0.716698
-0.716698
0.136974
-0.124492
-0.712672
-0.307841
-0.617012
0.00202155
-0.0802706
0.23292
1.28948
1.3699
1.30207
1.30207
0.906589
0.548283
0.548283
0.548283
0.308603
0.0864171
1.14967
0.869334
1.00411
1.00411
-0.0310472
0.661683
1.60445
1.60445
1.15417
1.15417
1.15417
0.214892
0.379993
1.00678
0.40425
1.54965
1.6569
1.6569
1.6569
1.6569
1.6569
0.882313
0.712662
0.712662
0.604747
0.283145
0.117594
0.555577
-0.468538
-0.578486
-0.578486
-0.528945
0.248931
0.809354
-0.293761
0.31984
-0.274609
-0.893425
-0.893425
-0.773235
-0.773235
-1.30221
-1.3834
-0.732913
-0.732913
-0.790309
-0.790309
-0.566367
0.627946
0.627946
-0.138132
0.0987131
0.035844
-1.1384
-1.1384
-1.18744
-0.0625749
0.625015
0.752635
0.752635
0.126438
-0.765661
-1.48592
-1.48592
-1.02628
-1.02628
-0.540979
0.57366
0.53936
1.03729
0.678684
0.678684
-0.1986
-0.00490621
-0.114988
-0.742308
-0.742308
-1.11883
-0.689141
-0.125124
0.890753
1.27654
0.989237
0.451555
1.14608
0.439235
0.795326
0.795326
0.565604
0.565604
0.306144
0.802373
1.16952
1.16952
0.424148
0.948031
0.00327367
-0.712168
0.171978
0.966901
-0.088163
-0.53488
-0.53488
-0.53488
-0.046936
-0.632502
-0.632502
-0.184227
0.678745
-0.168974
1.00757
1.00757
-0.00472203
0.921598
0.921598
0.437802
0.437802
0.437802
0.863355
0.863355
0.863355
0.863355
0.135807
-1.00193
-0.755547
-0.755547
0.352816
-0.75523
-1.59048
-1.59048
-1.59048
-1.59048
-1.59048
-0.740158
-0.0048124
-0.329216
-1.04918
-1.04918
-1.04918
-1.00609
-1.00609
-0.64558
0.47511
-0.46043
-1.20101
-1.20101
-1.13413
-0.0729163
-1.08062
-0.181901
0.68614
0.68614
0.68614
0.696967
-0.45177
0.269976
0.406762
0.806835
1.07165
0.185673
0.688232
0.688232
0.688232
1.21288
1.77867
0.837009
0.837009
-0.26641
-0.824291
-1.15221
-1.15221
-0.0360033
-1.09026
-1.58852
-1.58852
-1.01238
0.163017
0.0479596
0.808755
-0.213298
-0.325246
-0.0564083
1.02525
0.10851
0.413501
0.871788
0.791281
0.791281
0.791281
0.869599
0.358429
0.663525
0.0218217
0.928787
0.504838
0.127226
0.473256
0.85956
0.720891
1.14079
1.14079
1.14079
1.50542
0.773831
0.773831
0.4989
0.868112
0.868112
0.868112
1.34807
1.34807
1.66137
1.28348
1.28348
1.28348
1.28348
1.28348
1.12324
1.12324
0.255743
-0.252314
0.404037
0.726182
1.05649
-0.0857202
0.698867
1.08026
1.08026
1.08026
0.436517
0.913628
1.23659
1.23659
0.775335
-0.343119
0.647509
0.647509
1.39605
1.39605
1.03075
0.288045
0.819562
1.54335
1.54335
0.73713
0.73713
0.989859
0.989859
0.989859
1.19894
0.781864
0.781864
1.26166
1.0509
1.0509
1.0509
-0.125114
0.762001
0.674338
-0.164971
-0.399169
-0.422392
0.432978
-0.348203
-0.958467
-0.958467
0.191692
0.104071
1.0796
0.412207
0.829257
1.36275
0.797099
0.797099
0.765617
0.71534
0.00605407
-0.149782
0.102486
0.346772
1.33952
0.482692
0.482692
0.883945
-0.169154
0.791977
0.675831
1.3606
0.198503
1.16501
1.16501
0.80307
0.80307
0.519479
0.464903
0.119516
0.856114
1.37165
1.37165
1.22183
1.22183
1.22183
0.635232
0.726549
0.726549
0.247241
-0.846913
-1.3348
-0.534984
-0.534984
0.643986
0.921936
0.921936
0.921936
0.48254
0.813764
0.970456
1.12922
1.23295
1.01366
1.11322
-0.0472275
0.905106
0.905106
0.780416
0.780416
0.780416
0.690427
0.690427
0.0676199
-0.757003
-0.757003
-1.04296
-1.04296
-1.04296
-0.744129
-0.158081
-0.885309
-0.532812
-0.532812
-0.532812
-0.383401
-0.890964
-0.890964
-0.868255
-0.868255
-1.72777
-1.72777
-1.45471
-1.30989
-0.322129
-1.28106
-1.28106
-1.28106
-1.28106
-0.183602
-0.398095
-0.0304506
0.994714
0.994714
1.64728
1.5072
1.69488
1.36068
0.999594
1.03021
0.886821
0.376616
0.376616
1.13383
1.13383
1.59021
1.65443
1.65443
0.566817
-0.520801
-0.520801
-0.520801
-0.836701
-0.966527
-0.966527
-1.43512
-1.13381
0.0242292
0.45094
-0.45031
-1.36264
-1.36264
-0.77824
-0.77824
-1.08997
-0.638412
-0.638412
-0.0825496
-0.247596
-1.09991
-1.57456
-1.29514
-1.29514
-1.29514
-1.29514
-1.20216
-0.644316
-0.644316
-0.644316
-0.821113
-0.821113
0.121707
-0.0796612
-0.195065
-0.752609
0.0250657
-1.12597
-1.27245
-1.27245
-1.27245
-0.936759
-0.983076
-0.983076
-0.426405
-0.871412
-0.0231277
0.258769
-0.395631
-0.626248
0.309465
0.730479
1.28115
1.31734
1.01447
0.490888
-0.246042
0.118767
-0.535312
-0.0103412
0.416395
0.416395
1.09688
0.163703
0.928362
0.48842
0.48842
0.757083
1.19264
0.0295891
-0.527994
-1.25101
-0.11829
0.782904
0.569651
0.707074
1.72024
0.749031
0.200141
-0.854096
-0.854096
-0.854096
-0.681988
-1.38724
-1.4343
-1.4343
-1.4343
-1.4343
-1.4343
-1.4343
-1.4343
-0.244127
-0.244127
-0.546749
-0.218596
0.146142
0.38074
0.38074
1.10602
1.10602
-0.0392016
-0.0289277
0.470169
0.0464372
-0.881327
-1.14902
-1.15846
-0.686475
-0.286577
0.0101525
0.766273
0.766273
0.766273
0.123037
-0.313879
0.522192
0.522192
1.25929
1.25929
0.930876
0.930876
0.533514
-0.324728
-0.0639568
0.810233
0.810233
0.912298
1.4802
1.06347
1.06347
1.06347
0.3267
-0.675162
-0.675162
-0.107428
0.343818
-0.627344
-1.80461
-1.04141
-1.34331
-1.34331
-0.22321
-0.515329
-0.906774
-0.906774
0.0510808
-0.993406
-0.151583
0.753094
0.593355
0.582242
-0.572987
0.522919
0.522919
0.522919
0.242962
0.340702
0.446864
0.595709
0.595709
0.809369
0.809369
0.809369
0.0311548
-0.7401
-0.7401
-1.131
-0.941666
-0.758914
-0.347184
-0.115497
-0.171274
0.888592
0.1301
0.62852
0.888683
0.888683
0.795863
-0.035597
0.876151
0.876151
1.09206
1.87549
1.87549
1.87549
1.90724
1.00701
0.52013
0.52013
0.284062
-0.116644
-0.113541
-1.01395
0.0564234
-0.914835
-1.91439
-1.91439
-1.91439
-0.840353
-0.790199
-0.443082
-1.19802
-1.19802
-1.19802
-1.43132
-1.43132
-1.43132
-1.43132
-1.43132
-0.691543
-0.691543
-0.657132
0.395938
-0.62417
-0.62417
-1.00074
-1.00074
-0.805756
-0.805756
-0.805756
0.253389
0.341532
0.683371
0.683371
0.683371
1.39895
1.36859
1.36859
1.36859
0.685995
0.462831
0.964348
0.630775
0.666716
0.416091
-0.513426
-1.14559
-0.624591
-0.624591
-0.624591
-0.599184
-0.599184
-1.06425
-1.06425
-0.0270085
0.464496
0.268318
-0.608192
-0.159725
-0.15866
-1.33359
-0.327334
0.00728278
0.867295
0.863263
0.863263
0.241192
1.26341
1.26341
1.26341
0.160207
0.515887
0.284615
1.33993
1.33993
1.46586
0.873945
0.599438
0.733196
0.202452
-0.220329
-0.440554
0.0565252
-0.311747
-1.11285
-1.11285
-1.11285
-0.74848
-0.74848
-1.09191
-1.24902
-1.24902
-1.24712
-0.867742
-0.867742
-0.387399
0.0982661
0.443418
-0.598656
-0.933629
-0.933629
-1.37495
-1.37495
-0.304749
-0.493449
-0.493449
-0.298207
-0.552275
-0.552275
-0.552275
-0.552275
-0.552275
-0.489437
-0.489437
-0.489437
-1.20867
-1.25719
-0.315668
-1.48872
-1.48872
-0.973933
0.194173
0.2777
-0.296279
-0.973364
-0.169035
0.460757
-0.658781
0.354073
0.988849
0.954347
0.420586
0.420586
0.872372
1.39568
1.39568
0.645606
1.39952
1.39952
0.476595
0.710396
0.710396
0.710396
0.710396
0.240105
0.541464
0.541464
0.541464
-0.0337566
-0.588683
0.338248
0.324036
0.435643
0.423098
0.997908
0.570319
-0.299098
-0.974431
-0.475366
-1.24221
-1.81138
-1.21797
-1.21292
-0.256372
0.408925
-0.125879
0.896641
0.618989
0.906223
0.772647
0.0654807
-1.02282
-1.30621
-0.533232
0.61227
1.42749
0.924338
0.441579
0.441579
1.19422
1.15795
0.242319
-0.721443
-0.589648
-0.889957
-0.889957
-0.889957
-0.889957
-0.889957
-1.02851
-0.362039
-0.362039
-0.744348
0.120907
0.763325
0.763325
0.763325
0.763325
0.591185
1.53852
0.995007
0.883693
0.883693
0.997945
0.56051
-0.248708
0.226348
-0.0313752
-0.68656
0.267997
-0.54997
-0.234087
0.0155617
0.901155
0.49032
0.346172
1.45137
0.45377
-0.499166
-0.551352
-0.545889
0.353271
0.353271
0.913638
0.913638
0.0354632
0.638765
0.638765
0.638765
0.942032
0.942032
1.38719
0.882278
-0.0255822
-0.341081
-0.858833
-0.685099
-1.03582
-1.03582
-0.888143
-1.39902
-0.624583
-0.624583
-0.239616
-0.116028
-0.550687
-1.36866
-0.961248
-0.516141
-0.0162619
-0.564013
-0.564013
-0.564013
0.607649
0.583486
0.583486
0.958678
0.958678
0.730394
0.730394
0.503046
0.760629
0.590772
1.38966
1.38966
1.19762
1.23741
0.0446167
0.43663
-0.399133
-0.108608
0.289351
1.24303
0.36227
1.47884
1.47884
0.888672
0.00519253
-0.773217
-0.417312
0.183357
-0.635835
-0.282455
-1.16469
-1.16469
-1.16469
-1.16469
-1.07557
-1.48853
-0.461247
-0.872832
-0.0418311
0.435039
0.435039
-0.762228
-0.762228
-0.762228
-0.899259
-0.452055
0.283522
-0.693886
-1.21417
-1.21417
-1.21417
-1.21417
-1.21417
-1.21417
-1.18019
-0.840895
-0.840895
-0.667378
-0.6657
-0.6657
-0.6657
-0.6657
-0.229106
-0.773636
-0.773636
-1.29852
-0.68522
-1.28818
-0.509039
-0.659703
0.328989
0.987955
0.814663
0.814663
0.814663
1.01934
0.634943
0.69804
0.69804
0.655425
0.809391
0.809391
0.873026
0.873026
0.873026
0.873026
0.801227
-0.0257852
-0.523728
-1.11293
-1.11293
-1.11293
-1.11293
-0.0112783
-0.174574
-1.20876
-1.32699
-1.28394
-1.28394
-1.28394
-1.28394
-1.28394
-1.57428
-0.6955
-0.6955
0.460107
0.460107
0.00713562
0.598962
0.758524
0.758524
0.0569916
0.102409
-0.77825
0.131
-0.192594
-0.6933
-0.798156
-0.319466
0.305978
0.883272
0.745472
0.6521
0.431987
0.871429
0.871429
1.28992
1.43767
0.264947
0.0825186
-1.06909
-1.06909
-1.06909
-0.0149628
1.17506
0.686448
0.0782454
0.933767
0.933767
-0.188627
0.332446
-0.244694
0.664783
0.746299
0.744873
0.935576
0.935576
0.435205
0.784307
-0.289127
-0.304696
-0.416546
-1.03895
-0.37827
0.741233
-0.192645
-0.681744
-0.917821
-0.117236
-1.0672
-1.0672
-1.0672
-0.840395
-0.0864594
-0.0864594
0.465261
1.08712
1.08712
1.09233
1.09233
1.19988
0.700511
0.700511
0.752365
1.49998
0.899226
0.429194
-0.381014
0.33036
0.289462
-0.199089
-0.102226
0.868599
0.321588
0.788143
0.788143
0.788143
0.39666
-0.341799
-1.03404
-1.0533
0.036905
0.147374
-0.110132
0.573197
0.573197
-0.393846
-0.795993
-1.24188
-0.109756
0.0615684
-0.521533
-0.521533
0.316969
0.906346
0.906346
0.484667
0.484667
-0.00123092
1.00663
0.778497
-0.0501437
0.420464
0.0264214
0.977047
0.977047
0.576766
0.919159
0.463036
0.079125
-0.484169
-0.657755
-0.657755
-1.4798
-0.511154
0.30135
0.608281
1.69065
1.69065
1.69065
1.69065
0.848208
-0.0404229
-0.0265756
-0.00791935
0.297297
0.0254074
-0.0185741
-0.161218
0.874188
-0.256434
-0.970369
-0.975841
-0.900436
-0.900436
-0.550079
0.634811
-0.0659709
0.444546
0.393067
1.58294
1.75912
1.52012
1.42606
0.413867
0.413867
1.03623
0.261443
-0.0902112
-0.770083
-0.770083
-0.2949
-0.229077
-0.111818
-0.744365
-0.691802
-0.73109
-0.73109
-0.73109
-0.73109
-0.809097
-0.809097
-1.16506
-1.40114
-1.40114
-0.994996
-0.0787609
0.842832
0.686741
0.686741
0.686741
0.686741
-0.493357
0.434554
-0.39124
0.548254
-0.197267
-0.060591
0.256417
0.406375
-0.562605
0.263974
0.309858
-0.851085
-1.27499
-0.460924
-0.272456
-1.28811
-0.774207
-0.694357
-0.530161
-1.4745
-1.4745
-1.09447
-1.09447
-1.09447
0.00294518
0.670781
0.670781
0.875445
0.875445
0.875445
-0.320756
-0.810192
-1.03481
-1.03481
0.0324408
0.658271
1.17891
1.17891
0.785622
1.01271
0.0747635
-0.619559
-0.684168
-0.684168
-0.713874
-0.713874
-0.713874
-1.33276
-0.424816
0.409933
1.26231
0.190124
-0.879613
-0.879613
-0.879613
-0.879613
-1.46004
-1.46004
-0.397601
0.378867
-0.191969
0.414094
0.630112
0.352529
-0.820404
-0.820404
-0.820404
-0.820404
-0.820404
-0.681978
0.158322
0.874715
0.817837
1.15872
1.03715
0.158527
-0.0455717
0.587579
0.587579
-0.028584
0.32878
-0.511893
-0.511893
-0.511893
-0.207519
0.61128
0.530327
0.530327
0.530327
0.530327
0.00482038
-0.890941
-0.890941
-0.402309
0.234905
0.233511
-0.38048
0.562134
-0.310053
-0.239757
0.586936
1.16419
1.16419
1.16419
0.745621
0.714213
-0.414041
0.409853
-0.667237
-0.667237
-0.830602
-0.0796487
-0.607176
-0.607176
-0.607176
-0.483552
-0.483552
-0.483552
0.574736
0.391241
0.435381
-0.501223
-1.16625
-0.222257
0.34677
-0.756843
-0.756843
-1.10736
-1.19287
-0.335325
-0.879072
-1.03936
-0.0622479
0.308269
0.93171
0.93171
1.03237
1.48394
1.48394
1.48394
1.48394
1.26069
1.26069
0.167532
0.637788
0.637788
-0.0640642
-0.0300141
0.186689
-0.513326
-0.513326
-0.495414
0.2262
0.374723
1.08695
0.625897
0.625897
0.594036
-0.558198
-0.532636
-0.532636
-0.532636
0.12562
1.00698
1.00698
1.33653
1.33653
1.33653
1.33653
1.33653
0.520704
0.520704
0.520704
1.59807
1.59807
1.59807
0.58341
0.905171
0.905171
0.905171
0.905171
-0.180165
0.636613
0.67038
0.67038
0.966668
0.92561
0.92561
0.299497
0.0535258
-0.819023
-0.853112
-0.802206
-0.802206
-0.682755
-0.682755
-1.0252
-1.0252
-1.0252
0.158714
-0.616831
0.190054
1.0827
1.0827
0.712399
-0.26196
0.166449
-0.330868
0.750051
0.900646
0.358717
-0.652976
-0.652976
-0.652976
-0.652976
-0.604727
-1.03001
-1.03001
-1.03001
-0.435959
-0.435959
0.203014
-0.0283363
-0.381703
0.356271
-0.604374
0.487846
0.487846
0.487846
0.487846
0.487846
1.18971
1.18971
1.18971
0.291661
-0.692503
-0.692503
-0.684836
-0.684836
-0.684836
-0.684836
-1.51101
-1.51101
-1.00554
-1.00554
-0.129157
-0.491122
-0.559739
-0.559739
-0.34664
0.162091
-0.275261
0.876626
0.876626
0.949588
0.949588
0.124289
-0.297621
-0.365981
0.284777
0.614989
-0.13455
-0.150905
-1.03947
-1.03947
-0.412398
-0.792075
-0.197077
0.985899
0.515359
0.515359
1.44082
0.315638
-0.723776
-0.723776
-0.734741
-1.06058
-0.164877
-1.24412
-1.24412
-1.23295
-0.402176
-1.0399
0.0603279
0.44483
0.704995
0.704995
0.704995
-0.051446
-0.844448
0.0869657
1.15412
1.15412
1.15412
0.94579
0.710531
0.710531
1.30212
1.30212
1.28523
0.212503
1.05291
0.0842169
-0.626987
-0.626987
-0.547543
-0.547543
-0.547543
-1.10263
-1.10263
-1.54988
-1.54988
-1.54988
-1.39465
-0.33659
-0.33659
0.422334
0.0733715
0.122954
-0.912571
0.231302
-0.246809
0.913004
0.913004
-0.0054375
0.292992
-0.45176
0.169066
-0.760021
-1.3057
-1.10195
0.0732092
0.0853242
0.0853242
-0.484026
-0.484026
0.46053
0.0323469
-0.819448
-0.819448
-0.901083
-0.901083
-0.901083
-0.203274
-0.479221
-1.15604
-0.746531
-0.362936
-0.49404
-0.196949
-1.1418
-1.13845
-0.135696
0.942454
1.43806
0.509804
1.26988
1.46311
1.46311
0.457239
0.457239
0.37613
0.0557348
0.548879
-0.369739
0.31499
1.47423
0.627563
0.283696
-0.490886
-0.0339714
-0.638617
-0.638617
-0.00114947
0.0179049
0.885925
0.48516
0.48516
-0.584875
-1.31185
-1.31185
-1.31185
-1.31185
-0.898191
-0.898191
-1.83401
-0.969985
-0.969985
0.169589
0.846558
0.846558
0.749441
-0.348468
-0.0456573
-0.687667
-0.687667
-1.13777
-0.293131
-0.242523
0.949627
0.949627
0.949627
0.949627
0.898803
0.619412
0.619412
0.619412
0.619412
0.026763
-1.07747
-1.50877
-1.50877
-1.50877
-2.03729
-2.03729
-1.62649
-0.817218
-0.817218
-0.817218
-1.21461
-1.21461
-1.21461
-1.19744
-1.19744
-0.852724
-1.34183
-1.34183
-1.34183
-1.17746
-1.17746
-1.31518
-0.317304
-1.15214
-1.15214
-0.415805
-0.352139
0.516058
-0.26227
-0.389741
-0.389741
-0.253281
-0.399901
-0.153108
-0.583868
-1.0614
-1.19129
-0.554251
-0.867981
-0.519472
-0.634618
-0.587219
0.365231
-0.811027
-0.811027
-0.811027
-0.811027
-0.811027
-0.811027
-0.811027
0.0850336
-0.350617
-0.350617
0.511078
0.629271
0.246845
0.614196
0.0820445
-0.720587
-0.720587
0.293079
0.0801777
-0.796472
-0.89055
-1.1832
-0.590091
-1.02683
-1.02683
-1.02683
-1.44071
-1.44071
-1.58929
-1.58929
-1.58929
-0.841705
-0.841705
-1.06939
-1.06939
-1.06939
-0.725207
-0.729237
-1.35412
-1.3296
-1.3296
-1.11562
-1.11562
-1.11562
-1.60602
-1.60602
-1.79183
-0.800093
-0.321488
-0.810619
-0.810619
-0.810619
0.26672
-0.818716
-0.538507
-0.841356
-0.841356
-1.39347
-1.42218
-1.71313
-1.71313
-1.57111
-0.764985
0.317875
0.212925
1.16499
0.782061
0.785473
0.785473
0.785473
0.785473
-0.274316
0.234444
1.03073
0.589429
-0.275142
0.516553
0.092186
0.771471
0.771471
0.771471
1.64009
1.78385
1.78385
1.14934
1.14934
1.14934
1.28815
0.292396
0.393665
0.716952
0.17261
0.634768
1.23379
1.23379
0.767451
0.839561
1.19221
1.19221
0.879486
0.202349
0.351833
-0.0261544
0.66853
-0.286612
0.849843
0.864042
-0.220822
-1.2576
-1.67335
-1.67335
-1.67335
-1.67335
-1.58188
-1.58188
-1.58188
-1.03259
-0.521208
-0.720012
-0.720012
-0.720012
-0.234184
-0.550681
0.0253414
1.04676
1.06875
1.06875
1.06875
1.06875
0.518271
0.270166
-0.821156
