-1.4085
-1.4085
-1.43829
-1.39472
-1.39472
-1.39472
-1.39472
-0.682191
-0.682191
-0.682191
0.401844
0.522556
-0.593693
-1.16585
-1.16585
-1.16585
-1.16585
-1.32784
-1.32784
-1.01237
-1.01237
-1.01237
-0.79797
-0.946316
-1.30802
-1.16488
-1.20055
-1.20055
-1.58194
-1.58194
-1.17993
-0.657967
-1.19001
-0.828231
-0.828231
-0.828231
-0.828231
-0.828231
-1.35763
-1.01449
-1.01449
-0.870972
-0.870972
-1.05957
-1.05957
-1.05957
-1.05957
-0.861272
-1.44611
-0.351693
-1.23503
-1.23503
-1.23503
-1.23503
-0.188661
-0.735927
-0.735927
-0.735927
-0.735927
-0.735927
-0.518995
-0.518995
-0.757517
-1.20817
-1.06003
-1.06003
-1.06003
-1.06003
-1.06003
-1.06003
-1.06003
-1.06003
-1.06003
-0.783628
-0.783628
-0.783628
-1.20018
-1.20018
-0.968113
-0.968113
-0.968113
-0.968113
-0.968113
-0.966661
-0.966661
-0.966661
-0.377828
-0.467558
-0.122577
-0.840783
-0.20059
0.518421
1.24108
1.45213
1.45213
1.61592
1.61592
1.86204
1.86204
1.45134
1.45134
0.767776
0.767776
0.767776
1.4118
1.06211
1.06211
1.06211
1.06211
1.09684
1.0826
1.0826
1.34511
1.34511
1.34511
1.34511
1.51041
1.51041
0.357084
1.25031
1.37312
1.37312
1.37312
1.37312
1.37312
0.913043
0.913043
0.913043
1.21172
1.21172
1.21172
0.91822
1.19119
1.19119
1.19119
1.19119
1.19119
1.19119
1.19119
1.19119
1.43777
0.565502
0.937306
0.937306
1.06721
0.994984
0.864178
0.864178
1.62282
1.8082
0.81788
0.81788
0.81788
0.687724
0.828409
0.828409
0.828409
0.828409
1.51835
1.24259
0.685626
0.685626
0.685626
1.09476
1.05814
0.833262
1.32539
0.696583
0.696583
0.696583
0.696583
0.696583
1.26778
1.31405
0.332904
0.471475
0.707212
0.892865
0.884222
0.754024
1.0847
1.0847
0.723224
0.723224
1.14942
1.19624
1.19624
1.15377
1.15377
1.16325
1.19682
0.200461
-0.19527
-0.185315
-0.492043
-0.945695
-0.945695
-0.945695
-0.945695
-1.09264
-1.09264
-1.09264
-1.09264
-0.353272
-0.627702
-0.627702
-0.79934
-0.79934
-0.811696
-1.68908
-1.84217
-1.97641
-1.71934
-1.71934
-1.66869
-1.51439
-1.51439
-1.51439
-1.14554
-1.14554
-1.33911
-1.33911
-1.33911
-0.905322
-0.905322
-0.996288
-0.446176
-0.446176
-1.10717
-0.509629
-0.509629
-1.33146
-1.00616
-1.00616
-1.09656
-1.09656
-0.835143
-0.835143
-1.37464
-1.30113
-0.574236
-0.852129
-0.760269
-0.749864
-1.38568
-1.38568
-1.38568
-1.38568
-1.25301
-1.61529
-0.726135
-1.25417
-1.15764
-1.15764
-1.78491
-1.78736
-1.78736
-1.40289
-1.40289
-1.40289
-1.40289
-1.40289
-1.38687
-1.38687
-1.38687
-1.1078
-1.55329
-1.30606
-1.30606
-1.30606
-1.30606
-1.0865
-0.847143
-0.847143
-1.5564
-1.5564
-0.666481
-1.40374
-1.40374
-1.40374
-1.40374
-0.773859
-0.773859
-0.92924
-0.92924
0.156927
0.156417
-0.372128
-0.92065
-1.56664
-1.56664
-0.367065
-0.367065
-0.367065
-1.21481
-0.906376
-0.906376
-0.906376
-1.16819
-1.38437
-1.56984
-1.41264
-1.26982
-0.452407
-0.452407
-0.452407
-0.452407
0.702436
0.702436
0.702436
0.720214
0.897492
0.897492
0.401879
-0.54599
-0.417705
-0.417705
-0.526732
-1.15951
-1.15951
-1.15951
-0.884474
-0.884474
-0.872012
-0.872012
-1.13693
-1.07551
-0.955173
-0.955173
-0.955173
-0.88481
-0.824647
-0.824647
-1.15467
-1.27412
-1.27412
-1.27412
-0.760691
-1.19377
-1.19377
-0.821415
-0.551968
-0.970779
-0.970779
-0.970779
-1.06172
-1.06172
-1.06172
-1.06172
-0.949521
-0.949521
-0.634729
-1.57718
-0.65914
-0.65914
-1.03276
-0.9798
-0.9798
-0.637263
-0.637263
-0.637263
-1.54304
-0.737382
0.264399
-0.717682
-0.717682
0.470205
0.470205
0.343303
1.53242
1.53242
1.13987
1.13987
1.13987
1.13987
1.13987
1.11619
1.11619
1.11619
0.947618
0.947618
0.947618
0.947618
1.68914
1.68914
1.68914
0.681597
1.20942
1.20942
1.20942
1.13346
1.13346
0.42024
0.649045
0.328545
-0.489495
-1.53541
-1.05213
-1.05213
-1.30468
-1.30468
-1.30468
-1.30468
-1.30468
-1.30468
-1.30468
-1.30468
-1.05712
-1.05712
-0.70513
-0.70513
-1.53304
-1.06489
-1.06489
-0.909787
-0.909787
-0.909787
-0.909787
-0.909787
-0.909787
-0.909787
-1.37164
-1.37164
-1.37164
-1.37164
-1.51994
-1.51994
-0.999762
-0.999762
-0.999762
-0.999762
-0.999762
-0.999762
-1.1242
-1.1242
-1.1242
-1.11106
-1.11106
-1.54829
-1.32842
-1.12387
-1.12387
-1.12387
-1.46088
-0.600742
-1.00604
-1.05938
-1.05938
-1.05938
-0.0370492
-0.0443624
0.763788
0.763788
1.38747
1.2523
1.26941
1.26941
1.26941
1.26941
1.26941
0.569877
-0.599103
-0.583877
-0.583877
0.550022
0.550022
-0.584741
-0.584741
-0.584741
-0.682224
0.361635
0.96377
0.96377
1.34036
1.34036
1.46786
1.34841
1.55113
1.38214
1.10349
0.800792
0.800792
0.800792
1.22499
0.513945
0.513945
1.31566
1.3546
0.742197
0.742197
0.595807
0.266114
0.266114
1.4401
0.444367
0.221231
0.526306
0.526306
0.740545
0.459653
1.31968
1.31968
1.31968
1.08349
1.08349
1.08349
1.08349
0.914718
0.914718
0.914718
0.914718
0.663247
1.16126
1.16126
1.30025
1.30025
1.30025
1.22254
1.22254
1.22254
1.22254
1.22254
0.73268
0.670781
1.66799
1.37974
0.860667
1.1844
1.43836
1.43836
1.09227
1.09227
1.09227
1.09227
0.937359
-0.181797
0.758424
0.758424
0.529722
0.310299
-0.0542113
-0.355585
-1.33528
-1.05293
-1.43976
-0.999181
-0.999181
-1.12531
-1.12531
-1.13024
-1.13024
-0.856488
-0.856488
-0.856488
-0.856488
-0.856488
-0.856488
-0.947915
-0.947915
-0.947915
-0.947915
-0.62656
-0.62656
0.0748195
0.646537
0.646537
0.646537
1.03075
1.03075
1.03075
1.03075
1.45181
1.20174
1.04768
1.04768
0.569656
0.529842
1.16246
1.16246
1.16246
0.580313
0.580313
0.580313
0.441072
-0.557791
-1.44155
-0.385991
0.414834
0.414834
0.414834
0.512893
0.495353
1.65147
1.65147
0.759437
0.759437
0.759437
0.759437
0.759437
1.16773
1.16773
1.16773
0.509044
1.04488
0.81933
0.81933
0.81933
0.81933
0.81933
1.21365
1.21365
1.13247
1.46413
1.46413
1.46413
1.0381
1.0381
1.0381
1.26498
1.26498
1.26498
1.27662
1.46169
1.46169
1.46169
1.46169
1.44115
0.579438
0.579438
-0.459436
-0.459436
-1.2201
-1.2201
-1.10077
-1.54225
-1.54225
-1.54225
-1.54225
-0.763364
-0.763364
-0.835671
-0.835671
-0.835671
-0.839017
-1.2692
-1.2692
-0.885169
-0.885169
-0.885169
-1.27419
-1.27419
-1.27419
-1.27419
-1.27419
-1.44952
-1.44952
-1.44952
-0.710568
-0.982848
-0.788311
-1.5599
-1.5599
-1.5599
-0.596028
-0.820519
-0.765339
-0.549121
-0.749688
-0.831776
-0.831776
-0.734122
-0.805862
-0.981909
-0.981909
-0.981909
-0.794998
-0.794998
-0.794998
-0.794998
-1.62013
-0.684367
-0.921322
-0.921322
-0.921322
-0.921322
-0.921322
-1.59838
-1.12181
-0.263096
0.188626
0.287385
0.436096
1.05622
1.05622
1.41611
1.33331
1.33331
1.41109
0.896085
0.784578
1.67833
1.67833
1.45339
1.22319
1.34871
0.986954
0.986954
0.986954
0.887292
0.887292
0.887292
1.13252
1.13252
0.887604
0.887604
1.13534
1.13534
1.13534
1.36911
1.36911
1.36911
1.36911
1.36911
1.36911
1.271
1.271
0.78556
0.78556
0.78556
0.78556
1.52915
1.52915
0.34452
1.13646
1.13646
1.13646
1.13646
1.13646
1.13646
1.13646
1.13646
0.951496
0.951496
0.951496
0.951496
0.951496
0.739449
1.42369
1.292
1.292
1.292
1.292
0.604529
0.604529
0.604529
0.988992
0.386774
0.386774
0.386774
1.57242
0.494963
0.494963
0.909795
1.17902
1.17902
0.657828
-0.469601
0.599611
1.55413
1.55413
1.55413
0.747708
0.747708
0.259419
-0.781243
-0.835986
-0.835986
-0.835986
-1.0758
-1.0758
-1.0758
-1.0758
-1.0758
-1.0758
-0.626146
-0.626146
-0.626146
-0.626146
-1.00767
-1.00767
-1.00767
-1.00767
-0.662327
-0.662327
-0.662327
-0.662327
0.43298
1.14056
1.14056
0.824119
1.00729
1.00729
1.00729
0.988247
1.37774
1.37774
1.01778
0.749042
0.749042
0.749042
0.749042
1.08183
0.639141
0.996748
0.996748
1.18046
1.18046
1.18046
0.575045
1.35529
1.35529
1.34533
1.34533
1.34533
1.11259
1.59755
0.52024
1.29806
1.29806
1.19789
1.19789
1.47274
1.47274
1.47274
1.47274
0.507805
0.384055
0.412412
0.54896
0.54896
0.54896
1.20761
1.20761
0.682282
0.682282
1.19824
1.19824
1.19824
0.639833
0.639833
0.639833
-0.358612
-0.583213
-1.18855
-1.18855
-1.2234
-1.32685
-1.32685
-1.37794
-1.90122
-1.88599
-1.88599
-1.88599
-0.797691
-0.797691
-0.967087
-0.967087
-0.967087
-0.967087
-1.14486
-1.11332
-1.11332
-1.16
-1.16
-1.16
-0.836894
-0.836894
-0.836894
-0.836894
-0.836894
-0.836894
-0.836894
-0.836894
-0.733205
-0.733205
-0.733205
-0.744092
-0.579618
-1.09543
-0.84975
-1.01092
-0.878413
-1.54964
-1.61752
-1.61752
-1.61752
-1.61752
-1.61752
-1.61752
-1.61752
-1.31192
-1.21127
-1.21127
-1.21127
-0.611981
-0.26466
-1.2265
-1.22347
-1.20331
-1.33384
-1.33384
-1.33384
-1.33384
-1.04635
-0.33809
-0.652297
-0.652297
-1.33502
-1.33502
-1.33502
-0.600365
-0.359844
-0.584998
0.533437
1.54507
1.54507
1.54507
1.54507
1.09982
1.09982
1.09982
0.986824
1.00795
1.8111
1.46702
1.03787
1.09358
0.193845
-0.988908
-0.988908
-0.988908
-0.842444
-0.842444
-1.69321
-1.23699
-1.5094
-1.04294
-1.04294
-1.04294
-1.02279
-1.02279
-1.36337
-1.36337
-0.193039
-1.19398
-1.19398
-1.19398
-1.19398
-1.02025
-1.02025
-1.09485
-1.09485
-1.09485
-1.25059
-1.25059
-0.59817
-0.59817
-1.40294
-0.624954
-0.624954
-1.26386
-1.2023
-1.2023
-1.2023
-1.32428
-0.501044
-0.496849
-0.26818
-1.06859
-1.06859
-1.06859
-1.06859
-1.06859
-1.06859
-1.06859
-1.06859
-1.06859
-1.06859
-1.06859
-1.06859
-1.06859
-1.39476
-1.39476
-1.23678
-0.64333
-0.64333
-0.83551
-1.25767
-1.44714
-1.44714
-0.494768
-0.494768
-0.726003
-0.726003
-0.726003
-1.46886
-0.814656
-0.816522
-1.15428
-1.15428
-1.15428
-1.15428
-0.866587
-0.866587
-1.05975
-1.04567
-1.04567
-1.32896
-1.32896
-1.32896
-1.32896
-0.320288
0.844102
0.844102
1.09941
1.09941
1.09941
1.20868
1.20868
1.14752
1.14933
1.14933
1.25633
1.33946
1.33946
1.38513
1.75563
1.00802
0.925549
1.28342
1.28342
1.28342
0.764995
0.764995
0.764995
1.01267
1.01267
1.01267
0.955096
0.955096
1.22761
0.837687
1.21259
1.55589
0.970193
0.970193
0.970193
0.970193
0.576429
0.576429
1.39927
0.747662
0.747662
0.945799
0.945799
0.945799
0.945799
0.790269
1.03203
1.03203
1.03203
0.798827
1.07414
1.07414
1.07414
1.07414
1.07414
1.18833
1.54927
0.694472
1.30969
0.443017
0.443017
1.04819
1.04819
1.33421
1.33421
1.33421
1.3431
0.767204
1.01347
1.01347
1.01347
1.01347
1.01347
1.34493
1.34493
1.34493
1.34493
1.15982
1.15982
1.15982
1.15982
1.15982
1.15982
1.22626
1.22626
1.22626
1.26125
1.26125
1.26125
1.26125
0.976602
0.976602
0.976602
0.976602
0.976602
0.976602
0.976602
0.976602
0.976602
0.976602
1.79619
1.79619
1.79619
1.16945
1.16945
1.16945
1.06067
1.06067
1.06067
1.06067
1.06067
1.06067
1.06067
0.842684
0.842684
1.35896
1.35896
1.53723
1.53723
0.820752
0.829355
0.829355
1.55793
1.55793
0.693846
0.693846
0.732503
0.732503
0.854081
1.19664
1.19664
1.03135
1.03135
1.43781
1.37817
1.37817
1.50482
1.54941
1.41746
0.789848
0.789848
0.789848
0.63126
0.788762
0.765727
0.920523
0.920523
0.920523
0.920523
0.920523
0.920523
0.920523
0.920523
0.920523
1.20222
1.20222
1.52237
0.617467
0.974677
0.974677
0.974677
0.974677
0.974677
0.974677
0.974677
0.974677
0.974677
0.974677
0.846891
0.641059
0.641059
1.54209
1.54209
1.54209
1.54209
1.54209
1.56321
1.56321
0.641577
0.641577
0.469308
0.775456
0.224028
-0.661437
-0.661437
-1.70869
-1.70869
-1.70869
-0.516716
-0.615603
-0.615603
-0.615603
0.207034
-0.410273
-1.07277
-1.07277
-0.781531
-0.773143
-0.773143
-0.773143
-1.34741
-1.39751
-1.39751
-1.2138
-0.716506
-0.748769
-0.748769
-0.8159
-1.04889
-1.04889
-1.72595
-1.84873
-1.84873
-1.55391
-1.00294
-0.336077
-0.868353
-0.868353
-0.782436
-1.71464
-1.71464
-1.37989
-1.37989
-1.15994
-1.15994
-1.10091
-1.11675
-0.910936
-1.5537
-0.539488
-1.04539
-1.04539
-1.04539
-0.7296
-0.7296
-0.7296
-0.7296
-0.843794
-0.843794
-1.37823
-1.37823
-1.37823
-1.37823
-1.37823
-1.37823
-0.919706
-0.919706
-0.985065
-1.30809
-1.30809
-1.30809
-1.30809
-0.903407
-0.903407
-0.903407
-0.903407
-0.903407
-0.903407
-0.650977
-0.650977
-1.53132
-1.87158
-1.87158
-1.87158
-1.87158
-1.08093
-1.08093
-0.720108
0.38548
0.38548
0.284018
1.46538
1.08431
1.08431
0.858052
0.858052
0.858052
0.858052
0.832103
1.38643
1.38643
0.191674
0.371262
-0.24219
-1.20979
-1.20979
-1.0151
-1.0151
-1.0151
-1.0151
-1.22128
-1.22128
-1.22128
-0.535614
0.656818
1.21015
1.21015
1.21015
1.21015
1.06026
1.06026
0.972959
0.972959
1.6739
1.6739
0.889356
0.889356
1.05245
-0.0130669
0.420309
1.60438
1.60438
1.60438
0.716125
0.453733
0.201471
1.39473
1.39473
1.39473
1.05761
1.05761
1.50643
1.47727
1.47727
0.697226
0.818649
0.818649
0.818649
0.848182
0.875511
0.875511
0.875511
0.875511
1.2552
0.341727
1.41953
1.41953
1.41953
0.682323
0.682323
1.40284
1.45588
1.14033
1.14033
1.14033
1.14033
1.14033
0.778752
0.778752
1.10091
0.785715
0.544734
0.544734
-0.472149
-0.472149
-0.341338
0.626664
0.626664
1.36953
0.526344
0.526344
-0.576763
-0.576763
-0.828327
-1.19657
-1.19657
-1.19657
-1.19657
-1.7281
-1.7281
-1.11121
-1.11121
-1.11121
-1.11121
-1.00226
-1.00226
-1.00226
-1.08339
-0.681791
-1.46325
-0.830772
-1.61753
-0.544405
-0.544405
-0.544405
-1.17386
-1.07146
-0.506844
-1.20214
-1.20214
-1.20214
-1.07776
-1.207
-1.41923
-0.953639
-0.953639
-1.21106
-1.21106
-1.21106
-0.68897
-1.026
-1.026
-1.026
-0.478835
0.0245558
-0.571773
-0.0750817
-1.20589
-1.35829
-1.35829
-1.35829
-1.35829
-1.35829
-1.35829
-1.35829
-1.35829
-1.35829
-1.35829
-1.35829
-0.607872
-0.793935
-0.512908
-0.512908
-0.710867
-0.993385
-0.993385
-1.52091
-1.52091
-1.51058
-1.51058
-1.51058
-1.51058
-1.51058
-0.593917
-1.56203
-1.56203
-1.56203
-1.56203
-1.10901
-1.10901
-1.49114
-1.49114
-1.20408
-1.20408
-1.20139
-1.0499
-1.0499
-0.864496
-0.437744
-0.437744
-0.0551257
1.02742
1.02742
1.02742
1.02742
0.858774
0.858774
1.27583
1.27583
1.27583
1.27583
0.812775
0.812775
0.902024
0.646793
0.646793
0.646793
0.646793
0.646793
1.37817
1.37817
1.37817
1.37817
0.658272
0.658272
0.658272
1.21576
1.1239
1.1239
0.705655
0.830998
1.5364
1.5364
1.64856
0.451108
1.347
1.347
1.347
1.347
1.347
1.18232
1.18232
1.20168
1.20168
0.895112
0.895112
1.68851
1.68851
1.68851
0.675861
0.971159
0.237576
0.527511
0.527511
-0.633415
-0.633415
-0.633415
-0.633415
-1.09362
-1.09362
-1.09362
-1.09362
-1.48071
-0.898572
-0.898572
-0.898572
-0.898572
-0.898572
-0.358127
-0.515251
-1.33316
-1.33316
-1.33316
-0.657199
-0.912723
-0.912723
-1.15843
-0.379059
0.788689
0.788689
0.788689
1.15214
1.15214
1.15214
1.15214
0.638918
0.771421
1.11708
1.11708
1.11708
1.27167
1.13639
1.13639
1.13639
1.13512
1.13512
1.13512
0.628536
0.804495
0.446349
0.446349
0.756535
0.756535
0.756535
0.756535
1.30308
0.569186
0.836741
1.09583
1.09583
1.09583
1.09583
0.711118
0.711118
0.711118
1.13045
1.13045
1.63083
1.63083
0.616449
0.616449
0.616449
1.00174
1.00174
0.94388
0.857707
0.857707
0.857707
1.11828
1.11828
1.11828
1.11828
0.904038
0.904038
0.904038
0.904038
0.904038
0.904038
0.904038
0.904038
0.904038
0.87171
0.87171
0.87171
0.87171
1.64332
1.41464
1.56826
1.03666
0.884965
0.738074
0.842562
0.436716
0.436716
-0.733518
-0.733518
-0.733518
-0.733518
-0.539757
-0.410257
-0.711353
-0.480319
-0.480319
0.397609
0.414835
-0.049957
1.01473
0.666872
-0.14072
-0.0894327
-0.963513
-0.333315
0.555619
0.739893
1.03229
1.03229
1.03229
1.03229
1.03229
1.03229
1.03229
1.03229
1.03229
1.03229
1.03229
0.738346
0.738346
0.738346
0.738346
0.738346
0.9091
1.63939
1.63939
0.685221
1.00123
1.00123
1.00123
0.161326
-0.825923
-0.847744
-0.847744
-0.847744
-0.847744
-0.7439
-1.3394
-1.3394
-0.708468
-1.23339
-0.642732
-1.03876
-1.03876
-1.03876
-1.03876
-1.20847
-1.20847
-1.20847
-1.20148
-1.3258
-1.28669
-0.676294
-0.676294
-0.676294
-0.676294
-0.676294
-1.08083
-1.08083
-1.08083
-1.08083
-1.08083
-1.08083
-1.08083
-1.08083
-1.08083
-1.08083
-1.18863
-1.32931
-1.32931
-1.32931
-1.32931
-0.756965
-0.756965
-1.29382
-0.860178
-0.860178
-0.860178
-0.860178
-0.59933
-1.05664
-1.05664
-1.05664
-0.661484
-1.21307
-1.21307
-1.0256
-1.0256
-1.0256
-0.519069
-0.706156
-0.706156
-0.715319
-0.715319
-0.715319
-0.715319
-0.715319
-0.766272
-0.766272
-0.766272
-0.766272
-0.974209
-0.974209
-0.974209
-0.974209
-1.17234
-1.17234
-1.17234
-1.17234
-1.17234
-0.427105
-1.10848
-1.17792
-1.10795
-1.10795
-1.28871
-1.27212
-1.27212
-1.63967
-1.21631
-1.21631
-0.673604
-0.673604
-0.673604
-0.673604
-1.07236
-1.07236
-1.07236
-1.07236
-1.08325
-0.917762
-0.917762
-0.917762
-0.917762
-0.917762
-0.917762
-1.71324
-1.64355
-1.64355
-1.26425
-1.03489
-1.88714
-1.42492
-0.690113
-1.10132
-1.10132
-1.10132
-1.181
-1.181
-1.181
-1.181
-1.181
-1.5417
-1.5417
-0.381126
-0.475791
-1.63114
-1.12715
-1.12715
-1.47073
-0.686375
-0.686375
-0.686375
-0.686375
-0.285672
-0.941584
-0.941584
-1.3523
-1.3523
-1.71186
-1.71186
-1.71186
-1.71186
-1.71186
-0.887349
-0.887349
-0.887349
-0.887349
-0.887349
-0.149955
-0.624102
-0.624102
-1.33548
-0.334134
-0.334134
-0.509401
-0.716638
-1.55547
-1.55547
-1.55547
-1.35547
-1.51842
-1.11669
-1.11669
-1.11669
-1.11669
-0.852595
-0.816701
-0.816701
-0.816701
-0.816701
-1.63354
-1.58048
-0.752822
-1.39182
-1.39182
-1.39182
-0.800147
-1.06457
-1.06457
-1.06457
-0.489137
-0.736996
-0.736996
-0.736996
-0.736996
-0.736996
-0.736996
-0.396933
-1.52073
-0.38992
-0.587706
-0.587706
-0.587706
-0.587706
-0.844728
-0.844728
-0.687015
-1.34626
-0.904194
-0.904194
-0.904194
-0.904194
-0.904194
-1.34178
-1.34178
-1.34178
-0.985329
-0.216993
-1.02504
-0.461646
-1.52372
-0.627744
-1.18641
-1.18641
-1.6787
-1.6787
-1.6787
-1.29831
-0.571758
0.592115
1.18364
1.18364
1.18364
0.479364
0.479364
0.187098
0.454675
0.454675
-0.260407
-0.260407
-1.38307
-0.855662
-1.496
-1.496
-1.76718
-1.76718
-1.76718
-1.76718
-1.76718
-1.76718
-1.32547
-1.88848
-1.19987
-1.19987
-1.19987
-1.19987
-1.19987
-1.19987
-1.19987
-1.19987
-1.19987
-0.762745
-0.762745
-1.36883
-1.36883
-0.378227
-0.23237
-1.165
-1.165
-1.165
-1.09813
-1.09813
-0.739116
-0.739116
-0.920494
-1.65117
-1.65117
-1.03361
-0.689391
-0.689391
-0.689391
-0.993613
-0.751195
-0.751195
-1.16969
-1.26884
-0.659431
-0.659431
-0.659431
0.280528
0.916082
0.950968
1.03499
1.03499
1.03499
0.488715
0.488715
0.671882
0.671882
0.571741
1.18639
1.18639
1.18639
0.354047
0.221974
-0.882709
-0.882709
-0.882709
-0.882709
-0.710193
-0.710193
-0.710193
-0.710193
-0.710193
-0.710193
-0.710193
0.214695
0.214695
-0.626966
-1.14096
-0.625329
-0.625329
-0.625329
-0.625329
-0.845288
-0.845288
-0.789372
-0.840395
-0.840395
-0.840395
-0.985962
-1.14099
-1.14099
-1.14099
-1.14099
-1.14099
-0.731585
-0.698734
-0.698734
-0.379367
-1.2726
-1.2726
-1.2726
-1.45265
-1.46735
-0.772607
-0.772607
-0.88798
-0.88798
-0.88798
-1.18746
-1.58009
-1.58009
-1.58009
-1.48025
-0.983031
-1.14913
-1.45113
-1.45113
-1.23866
-0.749193
-0.749193
-0.749193
-0.797814
-1.21379
-1.09109
-0.336579
-0.336579
0.737587
0.737587
1.23667
0.888343
0.888343
0.901702
0.901702
0.901702
0.750403
0.750403
1.38127
1.39973
1.39973
1.01147
1.01147
1.01147
0.539927
-0.39813
-0.850413
-0.850413
-0.933278
-0.933278
-0.856334
-1.22493
-1.22493
-1.22493
-1.22493
-1.09984
-1.09984
-0.468081
0.63287
1.82633
1.82633
1.82633
1.82633
0.995883
0.995883
0.995883
1.1194
1.25914
1.25914
0.831143
0.831143
0.0622353
0.650145
0.650145
0.650145
1.32267
1.19677
1.19677
1.58512
1.58512
0.948941
0.948941
0.948941
0.794769
0.794769
1.02357
1.02357
1.60141
1.60141
1.26741
1.26741
1.26741
1.59648
1.59648
1.59648
0.880893
0.880893
0.880893
1.14555
1.27229
1.09942
1.09942
1.09942
0.654767
1.54365
0.523355
0.523355
1.35154
1.35154
1.35154
0.708621
0.708621
0.708621
0.708621
0.684352
0.684352
0.684352
0.684352
0.987471
0.663118
-0.455837
-0.455837
0.361142
0.539538
0.539538
-0.445415
0.423221
-0.690303
-0.690303
-1.48115
-1.48115
-1.48115
-1.48115
-1.478
-1.478
-1.478
-1.478
-1.478
-1.478
-1.03214
-1.44822
-1.30747
-1.49623
-1.49623
-1.49623
-0.486247
-0.846386
-0.846386
-0.846386
-0.846386
-1.04172
-0.854622
-0.854622
-0.854622
-0.854622
-0.77927
-1.19714
-1.20796
-0.653046
-0.559843
-1.63527
-1.63527
-1.08039
-1.08039
-1.08039
-1.08039
-1.08039
-1.21985
-1.32724
-1.32724
-1.32724
-1.32724
-1.32724
-1.13859
-1.12243
-1.09928
-0.405843
0.716433
0.716433
1.53855
1.53855
1.76986
1.76986
1.70176
1.70176
1.70176
1.63327
1.63327
1.63327
1.34549
1.34549
1.14325
1.13583
1.13583
1.13583
1.13583
1.22798
1.11062
1.11062
1.11062
1.11062
0.999399
1.1591
1.1591
1.1591
1.1591
1.1591
1.1591
1.1591
1.1591
1.53684
1.53684
1.65795
0.549495
0.765361
1.19462
0.329746
0.298014
-0.875959
-0.875959
-1.22657
-1.22657
-1.22657
-1.22657
-1.50364
-0.479715
-0.907845
-1.26413
-1.21392
-1.21392
-1.21392
-1.377
-1.377
-1.25323
-1.25323
-1.25323
-1.25323
-1.25323
-1.25323
-0.679973
-0.679973
-0.679973
-0.679973
-0.679973
-0.744371
-1.44319
-1.44319
-1.49685
-1.49685
-1.49685
-1.49685
-0.792116
-0.792116
-0.792116
-0.792116
-0.550057
-1.22331
-1.21014
-1.21014
-1.21014
-1.21014
-1.21014
-1.53438
-1.43271
-1.62327
-1.62327
-1.62327
-1.62327
-0.782193
-0.860663
-0.647794
0.515159
0.938434
1.27723
0.44591
0.44591
1.4666
0.740797
0.945401
0.945401
0.945401
1.00291
1.00291
1.00291
0.766274
0.766274
0.766274
1.34879
1.34879
1.26113
0.947138
0.947138
0.947138
1.24327
1.2622
0.829355
0.829355
0.832987
0.832987
0.832987
1.1305
0.862393
1.50355
0.453585
-0.226469
-1.39341
-1.39341
-1.39341
-1.39341
-1.40125
-1.40125
-1.40125
-1.40125
-0.659702
-0.347633
0.541522
-0.582308
-1.23272
-0.556089
-0.837014
-0.558467
-1.08619
-1.08619
-1.08619
-1.08619
-1.08619
-1.08619
-1.08619
-0.719457
0.233063
0.836245
0.836245
0.794821
0.794821
0.968913
1.02409
1.02409
1.02409
1.07068
0.672865
0.672865
-0.499494
-1.01124
-1.01124
-1.01124
-1.01124
-0.733519
-1.20604
-1.68298
-1.24823
-1.37825
-1.37825
-0.91743
-1.47068
-1.47068
-1.06078
-1.06078
-1.06078
-1.06078
-1.06078
-1.06078
-1.06078
-0.879917
-0.896935
-1.08107
-1.08107
-1.08107
-0.639918
-1.63558
-1.48624
-1.48624
-1.48624
-1.13535
-0.967647
-0.967647
-0.921327
-1.1199
-1.1199
-1.1199
-1.1199
-0.963791
-0.963791
-1.01152
-1.01152
-1.01152
-1.01152
-1.15729
0.0300943
0.878423
1.06691
1.06691
1.06691
1.06691
1.06691
1.54826
1.46419
1.26133
1.26133
1.26133
1.26133
1.26133
2.33634
2.33634
2.13738
2.13738
2.13738
1.86778
1.30643
1.30643
1.64352
1.7405
1.44951
1.44951
0.482171
0.482171
-0.150677
-0.544843
-1.43512
-1.43512
-1.43512
-0.434284
-0.434284
-1.08726
-1.08726
-1.08726
-1.08726
-1.08726
-0.561445
-1.33412
-1.33412
-1.33412
-1.33412
-1.33412
-0.624057
-1.65859
-1.65859
-1.65859
-1.65859
-1.65859
-1.38528
-1.38528
-0.497193
-1.01202
-1.01202
-1.01202
-1.26699
-1.26699
-1.26699
-1.33255
-1.45114
-0.790035
-0.790035
-0.790035
-0.790035
-0.790035
-1.09128
-1.09128
-1.09128
-1.74048
-1.74048
-1.74048
-1.30859
-1.30859
-1.30859
-0.666491
-1.10712
-1.10712
-0.967743
-0.967743
-1.37288
-1.37288
-1.37288
-0.793073
-1.06604
-1.06604
-1.06604
-1.06604
-1.06604
-1.36209
-1.36209
-1.36209
-1.38126
-1.38126
-1.38126
-1.38126
-1.48103
-1.48103
-1.12666
-0.88616
-0.88616
-0.408522
-0.92377
-0.92377
-0.92377
-0.554116
-0.919405
-1.33543
-1.33543
-1.33543
-1.59929
-1.47675
-1.14358
-1.14358
-1.14358
-1.1426
-1.1426
-1.7157
-1.7157
-1.0619
-1.303
-1.303
-1.303
-1.303
-1.72496
-0.567343
-1.45339
-1.04673
-1.04673
-1.04673
-1.04673
-1.04673
-1.22367
-1.22367
-1.22367
-0.526798
-0.443857
0.401689
0.732122
0.732122
1.09284
0.29899
0.66091
0.66091
1.40939
1.38472
0.532575
0.678599
0.81747
0.81747
0.448481
1.16287
1.11196
1.11196
1.18321
1.00778
1.00778
1.00778
1.00778
0.153701
-0.611822
-1.19612
-1.19612
-0.772073
-0.885805
-0.885805
-0.564623
0.482376
0.943655
1.30223
1.18237
1.23664
1.23664
1.23664
1.23664
1.23664
1.23664
1.23664
1.23664
1.23664
0.663652
0.846112
0.846112
0.846112
1.15683
1.15683
1.15683
1.15683
1.15683
1.15538
1.15538
0.828969
0.828969
1.2736
1.2736
0.474903
-0.536849
-0.536849
0.424681
1.18491
1.18491
1.18491
1.18491
1.18491
0.892895
0.892895
0.892895
0.892895
0.945461
0.945461
0.945461
0.945461
0.945461
1.25053
1.25053
1.25053
1.25053
1.25053
1.25053
1.25053
1.25053
1.25053
1.17936
0.744348
0.65666
1.31094
0.615246
-0.499869
0.621722
0.621722
0.621722
0.621722
0.0227696
-0.613407
-0.613407
-0.575326
0.565818
1.41334
0.815463
0.815463
0.815463
0.815463
0.815463
0.815463
0.815463
0.803931
0.803931
-0.176415
-0.599151
-0.599151
-1.34252
-1.34252
-1.63074
-1.63074
-1.89984
-0.783451
-0.798388
-0.666854
-0.63329
-0.819011
-0.770384
-0.770384
-0.770384
-0.770384
-1.20705
-1.20705
-1.20705
-1.20705
-1.20705
-1.37684
-1.11118
-1.11118
-1.19327
-1.12149
-0.885649
-0.697919
-0.697919
0.464404
0.464404
1.19314
1.19314
1.19314
0.888618
1.23669
1.57976
1.57976
0.425586
0.731535
1.50733
1.50733
0.568915
1.15304
0.727895
0.97983
0.985178
0.916509
0.916509
0.864059
0.891359
0.891359
0.891359
0.891359
0.737887
-0.223542
-0.293507
-0.293507
-0.475367
-0.410608
-0.410608
0.614005
0.614005
1.32944
1.38984
0.442715
0.784206
0.784206
1.46154
1.46154
0.793241
0.793241
0.793241
1.18533
0.829362
0.829362
0.829362
1.09791
1.09791
1.09791
1.09791
1.09791
1.09791
1.09791
1.09791
1.09791
1.21131
1.21131
1.21131
0.687831
1.40768
0.856045
0.856045
0.533624
0.533624
0.533624
0.533624
0.533624
0.31913
0.374584
1.00629
1.00629
1.00629
1.00629
1.00629
1.26905
0.4544
-0.180605
-1.07724
-1.07724
-1.07724
-1.0386
-1.0386
-1.0386
-1.0386
-1.0386
-1.0386
-1.0386
-1.0386
-1.0386
-1.0386
-1.25117
-1.48825
-1.31939
-1.31939
-1.31939
-1.31939
-1.31939
-1.31939
-1.31939
-1.31939
-1.31939
-1.31939
-0.6313
-1.03025
-0.13701
0.401375
0.349012
1.23614
1.23614
0.629573
-0.463161
-0.463161
-1.63661
-0.857332
-0.857332
-0.857332
-0.857332
-0.950428
-0.967236
-0.967236
-1.34535
-1.34535
-1.34535
-0.604659
-1.00466
-1.00466
-0.903283
-1.35848
-1.35848
-1.35848
-1.35848
-0.7414
-0.7414
-0.610563
-0.610563
-0.5621
-1.27442
-1.27442
-0.511564
-0.314995
-1.21214
-1.21214
-1.43667
-1.5341
-1.5341
-1.5341
-0.847911
-0.847911
-0.847911
-0.847911
-0.847911
-0.847911
-0.847911
-0.847911
-0.847911
-0.581557
0.488289
-0.526521
-0.526521
-0.526521
-0.526521
-0.517146
0.666056
0.666056
1.38293
1.27466
0.715652
1.10722
1.10722
1.40008
1.40008
1.40008
1.40008
1.40008
0.516466
0.516466
-0.334084
0.400442
0.400442
-0.538222
-1.62565
-1.62565
-1.62565
-1.3431
-1.3431
-1.3431
-1.3431
-1.3431
-1.3431
-1.02871
-1.1264
-1.1264
-1.1264
-1.39201
-1.14547
-1.00553
-1.058
-1.058
-1.16266
-0.735793
-1.23965
-1.23965
-1.23965
-0.293692
-1.43848
-1.43848
-1.43848
-1.45817
-0.457789
0.690357
-0.507068
-0.507068
0.533978
0.533978
0.52073
0.876522
0.876522
0.876522
0.876522
0.876522
0.876522
0.300985
-0.692293
-0.199205
0.630121
0.630121
1.39504
1.4914
0.979004
0.979004
0.979004
1.19282
1.19282
1.19282
1.51543
1.51543
1.51543
1.51543
1.54819
1.36848
1.03476
1.03476
1.02351
1.02351
2.03067
1.24009
0.735544
1.02849
0.525296
0.525296
1.36924
1.36924
1.36924
1.00474
1.00474
1.00474
0.931708
0.931708
0.931708
0.931708
0.883464
0.883464
1.48447
0.757814
1.41972
1.68191
0.964921
0.964921
0.964921
0.964921
0.964921
0.964921
1.27848
1.27848
1.27848
1.54838
1.54838
0.702016
0.498246
1.26831
0.765025
0.765025
0.765025
1.08299
0.795865
0.380836
1.45243
1.38827
1.38827
1.38827
1.38827
1.38827
1.38827
1.38827
1.38827
0.774494
0.762669
0.878977
1.80718
1.01413
0.429258
1.49457
0.718338
0.718338
0.26001
0.74016
0.431832
1.35836
1.60924
1.67982
0.988248
0.988248
0.988248
0.988248
1.53273
1.53273
1.59824
1.29944
1.29944
1.1127
0.483948
0.483948
1.05499
1.05499
0.493431
0.683438
0.683438
-0.325009
-0.880556
-0.880556
-1.09514
-0.684032
-0.684032
-0.684032
-1.11183
-1.11183
-1.11183
-1.03092
-1.03092
-1.03092
-0.970196
-0.970196
-0.237606
-0.5454
-0.5454
-0.742671
-0.742671
-0.742671
-0.742671
-0.742671
-0.742671
-0.557938
-0.487896
-1.34092
-1.34092
-1.4567
-0.906001
-0.906001
0.157189
0.94235
1.87393
1.66932
1.17045
1.17045
1.17045
1.17045
0.60786
0.60786
0.677106
0.677106
0.677106
0.963302
0.963302
0.908819
0.908819
0.908819
0.868025
0.868025
0.868025
0.868025
1.13691
1.87886
1.87886
0.819608
0.759389
0.63526
0.63526
0.63526
0.63526
0.63526
1.41313
0.331192
0.331192
-0.533088
-0.305998
-0.278728
0.37726
0.37726
-0.361713
-1.39561
-1.39561
-1.39561
-1.1604
-1.1604
-1.1604
-0.917426
-0.917426
-0.917426
-0.614574
-0.614574
0.43527
0.71858
0.71858
0.856737
0.856737
0.856737
1.13227
1.30653
1.32905
1.32905
0.62105
1.0801
1.0801
1.0801
1.30844
1.30844
1.30844
0.740949
0.740949
1.18658
1.18658
1.18658
0.608213
1.28194
1.52408
1.42457
1.42457
1.16353
1.16353
1.02865
0.977
0.977
0.977
1.15849
1.15849
1.15849
1.15849
1.15849
0.488143
0.882549
0.882549
0.882549
0.803014
0.803014
0.438225
1.31058
0.659683
1.11941
0.877856
1.16024
1.16024
0.854791
1.37841
1.37841
1.37841
1.37841
0.591611
1.37759
1.37759
1.13933
0.553841
1.53227
1.53227
1.53227
1.53227
1.63851
1.63851
1.63851
1.63851
1.63851
1.63851
1.67243
1.67243
1.01472
1.01472
1.01472
1.01472
1.01472
1.01472
1.01472
0.881624
0.804314
1.23003
0.973121
0.973121
0.922231
0.922231
0.922231
0.922231
1.40474
0.594127
0.594127
0.858666
0.858666
1.23369
0.569034
1.65605
0.541818
0.518806
1.35516
1.35516
1.35516
0.709601
0.709601
1.29344
1.29344
1.13581
1.13581
1.55145
1.55145
1.55145
1.83583
1.83583
1.83583
1.83583
0.910786
0.910786
0.910786
0.910786
0.910786
0.910786
0.910786
0.910786
0.910786
0.910786
0.338487
-0.813242
-0.333646
0.258273
1.00759
1.00759
0.971501
0.944397
0.944397
-0.0909484
0.337638
0.36298
-0.512094
-1.47029
-1.12136
-0.841467
-0.841467
-0.841467
0.217014
0.132474
-0.726923
-0.726923
-0.726923
-0.726923
0.427538
0.613968
0.613968
0.273334
-0.132789
0.263784
0.411434
-0.649483
-1.07923
-1.07923
-0.994377
-0.994377
-1.0187
-1.23778
-1.23778
-1.23778
-1.53473
-0.840514
-0.840514
-0.840514
-0.920278
-0.920278
-0.920278
-1.25353
-1.25353
-1.26247
-1.26247
-0.452162
0.0857238
-0.273127
-1.4181
-1.4181
-0.789449
-0.789449
-0.789449
-0.789449
-0.789449
-0.789449
-0.789449
-0.789449
-1.13422
-0.968666
-1.31003
-0.932673
-0.591077
-0.591077
-0.591077
-0.168992
-0.694427
-1.39848
-1.39848
-1.17526
-1.17526
-0.545733
-0.545733
-1.04026
-1.04026
-1.04026
-1.04026
-0.297519
-0.235681
-1.1408
-0.718323
-0.718323
0.381708
0.270822
0.968616
0.968616
0.968616
0.968616
0.838323
0.838323
0.811017
0.811017
0.811017
0.811017
0.811017
1.56964
1.56964
1.56964
1.56964
1.56964
1.23263
1.23263
1.23263
1.23263
1.16577
0.713753
0.713753
0.822449
1.14878
1.14878
1.14878
0.652219
0.652219
0.652219
0.652219
0.652219
0.652219
0.652219
0.652219
0.843995
0.564023
0.564023
0.568653
0.672632
0.672632
0.672632
0.852081
0.852081
0.485047
0.65197
0.867137
0.867137
0.867137
1.47838
1.47838
1.47838
1.06526
1.06526
1.26938
1.26938
1.26938
1.26938
1.26938
0.815203
0.815203
1.17883
1.17883
1.17883
1.21586
1.08211
1.08211
0.934227
0.934227
0.934227
1.55758
1.55758
1.55758
1.10864
1.10864
1.10864
1.17024
1.17024
1.17024
0.44182
-0.562862
-0.562862
-0.492828
-0.492828
-0.516713
-0.336114
-0.477463
-0.562102
-1.26357
-0.5455
-0.5455
-0.948722
-1.04854
-1.04854
-1.04854
-1.04854
-1.04964
-1.86147
-2.06109
-1.74829
-1.74829
-0.571496
-0.571496
-0.829692
-0.852762
-0.852762
-0.852762
-0.852762
-1.44846
-0.787635
-1.37221
-1.37221
-0.896568
-0.656622
0.346387
-0.774638
-0.774638
-1.56363
-0.454855
0.664602
0.664602
0.664602
0.505145
0.505145
1.61288
1.61288
0.979908
0.979908
0.809452
1.32433
0.722804
0.722804
0.722804
0.722804
0.722804
0.722804
0.722804
0.722804
1.13317
0.757863
0.429766
1.42405
0.413874
0.565723
0.925916
0.925916
0.374661
-0.35495
-1.29767
-1.29767
-1.29767
-1.25535
-0.674103
-0.674103
-0.701332
-0.53352
-1.59849
-0.838247
-0.838247
-0.981471
-0.992943
-0.992943
-0.992943
-0.992943
-0.992943
-0.475209
-0.329612
-0.329612
-0.652
-0.652
-0.938249
-0.938249
-0.938249
-0.938249
-0.579441
-0.435191
0.353615
-0.421579
-0.421579
-1.07139
-1.07139
-1.07139
-1.07139
-1.07139
-0.889455
-0.889455
-1.06635
-1.06635
-1.06635
-0.651411
-1.40621
-1.12709
-1.12709
-1.12709
-1.12709
-0.975408
-0.975408
-0.699025
-1.71237
-1.71237
-1.71237
-1.71237
-1.71237
-0.743063
-0.743063
-0.778714
-1.37689
-1.37689
-1.37243
-1.37243
-0.474323
-1.22781
-1.22781
-1.22781
-1.22781
-0.996719
-0.996719
-0.79883
-0.301921
-0.956597
-0.747468
-0.747468
-0.260465
-0.680135
-0.869855
-0.869855
-0.869855
-0.593249
-0.593249
-1.46835
-1.46835
-1.46835
-1.46835
-0.982145
-0.982145
-0.982145
-0.982145
-1.40734
-0.714376
0.244436
-0.478887
0.217365
0.131421
0.979116
0.887813
0.350305
1.35565
0.472624
0.847606
1.25864
1.25864
1.23617
1.23617
1.34068
1.34068
1.34068
0.583674
0.693263
0.693263
1.42294
1.32057
1.32057
1.61709
1.61709
1.53082
1.24126
1.24126
1.14142
1.14142
1.14142
1.14142
1.14142
1.14142
1.14142
1.14142
1.14142
1.14705
1.14705
1.22429
1.22429
1.09469
0.793205
0.793205
0.683426
0.692592
0.692592
-0.441359
-0.441359
-0.441359
0.52603
0.617785
0.340357
0.288946
0.288946
0.996723
0.996723
0.59742
1.26546
1.26546
1.26546
1.10713
1.10713
1.48681
1.48681
1.48681
1.48681
1.71218
1.71218
1.16024
0.668819
0.668819
0.668819
0.668819
0.668819
0.267124
0.701827
0.701827
0.701827
0.701827
0.623331
0.623331
0.759126
1.10455
1.10455
1.10455
1.10455
1.10455
1.10455
0.71348
1.23939
0.0751802
-0.642845
-0.642845
-1.68054
-1.68054
-1.0689
-1.0689
-1.0689
-1.0689
-1.0689
-0.542946
-0.542946
-0.542946
-0.73154
-0.73154
-0.73154
-0.73154
-1.586
-1.37344
-1.37344
-0.678339
-0.678339
-0.678339
0.46662
1.43864
1.43864
1.43864
0.58322
0.58322
0.0569351
-0.62046
0.325568
0.160522
0.309732
-0.631466
-0.278766
-0.233842
0.70213
0.666712
0.662016
0.662016
0.662016
0.662016
0.662016
0.662016
1.24751
1.02097
1.02097
1.02097
0.572464
0.487963
0.464861
1.04865
1.04865
1.04865
1.04865
1.04865
0.984379
1.11612
1.11612
0.672353
0.705567
-0.393157
0.478228
-0.697492
-1.47344
-1.44987
-1.12081
-1.13016
-1.13016
-1.13016
-1.13016
-1.13016
-1.01887
-1.01887
-1.5336
-1.31863
-1.53137
-1.53137
-1.53137
-1.53137
-0.944922
-0.944922
-0.944922
-0.944922
-1.49261
-1.49261
-1.46536
-0.471287
-1.25159
-1.40592
-1.40592
-1.73101
-2.02717
-1.52383
-1.41191
-1.17409
-1.17409
-0.593495
-0.593495
-1.26469
-1.26469
-1.61832
-0.909849
-0.743131
-0.743131
-0.743131
-0.743131
-0.661494
0.521684
0.521684
0.521684
-0.620732
-1.42036
-1.42036
-1.42283
-1.1942
-1.1942
-1.1942
-1.1942
-1.04003
-1.10616
-1.10616
-1.10616
-1.10616
-1.02231
-1.02231
-1.02231
-0.888159
-0.888159
-0.888159
-0.957809
-0.957809
-0.649859
-0.649859
-0.649859
-0.649859
-0.649859
-0.649859
-1.11572
-0.907274
-0.907274
-0.907274
-0.907274
-0.907274
-0.907274
-0.907274
-0.907274
-0.862341
-0.804191
-1.53882
-1.59593
-1.59593
-1.51662
-0.715988
-0.715988
-1.00269
-1.00269
-0.0566667
-1.22803
-1.22803
-1.22803
-1.37224
-1.37224
-1.33662
-1.33662
-1.33662
-1.33662
-1.33662
-1.33662
-1.45701
-0.450231
-1.06587
-1.1126
-1.1126
-1.1126
-1.1126
-0.40164
-0.40164
0.298993
0.166234
0.166234
-0.464608
-1.20271
-1.20271
-1.20271
-1.20271
-1.20854
-0.598026
-1.1508
-1.1508
-1.1508
-0.728158
-1.57871
-1.57871
-1.27293
-1.27293
-1.27293
-1.27293
-1.27293
-1.44236
-1.00818
-1.00818
-1.09419
-1.27818
-1.27818
-1.33388
-1.33388
-1.33388
-1.33388
-1.33388
-1.33388
-1.33388
-1.33388
-1.38453
-1.38453
-1.38453
-1.38453
-1.10959
-0.8025
-1.4452
-1.45318
-1.46805
-1.46805
-1.37758
-1.37758
-1.37758
-1.37758
-1.37758
-1.37758
-1.37758
-1.37758
-0.622896
-0.622896
-0.622896
-1.43238
-1.10624
-1.10624
-1.10624
-1.10624
-1.10624
-1.10624
-1.10624
-1.07471
-1.0359
-1.0359
-1.0359
-1.42076
-1.42076
-1.2436
-0.788889
-0.788889
-0.788889
-0.788889
-0.788889
-0.884231
-0.884231
-0.884231
-0.776767
-1.16375
-1.36883
-0.684539
-0.684539
-0.940473
-0.156635
-1.1933
-1.1933
-1.1933
-0.841252
-0.841252
-0.841252
-0.841252
-0.841252
-0.841252
-1.3578
-1.3578
-1.3578
-0.92166
-1.08236
-1.08236
-0.99941
-0.99941
-1.17645
-0.562608
0.621618
0.694526
0.694526
0.694526
-0.178638
-0.0184558
1.13397
0.834123
0.834123
0.834123
0.834123
0.834123
0.834123
0.834123
0.834123
0.834123
1.17817
1.17817
0.390403
0.79509
0.79509
0.79509
0.79509
0.79509
0.79509
1.39149
1.39149
1.39149
0.808589
0.808589
0.808589
-0.230402
-0.230402
0.0251357
1.08642
1.08642
0.912369
0.912369
0.912369
0.912369
0.912369
0.456709
0.456709
0.922962
0.922962
0.922962
0.922962
1.36459
1.36459
0.988589
1.26796
1.26796
1.26796
0.401759
0.0419985
0.480583
0.480583
0.480583
0.718016
0.718016
0.718016
0.464653
0.464653
0.112507
-0.695689
-0.695689
-0.695689
-0.695689
-0.695689
-0.695689
-0.683236
-0.437933
-0.437933
-1.55534
-1.13786
-1.13786
-1.13786
-1.13786
-1.27713
-0.90522
-0.90522
-0.889336
-0.823754
-0.291599
0.380538
0.496517
0.942136
0.942136
0.942136
0.207059
0.621081
0.201822
1.10672
1.10672
0.989261
0.989261
0.989261
0.989261
0.989261
0.989261
0.989261
0.989261
0.989261
0.989261
0.989261
1.4569
0.525648
-0.541761
-0.541761
0.405444
-0.552769
0.553649
0.553649
0.286012
0.398139
1.02598
1.02598
0.580633
1.05072
1.05072
1.05072
1.05072
1.05072
1.05072
1.05072
1.05072
1.05072
1.0944
1.0944
1.0944
0.240244
-0.205603
-0.139913
0.73709
0.73709
1.62942
1.62942
1.25022
1.25022
1.4167
0.683722
0.850181
1.37168
2.20757
1.75387
1.75387
0.709067
0.709067
-0.470213
-0.470213
-0.470213
-0.470213
-0.470213
-1.24199
-1.24199
-0.68457
-0.994587
-0.838168
-0.838168
-0.838168
-0.838168
-0.838168
-1.05134
-1.05134
-0.813433
-0.813433
-1.29874
-0.57558
-1.2782
-1.2782
-0.777052
-0.777052
-0.777052
-0.777052
-0.777052
-0.940826
-1.07213
-1.07213
-1.07213
-1.07213
-1.07213
-1.07213
-1.07213
-1.07213
-0.548084
-0.4976
-0.542437
-0.542437
-0.586889
-1.10055
-0.230219
0.704973
1.24683
1.24937
0.841641
0.841641
1.45011
1.45011
0.664135
1.38253
1.38253
0.887284
0.887284
1.2889
1.2889
1.48849
1.27532
1.27532
1.27532
1.27532
1.27532
1.27532
0.716013
0.740833
0.740833
0.740833
0.740833
1.06384
1.06384
1.06384
1.06384
0.839122
1.5635
1.5635
0.758231
0.758231
0.79644
1.06763
1.17591
1.53713
0.645603
1.79117
1.06075
0.509755
0.896412
0.896412
0.896412
0.896412
0.896412
0.896412
0.896412
1.28024
0.521872
0.521872
1.4474
0.277703
0.277703
-0.131028
-0.35288
-1.24522
-1.24522
-1.24522
-1.50505
-0.520723
-0.520723
-0.615141
-1.68332
-1.81338
-1.81338
-1.81338
-1.81338
-1.81338
-1.49989
-1.49989
-1.49989
-1.49989
-1.35103
-0.901666
-1.16696
-1.16696
-1.16696
-1.16696
-1.42085
-0.825545
-0.47392
0.198535
-0.276843
-1.15019
-1.15019
-1.15019
-1.37233
-1.37233
-1.17148
-1.19386
-1.19386
-0.734847
-0.550164
0.486431
0.486431
0.963018
0.97707
0.97707
0.97707
0.953558
0.953558
0.953558
0.953558
0.953558
0.953558
0.953558
0.953558
1.21219
1.21219
1.4671
0.334212
-0.390491
0.492854
0.585444
0.430673
1.04805
1.04805
1.04805
0.811453
0.676571
1.44892
1.00396
0.57297
0.613193
0.613193
0.613193
0.613193
1.01291
0.837515
0.837515
0.837515
0.718765
0.718765
0.85026
0.85026
0.85026
0.9936
0.698094
0.698094
0.641661
0.641661
1.2838
1.2838
0.846851
0.846851
0.846851
0.846851
0.846851
1.0828
1.0737
1.0737
1.0737
1.0737
1.0737
0.856576
0.83172
1.20013
1.20013
0.914314
0.914314
0.598152
1.06388
0.596535
0.596535
1.50539
1.50539
0.80814
0.80814
0.816859
0.816859
1.08112
1.08112
1.08112
1.08112
1.08112
0.607709
0.570462
0.686549
1.34141
1.30373
1.30373
1.30373
1.16477
1.16477
1.16477
0.326401
1.11219
1.11219
1.11219
1.11219
1.11219
1.11219
1.11219
1.11219
0.347067
-0.785823
-0.785823
-0.747654
-0.746195
-0.746195
-0.746195
-0.769462
-0.769462
-1.70771
-1.43176
-1.43176
-1.43176
-1.43176
-1.42501
-1.08839
-0.809775
-0.809775
-0.914668
-1.0613
-1.0613
-1.0613
-0.975833
-0.975833
-0.975833
-0.975833
-0.975833
-0.999467
-0.999467
-0.189222
-1.21583
-0.685768
-0.400342
-0.28031
-0.28031
-0.688479
0.497848
-0.679597
-0.679597
-0.679597
0.517198
0.517198
0.517198
0.561042
0.561042
0.561042
0.673
0.361372
0.751586
0.751586
0.928775
0.928775
1.30767
1.75437
1.75437
0.798595
0.798595
0.798595
1.12966
1.12966
1.12966
1.12966
1.12966
1.12966
0.741501
1.39396
1.44075
0.303865
0.147368
-0.969152
-0.969152
-0.72841
-1.69839
-1.69839
-1.69839
-0.669598
-1.49021
-1.49021
-0.837288
-1.30756
-1.30756
-1.31024
-1.31024
-1.50352
-1.45832
-0.74232
-0.630727
-0.645145
-1.68236
-1.45335
-1.45335
-1.45335
-1.45335
-1.45335
-0.538453
-0.538453
-0.538453
-1.5843
-1.5843
-0.686942
-0.686942
-1.19672
-1.19672
-1.19672
-1.19672
-0.596666
0.41625
1.44704
1.40087
0.819054
0.819054
0.352734
0.769593
0.769593
0.769593
0.236979
1.1385
1.20225
0.438692
0.438692
0.214389
-0.958911
-1.29543
-1.32966
-1.63173
-1.63173
-0.801334
-1.46301
-1.44585
-1.02975
-1.02975
-1.08093
-0.300867
-0.490008
-1.55091
-0.564782
-0.564782
-0.455566
-0.455566
0.578264
0.969681
1.12299
1.55037
1.55037
0.369397
0.441231
1.51236
1.83373
1.83373
1.83373
1.96042
1.96042
2.00436
1.21053
1.21053
1.3971
1.3971
0.977146
0.977146
0.977146
0.977146
1.1186
1.1186
1.1186
1.1186
0.848731
0.848731
0.848731
0.848731
0.848731
0.848731
0.848731
0.848731
0.848731
0.848731
0.658669
0.63883
1.10851
1.10851
1.10851
1.10851
1.17543
1.36752
1.36752
0.471448
0.436441
1.2468
1.2468
1.2468
1.0422
1.0422
1.0422
0.850538
0.850538
0.946524
1.32735
1.32735
1.32735
0.417488
-0.615088
-0.615088
-0.738987
-1.4135
-1.4135
-1.24403
-1.24403
-0.640932
-0.766249
-1.08732
-1.08732
-1.08732
-1.08732
-1.08732
-1.42507
-0.241255
-0.766757
-0.687269
-0.892713
-0.918986
-1.54478
-1.54478
-1.03969
-1.03969
-1.03969
-0.352954
-1.33152
-1.19157
-1.19157
-0.478434
-0.478434
-1.17377
-1.17377
-1.16677
-1.16677
-1.16677
-1.16677
-1.16677
-1.08657
-1.08657
-1.08657
-1.08657
-1.08657
-1.08657
-1.08657
-1.08657
-1.08657
-1.16868
-1.16868
-1.16868
-1.3777
-1.3777
-1.3777
-1.3777
-1.3777
-1.3777
-0.70026
-0.70026
-0.70026
-0.664026
-0.664026
-0.664026
-0.664026
-0.664026
0.490105
-0.0981061
-0.0123091
0.79725
0.79725
0.57702
0.57702
0.998912
0.196167
1.15492
1.15492
0.692334
0.911487
1.02532
1.26652
0.665144
1.50059
1.50059
1.26666
1.26666
0.622065
0.395966
1.35256
1.47058
0.705617
1.23175
1.23175
1.23175
1.34969
1.34969
1.3335
0.342337
-0.629032
-1.00891
-0.747143
-0.940984
-0.940984
-0.940984
-0.940984
-0.940984
-0.940984
-0.940984
-0.940984
-0.940984
-0.940984
-0.940984
-0.940984
-0.940984
-0.940984
-0.940984
-0.940984
-0.940984
-0.940984
-0.940984
-0.940984
-0.940984
-1.06716
-1.06716
-1.70791
-1.57623
-2.33499
-2.33499
-2.33499
-1.82357
-1.5429
-1.5429
-1.5429
-1.5429
-1.5429
-1.34649
-1.34649
-1.10206
-1.10206
-0.917488
-0.406861
0.748986
0.748986
0.748986
0.638327
0.638327
0.968692
0.968692
0.968692
0.437929
0.437929
1.07453
0.549797
0.549797
0.549797
0.786167
0.676728
0.676728
0.707498
0.658496
-0.524087
-0.571963
-1.26797
-1.26797
-1.28443
-1.06017
-1.06017
-1.06017
-1.06017
-1.06017
-1.06017
-1.06017
-1.06017
-1.06017
-1.06017
-1.64689
-1.64689
-0.466506
-0.651918
-1.00536
-1.00536
-1.00536
-0.639956
-0.639956
-0.639956
-0.639956
-0.262781
-0.262781
-1.39609
-1.39609
-1.69002
-1.6554
-0.759574
-0.59323
-0.59323
0.585536
1.44155
1.26899
0.847318
1.29876
1.22995
1.13017
1.08979
0.0770294
-0.0367108
-0.586682
-0.765166
-0.765166
-0.765166
-1.18825
-1.02119
-1.02119
-1.02119
-1.02119
-0.661122
-0.661122
-1.58654
-1.11453
-1.48306
-1.36637
-0.684523
-0.684523
-0.465435
0.490564
1.65348
1.65348
0.699207
0.699207
1.28741
0.915141
2.04506
2.04506
2.04506
1.64045
1.00265
1.00265
1.00265
1.00265
1.00265
1.00265
1.23302
1.23302
1.23302
1.23302
0.84351
0.84351
0.84351
0.84351
0.84351
0.84351
1.76182
1.76182
1.30268
1.39446
1.39446
1.022
1.31751
1.31751
0.533183
0.433163
-0.605663
-1.30971
-1.95753
-1.17276
-1.44351
-1.44351
-1.37121
-1.37121
-1.048
-1.048
-1.048
-1.048
-1.048
-1.21329
-1.21329
-1.30215
-1.30215
-1.30215
-1.30215
-1.30215
-1.30215
-1.24584
-0.477966
-0.369357
0.300732
-0.712111
-0.712111
-0.712111
-1.61563
-0.764721
-0.764721
-1.40387
-1.40387
-1.40387
-1.40387
-0.667597
-0.845402
-0.730187
-0.730187
-1.41108
-1.41108
-0.528972
-0.843397
-1.31342
-0.797097
-1.19634
-1.19634
-0.898313
-0.898313
-0.898313
-0.898313
-0.898313
-0.789492
-0.789492
-1.09029
-1.09029
-1.56193
-1.56193
-0.717872
-0.880249
-1.12458
-1.12458
-1.12458
-1.12458
-1.12458
-1.31067
-1.32803
-1.32803
-0.531219
-0.657355
-0.657355
-0.657355
-0.657355
-1.04074
-1.04074
-1.04074
-0.969532
-0.830733
-0.830733
-0.830733
-0.578322
-0.799883
-1.53301
-1.53301
-1.53301
-0.837495
-1.0314
-0.485441
0.132488
-0.152989
-0.420382
-0.420382
0.69042
0.844491
0.844491
0.844491
0.946943
0.946943
0.946943
0.45315
0.45315
1.59331
1.59331
0.816207
0.455529
1.42579
0.732375
0.732375
0.732375
1.03478
0.505156
1.3118
0.879812
0.879812
0.879812
0.879812
0.646596
0.646596
1.78965
1.34559
1.34559
1.34559
0.80761
1.21747
1.12594
0.369386
1.01607
1.01607
1.01607
0.569693
0.519582
0.519582
1.12168
1.12168
1.12168
1.2084
1.2084
1.28723
1.46303
1.12194
1.12194
1.08977
1.08977
1.55121
0.700179
0.700179
-0.407894
-0.456724
0.475565
0.475565
0.475565
0.980388
0.980388
0.980388
0.980388
0.980388
1.44544
1.44544
1.44544
1.38264
1.2437
1.2437
1.15016
1.46094
1.2266
1.2266
1.2266
1.2266
1.2266
1.2266
1.28993
1.28993
1.28993
1.64735
1.06481
1.06481
1.46627
1.47862
1.17907
1.17907
1.17907
1.17907
1.17907
1.17907
1.17907
1.17907
0.410033
0.363449
-0.50894
-0.50894
0.452825
-0.638754
-0.93305
-0.93305
-0.93305
-0.8104
-0.8104
-0.754519
-1.24837
-1.24837
-1.24837
-0.551987
-0.551987
-1.31032
-1.30677
-1.30677
-0.533925
-0.533925
-0.555361
-0.555361
-0.82419
-0.82419
-0.82419
-1.4974
-1.30301
-1.30301
-1.30301
-1.30301
-1.30301
-0.846099
0.288807
0.901682
0.901682
0.901682
0.901682
0.901682
0.901682
0.925528
1.04444
1.04444
0.647997
0.647997
0.647997
0.937704
0.880008
0.543229
1.15346
1.15346
1.15346
1.15346
0.444698
1.28335
1.28335
1.6167
1.6167
1.20398
1.20398
1.53592
1.53592
1.53592
1.53592
0.627527
0.905796
0.742162
0.829183
1.01247
1.23986
1.23986
1.23986
1.23986
1.23986
0.270176
0.592414
1.36081
1.36081
0.914314
0.914314
0.914314
0.914314
0.914314
0.914314
0.333534
1.15278
0.668116
1.65793
1.2196
1.2196
1.2196
1.2196
1.2196
1.2196
1.2196
1.2196
0.536526
1.09909
0.865866
0.865866
0.809638
0.651323
1.4409
1.4409
1.4409
1.24745
1.24745
0.721604
0.721604
0.0590441
-0.464039
-0.52847
-1.23076
-0.495554
-0.495554
-0.495554
-1.21207
-1.21207
-1.44964
-1.44964
-1.44964
-1.44964
-0.999745
-0.999745
-0.364639
0.715508
0.715508
1.55065
0.362573
1.02971
1.02971
1.02971
1.64671
1.64671
1.64671
1.64671
0.724267
0.724267
0.724267
1.41484
1.41484
1.41484
1.41484
1.15476
1.19813
1.19813
1.19813
1.19813
1.19813
1.2481
1.2481
1.2481
0.299926
0.184787
-0.809554
-0.809554
-1.25374
-1.25374
-1.2011
-1.2011
-1.42737
-1.42737
-1.3747
-1.3747
-1.3747
-1.28168
-1.28168
-1.28168
-1.28168
-0.805218
-0.805218
-0.805218
-0.805218
-0.805218
-0.805218
-0.805218
-0.47889
-1.53769
-1.53769
-0.543107
-0.543107
-1.68845
-1.68845
-0.884892
-0.884892
-0.884892
-0.884892
-0.731492
-0.331725
-0.861793
-0.861793
-0.861793
-2.04579
-0.853375
-0.853375
-0.853375
-0.853375
-0.853375
-1.20883
-1.07972
-1.07972
-1.07972
-1.07972
-1.02564
-1.02564
-1.02564
-1.02564
-1.02564
-0.720253
-1.63657
-1.63657
-0.575802
-0.532234
-0.532234
-0.556409
-1.39868
-0.889806
-0.252816
-0.512164
-0.512164
-1.45471
-1.45471
-0.825702
-0.825702
-1.15839
-0.665812
-0.665812
-0.665812
-0.665812
0.336048
0.336048
0.920341
0.716768
1.50353
1.11546
0.149063
1.23306
1.09207
1.09207
0.853136
0.853136
0.853136
0.853136
0.853136
0.5005
0.575927
0.800292
1.19219
0.473637
-0.403877
-1.47954
-0.378036
-1.35449
-0.93978
-0.93978
-0.93978
-0.93978
0.154012
0.950628
0.950628
0.763562
0.619205
0.665424
0.887122
0.887122
1.53722
1.53722
0.851597
0.851597
0.851597
1.54167
1.54167
1.29801
1.29801
0.819597
0.819597
0.562354
0.963988
0.963988
0.963988
0.963988
0.963988
0.963988
0.963988
0.963988
0.963988
1.04626
1.04626
1.32306
1.28487
1.25293
1.2732
1.19286
1.39668
0.858124
0.858124
0.858124
0.858124
0.858124
1.27134
1.27134
2.01038
1.34952
1.34952
0.959949
0.959949
0.959949
0.959949
0.959949
0.506743
-0.208582
-1.33983
-1.33983
-1.24971
-1.24971
-1.35303
-1.38167
-1.13321
-0.194
0.806284
0.806284
0.806284
0.806284
1.05053
1.05053
0.778874
0.443621
0.898955
1.37219
0.760895
0.760895
1.1427
1.32274
1.32274
0.834676
1.40317
1.40317
0.886866
0.886866
0.886866
0.886866
1.42172
1.42172
1.2454
1.2454
0.627401
1.10263
1.01051
1.01051
0.666016
1.07166
1.04215
0.912611
0.935262
0.935262
0.935262
1.53397
1.53397
0.379606
0.660178
1.06609
-0.0216424
-0.693319
-0.70058
-0.913513
-0.913513
-0.913513
-0.825856
-1.12107
-1.12107
-0.468688
0.523103
0.429304
0.429304
0.61607
0.61607
0.61607
1.1766
0.499543
1.21003
0.735434
0.735434
0.735434
0.949436
0.949436
0.949436
0.949436
0.653901
-0.335507
-0.281605
-0.155389
-0.937462
-1.27383
-1.27383
-1.27383
-0.348466
-0.597238
-0.597238
-0.597238
-0.943168
-0.863725
-0.48975
-0.48975
-0.99839
-0.99839
-0.0157367
0.156438
0.214991
0.64309
0.827232
0.827232
-0.290767
0.900863
0.900863
0.146424
0.423654
0.423654
0.423654
0.678853
1.38002
1.38002
1.38002
1.1147
1.1147
1.1147
1.1147
0.85443
1.20622
1.31238
1.31238
1.31238
1.31238
1.31238
0.877929
0.877929
0.877929
0.877929
0.877929
0.877929
0.548743
-0.608043
-0.365676
0.655127
1.39074
0.925917
1.24287
1.4376
0.831223
0.831223
1.55532
1.55532
1.55532
1.55532
1.07544
1.07544
1.07544
1.04219
0.865633
0.865633
1.98839
1.98839
1.19009
1.19009
1.6155
1.6155
1.13597
1.13597
0.986056
0.997149
0.997149
1.13854
1.13854
1.13854
1.25534
1.25534
1.25534
1.25534
1.25534
1.25534
1.25534
1.38469
1.36915
1.36915
1.52928
0.593352
0.593352
0.593352
0.593352
0.0630145
0.216109
0.741464
0.741464
0.741464
-0.315392
0.569677
-0.278079
-1.05781
-1.05781
-1.68851
-1.68851
-1.68851
-1.68851
-1.09871
-1.09871
-1.09871
-1.75671
-1.6419
-1.6419
-0.674452
-0.674452
-1.20329
-1.20329
-1.20329
-1.20329
-1.10874
-1.10874
-1.00786
-1.07968
-1.23747
-0.871809
-1.26228
-1.25694
-1.25694
-1.25694
-1.25694
-1.25694
-1.25694
-1.25694
-1.71881
-1.64985
-1.64985
-1.41534
-0.368448
-1.01228
-0.69898
-0.69898
-0.69898
-0.69898
-0.69898
-0.69898
-0.69898
-1.53395
-1.53395
-1.53395
-0.506993
0.0773561
-0.710813
0.447161
0.765882
0.765882
0.765882
0.0770082
-0.163681
0.632318
-0.0111384
0.684197
0.924333
0.924333
1.08623
1.08623
1.08623
1.08623
1.08623
1.08623
0.747455
0.747455
0.747455
1.01607
1.26332
1.26332
1.26332
1.26
1.11627
1.11627
1.11627
1.43608
1.43608
1.43608
1.12183
0.896967
0.648179
1.59082
0.749578
1.41027
1.23711
1.58331
1.58331
0.616628
0.0820678
-0.836087
-0.836087
-0.836087
-0.836087
-1.49187
-1.49187
-1.55768
-0.602436
-0.701244
-0.701244
-0.394193
-0.849321
-0.849321
-0.835235
-0.835235
-0.835235
-0.835235
-0.557941
-1.19111
-0.717588
-0.843892
-0.13422
0.917807
0.917807
0.917807
0.917807
0.917807
0.371061
1.4144
1.4144
1.4144
0.343054
-0.325931
-1.27521
-1.19442
-1.59908
-1.59908
-1.59908
-0.644172
-0.644172
-0.3866
-0.661436
-1.42385
-1.42385
-1.42385
-1.15323
-0.879231
-0.826244
-1.31111
-0.736025
-0.736025
-0.736025
-1.48316
-1.48316
-1.19243
-1.64114
-1.64114
-0.698796
-0.698796
0.112645
0.114668
-0.727286
-0.727286
-1.46334
-1.46334
-1.46334
-1.46334
-0.778949
-0.778949
-0.778949
-0.778949
-0.835355
-0.835355
-0.951974
-0.951974
-0.683688
-1.45693
-0.90886
-1.39177
-1.39177
-0.531122
-0.531122
-0.531122
-0.531122
-0.531122
0.206118
0.195676
0.783725
0.783725
1.33364
0.769806
1.37427
0.999273
0.999273
0.999273
0.999273
0.999273
0.940629
0.654644
1.3313
1.25893
0.91068
0.91068
0.91068
0.91068
0.91068
0.91068
0.91068
1.33858
1.56408
1.56408
1.14031
1.14031
1.14031
1.14031
1.14031
1.14031
0.394514
0.394514
1.26917
0.935051
0.935051
0.953961
1.01797
1.18207
0.45275
0.261676
1.13809
1.13809
1.60547
0.922328
0.922328
0.491537
1.17642
1.17642
0.744326
1.33194
1.33194
1.33194
1.37778
1.37778
1.08828
1.08828
1.0972
0.587012
1.23124
1.23124
1.23124
1.23124
1.23124
1.68902
1.2263
1.2263
1.2263
0.43085
0.43085
1.112
1.112
1.112
1.112
1.112
1.112
1.112
1.66392
1.52507
1.27101
1.27101
1.16973
1.16973
1.16973
1.16973
1.16973
1.16973
0.432363
1.19202
1.19202
1.04435
1.04435
0.885918
0.885918
1.39061
0.609876
0.388364
0.794225
0.794225
1.52059
1.52059
1.52059
0.32954
1.3816
1.02683
1.02683
0.525881
-0.510185
-0.510185
-0.510185
-0.510185
-1.68324
-1.68324
-0.600555
-0.600555
-0.600555
0.345702
-0.711509
-0.711509
-0.711509
-0.991487
-0.991487
-0.991487
-0.991487
-1.3661
-0.822388
-0.822388
-0.89011
-1.25627
-1.29363
-1.29363
-0.678031
-0.260497
0.794632
-0.293192
-0.994359
-0.994359
-0.994359
-0.994359
-0.994359
-0.994359
-0.994359
-1.62338
-1.62338
-0.856179
-0.856179
-0.856179
-1.07181
-1.07181
-1.07181
-0.7983
-0.591377
0.195144
0.208361
0.884971
0.884971
0.884971
1.43437
0.809958
-0.38479
-0.38479
-0.38479
-0.38479
-1.42016
-1.42016
-0.604831
-0.756481
-1.10436
-1.10436
-0.67665
-0.67665
-0.67665
-0.67665
-0.673292
-0.673292
-0.673292
-0.461936
-1.47096
-0.335045
-1.47636
-1.47636
-1.47636
-0.785308
-0.785308
-0.785308
-1.44285
-1.09481
-1.09481
-1.09481
-1.09481
-0.757146
-1.25679
-1.25679
-0.835315
-0.835315
-0.737888
-0.442511
-0.967436
-0.967436
-0.967436
-0.613554
-1.60492
-1.60492
-1.92171
-1.92171
-1.92171
-1.92171
-0.738975
-0.738975
-0.738975
-1.26943
-0.751789
-0.751789
-0.751789
-0.563508
-1.09888
-1.09888
-1.09888
-1.09888
-1.09888
-1.22676
-1.44374
-1.44374
-0.649929
-0.649929
-0.649929
-0.649929
-1.40436
-1.54574
-1.34077
-0.661424
-0.661424
-0.661424
-1.1657
-1.1657
-1.1657
-1.1657
-1.18524
-1.18524
-1.18524
-1.18524
-1.18524
-0.911153
-0.524472
-0.524472
-0.524472
-0.524472
-0.819547
-0.819547
-0.819547
-0.819547
-1.52299
-1.52299
-1.52299
-0.807769
-0.908407
-0.908407
-0.908407
-1.4397
-1.4397
-0.969532
-0.969532
-1.16776
-1.16776
-1.16776
-1.16776
-1.16776
-1.16776
-0.399256
-0.399256
-0.52957
-0.881487
-0.881487
-0.881487
-0.881487
-0.881487
-0.82033
-0.70825
0.394415
0.394415
0.658035
1.02
1.02
1.02
1.02
1.02
1.02
1.02
1.17219
1.17219
1.13694
1.13694
1.49901
1.4434
0.377623
0.377623
1.01
1.01
1.01
1.89216
1.89216
1.31255
1.31255
1.34121
1.34121
1.28411
1.28411
1.90321
1.94204
0.975709
0.975709
0.525059
0.525059
0.525059
-0.648446
-0.648446
-0.99262
-0.99262
-0.568492
0.361361
-0.358898
-0.00963244
-0.938467
-0.9839
-0.9839
-0.9839
-0.9839
-0.430947
-0.506923
-0.506923
-1.28187
-1.28187
-1.28187
-0.85176
-0.85176
-0.85176
-0.85176
-0.85176
-0.85176
-0.93575
-0.93575
-0.93575
-0.93575
-0.93575
-1.12621
-1.17399
-1.66532
-1.66532
-1.66532
-0.755474
-0.505895
-0.505895
-0.626508
0.35993
0.615387
0.615387
0.615387
0.739218
0.739218
0.739218
0.834176
0.834176
0.834176
1.16302
0.493691
0.493691
0.886869
0.85865
0.750582
0.750582
0.750582
1.18752
1.33643
1.33643
0.303715
0.666786
0.608074
0.608074
0.693851
0.693851
0.693851
0.693851
1.59799
1.34046
0.447994
-0.488904
-0.401364
-0.692348
0.505715
-0.666819
-0.666819
-1.58748
-1.56873
-1.56873
-1.56873
-0.68438
-0.68438
-0.560227
-0.560227
-1.29878
-1.29878
-1.29878
-0.766139
-1.43554
-1.43554
-1.16661
-1.23492
-0.984066
-0.984066
-0.890316
-0.734877
-0.734877
-0.734877
-0.734877
-0.734877
-1.46699
-1.83297
-1.22154
-1.22154
-1.22154
-1.22154
-0.980131
-0.980131
-0.980131
-0.980131
-0.980131
-0.980131
-1.07946
-1.07946
-1.07946
-1.07946
-1.07946
-1.07946
-0.360749
-0.879058
-1.14839
-1.14839
-1.14839
-1.0307
-1.0307
-0.952145
-1.17876
-1.60442
-1.60442
-1.60442
-1.60442
-1.60442
-0.41647
0.511582
0.711805
0.711805
0.606898
0.606898
0.606898
0.529389
0.529389
0.529389
0.529389
0.602177
-0.57442
-1.30341
-1.30341
-1.19463
-1.48685
-0.956735
-0.956735
-0.956735
-0.956735
-1.01576
-1.01576
-1.01576
-1.01576
-1.01576
-0.439577
-1.17044
-1.17044
-0.888017
0.287061
0.301599
1.13679
1.13679
1.13679
-0.0278641
-0.775372
-1.09739
-1.1442
-1.1442
-0.945016
-0.945016
-0.945016
-1.46244
-1.46244
-0.570957
-0.570957
-0.570957
-0.570957
-0.570957
-0.632101
-0.632101
-0.0818743
0.835184
0.835184
0.835184
1.27878
1.07343
0.862543
0.862543
0.862543
0.862543
0.862543
0.862543
0.862543
0.862543
0.862543
0.862543
1.23234
1.6266
1.6266
1.41213
1.3369
1.3369
1.3369
1.33465
1.33465
0.871496
0.868649
0.868649
0.868649
0.868649
1.00949
1.00949
1.00949
1.00949
1.17814
0.51911
1.58632
1.18224
1.18224
1.3908
1.3908
1.27091
0.168214
1.11218
1.11218
1.11218
0.976169
0.634018
0.527908
-0.50463
-0.681511
-0.681511
-1.66636
-1.72843
-1.72843
-1.72843
-1.72843
-1.20377
-1.20377
-1.20377
-1.34934
-0.687786
-1.09781
-1.09781
-1.09781
-1.01118
-1.01118
-1.01118
-1.01118
-1.01118
-1.01118
-1.01118
-1.01118
-1.01118
-1.44441
-1.44441
-1.46344
-0.709024
-0.709024
-0.709024
-0.709024
-0.709024
-0.385693
0.427691
0.885029
0.885029
1.24204
1.24204
0.609096
0.609096
0.970572
0.970572
1.15307
1.58358
0.940381
1.04066
1.04751
0.86396
0.165468
-0.54979
-0.357783
-0.810153
-0.810153
-0.810153
-0.810153
-0.810153
-0.810153
-0.810153
-0.810153
-0.810153
-0.810153
-0.810153
-0.810153
-0.810153
-1.13708
-1.13708
-1.13708
-1.13708
-1.13708
-1.13708
-1.13708
-0.73585
-1.02709
-1.02709
-1.14202
-1.14202
-1.14202
-1.14202
-1.14202
-1.14202
-1.14202
-1.65143
-0.551036
-0.551036
-1.44627
-1.2552
-1.2552
-0.535261
-0.787989
-0.380168
-0.899691
-1.03599
-1.17916
-1.47073
-1.47073
-1.47073
-1.41981
-1.83131
-1.51941
-1.51941
-1.47838
-1.47838
-0.553347
-0.553347
-0.874323
-0.874323
-0.874323
-1.06099
-1.06099
-1.06099
-1.06099
-1.06099
-0.734775
-0.459837
-0.708166
-1.27436
-1.27436
-0.576499
-1.07644
-1.07644
-1.07644
-1.07644
-1.16158
-1.09901
-1.19516
-0.968559
-1.39023
-0.627776
-1.29495
-1.29495
-1.29495
-0.757315
-0.757315
-0.757315
-0.757315
-1.17927
-0.622566
-0.622566
0.135532
0.526327
0.526327
0.532511
0.532511
-0.634626
-0.634626
-0.497307
-0.497307
-1.11185
-1.11185
-0.666598
-0.597545
-0.597545
-0.597545
-0.597545
-0.380752
-0.508197
-0.508197
-1.17832
-1.17832
-1.17832
-1.28778
-0.48422
-0.48422
0.624012
0.624012
0.18578
0.946343
1.61734
1.61734
1.61734
0.476255
0.476255
0.511256
1.34715
0.697107
0.900844
0.900844
0.900844
1.50408
1.50408
0.816482
0.816482
0.385187
0.72774
0.72774
-0.182566
0.792545
0.792545
0.6344
0.6344
0.6344
0.6344
0.6344
-0.563032
-0.953077
-0.776117
-0.89723
-0.569881
-0.569881
-0.569881
-0.909887
-0.909887
-0.909887
-0.909887
-1.16012
-0.742094
-0.674922
-1.358
-1.358
-0.606586
-0.606586
-0.606586
-0.618559
-0.618559
-0.618559
-1.04406
-0.893816
-0.893816
-0.893816
-0.893816
-0.983707
-1.18561
-0.746755
-0.837647
-1.24756
-1.23605
-1.23605
-1.23605
-1.23605
-1.23605
-0.983908
-0.983908
-0.983908
-0.983908
-1.49803
-1.49803
-0.633565
-1.69573
-1.69573
-1.69573
-0.912547
-1.27044
-1.27044
-1.27044
-1.27044
-1.27044
-0.581914
-0.630505
-0.630505
-1.10053
-1.09835
-1.09835
-1.09835
-1.09835
-1.09835
-1.09835
-1.09835
-1.09835
-1.09835
-0.802965
-0.802965
-1.36354
-0.619678
-0.619678
-0.795474
-0.795474
-0.795474
-0.795474
-0.795474
-0.795474
-1.44891
-1.44891
-1.44891
-0.83822
-0.83822
-0.83822
-0.83822
-0.83822
-0.83822
-0.83822
-0.708331
-0.708331
-0.708331
-0.708331
-0.771894
-0.771894
-0.771894
-0.771894
-1.19153
-1.21598
-1.21598
-0.970003
-1.13943
-1.13943
-1.13943
-1.13943
-1.13943
-1.13943
-1.13943
-1.13943
-1.13943
-1.13943
-1.02821
-1.14853
-0.81605
-1.35382
-1.33692
-1.33692
-1.33692
-1.01392
-1.01392
-1.49452
-1.49452
-1.49452
-0.915832
-0.989974
-1.25625
-1.25625
-1.25625
-1.25625
-1.25625
-0.925206
-0.925206
-0.925206
-0.925206
-1.08101
-1.08101
-0.793961
-0.887397
-0.887397
-0.887397
-1.67755
-1.02101
-1.02101
-1.02101
-1.02101
-1.02101
-1.02101
-0.554907
-0.554907
-0.554907
0.520994
0.520994
0.520994
0.952704
0.952704
0.952704
0.952704
0.952704
1.17513
1.17513
1.17513
0.50022
1.11935
1.11935
1.62667
0.77858
0.77858
1.3996
1.58938
1.55738
1.20861
1.20861
1.20861
1.20861
1.20861
0.543295
0.543295
1.65097
1.56603
1.56603
1.11876
1.11876
1.11876
1.11876
1.02896
1.02896
1.02896
1.02896
1.09487
1.27746
0.857738
0.857738
0.837
0.837
0.643463
0.643463
0.923505
0.923505
1.15134
1.15134
1.2461
1.2461
1.2461
1.2461
0.767847
0.767847
0.767847
0.767847
0.985738
0.389982
0.389982
0.389982
0.389982
0.692414
0.692414
0.692414
0.43609
1.04329
1.04329
1.04329
1.47755
1.47755
1.50083
0.627117
0.627117
1.098
1.098
1.69556
1.69556
0.511858
0.511858
1.52079
0.638623
1.58849
1.58849
1.58849
1.58849
1.50026
0.507109
1.50196
0.712155
1.40547
1.40547
1.40547
1.40547
0.972579
1.03731
1.22428
1.30483
1.30483
1.30483
0.590848
0.714855
0.79665
0.941721
-0.0895123
0.237956
0.112537
-0.799761
-1.1296
-1.1296
-1.1296
-1.1296
-1.1296
-0.934095
-0.934095
-0.934095
-0.890581
-0.890581
-0.265847
-1.20576
-1.20576
-1.20576
-1.20576
-0.576599
-0.576599
-1.45203
-0.484499
-0.484499
-1.16455
-1.16455
-1.16455
-1.16455
-0.917593
-0.917593
-0.917593
-0.917593
-0.61897
0.521408
0.918683
0.918683
0.918683
0.918683
1.15047
1.15047
1.15047
1.15047
1.14131
1.14131
1.19794
1.19794
0.698399
0.55212
0.55212
0.709383
1.10374
0.63414
0.63414
0.63414
0.586923
0.586923
0.971491
0.971491
0.971491
1.4919
1.29949
1.29949
1.29949
1.4156
0.637811
1.34296
1.34296
0.873047
0.873047
0.873047
0.346122
-0.541949
-0.541949
0.637596
0.597368
0.863945
0.863945
0.825374
1.46631
0.583555
0.583555
0.466577
0.466577
1.41905
1.41905
0.610812
0.610812
-0.529007
-1.03712
-1.26381
-1.26381
-1.3485
-1.06513
-1.06513
-1.2176
-1.01552
-0.37919
0.0930731
0.259792
-0.324799
-0.514493
0.434764
0.570991
-0.628126
-0.479525
-1.09387
-1.35865
-1.35865
-1.35865
-1.35865
-0.780912
-0.780912
-0.780912
-0.780912
-0.780912
-1.46282
-0.377007
-1.51558
-1.51558
-0.628947
-1.09297
-0.94083
-0.94083
-0.94083
-0.94083
-0.94083
-0.94083
-0.94083
-0.94083
-1.28068
-1.28068
-1.28068
-1.28068
-1.28068
-1.28068
-1.28068
-1.28068
-1.28068
-0.910417
-0.910417
-0.910417
-0.910417
-0.910417
-0.910417
-0.910417
-0.910417
-1.32321
-0.921825
-0.921825
-1.21683
-1.21683
-1.21683
-1.34948
-1.34948
-1.34948
-0.84318
-1.82594
-1.82594
-1.82594
-1.82594
-1.82594
-1.82594
-1.35137
-1.35137
-0.437712
-0.437712
0.509521
1.58149
1.58149
1.13604
1.13604
1.13604
1.06283
1.06283
1.06802
0.783082
0.618178
0.618178
0.618178
0.70702
0.70702
0.791553
1.15892
1.15892
1.15892
1.15892
0.977521
0.977521
0.977521
0.634333
1.12181
0.937114
1.22565
1.22565
0.773158
0.769098
0.769098
0.769098
0.769098
0.992608
0.898205
0.898205
0.898205
1.21332
1.21332
1.21332
0.456215
0.643189
1.479
0.608225
1.05813
1.39838
1.4924
1.75743
0.692331
-0.462983
-0.946081
-0.946081
-0.946081
-0.946081
-0.946081
-1.44201
-1.44201
-1.44201
-1.33027
-1.33027
-1.33118
-0.662536
0.0773928
0.316678
-0.1711
-1.3514
-0.643653
-1.36816
-1.36816
-1.36816
-1.36816
-1.36816
-1.36816
-1.74579
-1.74579
-1.74579
-0.950298
-1.00068
-1.00068
-1.00068
-1.00068
-0.749896
-1.0706
-1.0706
-1.0706
-1.0706
-1.60523
-0.793186
-0.793186
-0.793186
-0.793186
-0.793186
-0.802487
-1.54615
-1.54615
-1.47359
-1.47359
-1.47359
-0.960417
-0.960417
-0.960417
-0.960417
-0.960417
-0.960417
-0.974028
-0.868262
-0.8094
-0.8094
-0.8094
-0.8094
-1.08591
-1.08591
-1.08591
-0.652067
-0.652067
0.373328
1.20649
1.20649
1.20649
1.20649
0.975295
0.975295
0.975295
0.975295
0.975295
0.975295
0.650419
0.650419
0.50881
0.50881
0.50881
-0.539236
-0.207537
-0.0492559
-0.326147
-0.957252
-1.53263
-0.796846
-0.809088
-0.809088
-1.34327
-1.34327
-1.34327
-1.34327
-1.34327
-1.34327
-1.34327
-1.34327
-1.49108
-0.869472
-0.659771
-1.66228
-1.64014
-1.15167
-0.23132
-1.16129
-1.16129
-1.16129
-1.09882
-1.12854
-1.12854
-1.12854
-1.12854
-1.12854
-0.781092
-0.781092
-0.781092
-0.781092
-1.30348
-1.30348
-1.30348
-1.30348
-1.30348
-0.744541
-0.744541
-0.744541
-0.744541
-1.50794
-1.50794
-1.53407
-0.809052
-0.809052
0.114241
-0.131934
-0.162696
0.0614263
0.291399
0.863087
1.08882
1.08882
1.28792
0.29092
-0.166358
-1.31271
-1.31271
-0.819707
-0.819707
-0.819707
-1.39832
-1.02216
-1.02216
-1.02216
-1.32652
-0.302449
0.129985
-0.212124
-0.529206
-0.843071
-0.843071
-0.843071
-0.843071
-1.26645
-1.26645
-1.23906
-0.971062
-0.27063
0.240776
0.580414
0.580414
1.37972
1.37972
1.37972
1.37972
1.21881
1.21881
0.57398
-0.295696
-0.295696
0.838904
0.838904
1.61471
0.467715
0.467715
1.10105
1.24984
1.24984
0.599896
1.03114
1.03114
1.03114
1.0732
1.05617
0.770132
1.23119
1.27867
1.13618
0.953331
0.953331
1.29303
1.29303
1.52789
1.52789
1.27684
0.805876
1.24143
1.24143
1.24341
1.24341
1.24341
0.906669
1.13149
1.13149
1.13149
1.13149
1.35364
0.954933
0.954933
1.36522
1.23798
1.09608
0.220708
1.14315
1.14315
0.240558
0.110716
0.0206876
0.884791
0.884791
0.884791
1.15785
0.6412
0.6412
0.950006
0.950006
0.950006
0.950006
0.950006
0.950006
1.00103
1.00103
1.59987
0.538542
0.568242
0.568242
0.568242
0.568242
0.568242
0.568242
-0.541495
-1.04426
-1.04426
-1.04426
-0.392317
-0.436871
-1.55964
-1.56204
-1.28216
-1.28216
-1.28216
-1.28216
-0.713148
-0.51525
-1.25701
-1.74733
-1.32727
-0.847527
-0.816523
-0.480877
-0.778829
-0.778829
-0.676106
0.365062
-0.213676
-0.180773
0.732036
1.04036
1.04036
1.53089
1.53089
1.58415
1.52638
1.52638
1.52638
0.480153
1.36783
0.651609
1.03976
1.03976
0.801234
0.801234
0.801234
0.801234
0.801234
0.801234
0.801234
0.801234
0.725116
1.5584
1.5584
0.449001
-0.694196
-0.694196
-0.694196
-1.67109
-1.31493
-1.31493
-1.25834
-1.25834
-1.43024
-0.985583
-0.985583
-1.23161
-1.23161
-1.23161
-0.640009
-1.41147
-0.524096
-0.524096
0.312916
1.0627
0.333719
-0.50276
-1.32023
-1.32023
-1.32023
-0.612658
-0.612658
-0.992566
-0.992566
-0.612689
0.30201
0.572282
0.572282
0.572282
-0.136432
0.302408
1.1834
1.7111
1.7111
1.7111
1.7111
1.7111
0.548796
0.548796
1.22025
1.22025
1.22025
1.22025
0.256885
0.513106
0.890787
0.878081
0.853766
1.32625
1.32625
0.491135
-0.171645
0.489248
0.63487
0.63487
1.03146
1.03146
1.1323
0.677054
1.12305
0.67539
0.973349
0.925417
1.19646
1.19646
1.19646
1.40125
0.858804
0.858804
0.858804
0.858804
0.858804
0.858804
1.44644
1.44644
1.44644
1.44644
1.44644
1.44644
1.44644
1.44644
1.44644
1.22071
1.22071
1.24414
1.24414
1.24414
0.506719
0.737173
0.662942
1.3821
1.3821
1.3821
1.3821
1.41685
1.41685
1.19582
1.19582
1.19582
1.19582
0.708313
0.826001
0.826001
0.531747
0.531747
0.531747
-0.35608
-0.238695
-1.34165
-1.34165
-1.21324
-0.877698
-0.877698
-0.877698
-0.877698
-1.04029
-1.18508
-0.761362
-0.761362
-1.09915
-1.09915
-1.09915
-1.40463
-1.50058
-1.52134
-1.52134
-1.52134
-1.52134
-1.06453
-1.60519
-1.10455
-1.10455
-0.0658916
-0.0852891
-0.0852891
0.811852
0.811852
0.811852
0.811852
0.693313
0.954437
0.954437
0.521525
0.963271
1.10073
1.10073
1.10073
1.2479
0.529124
0.529124
-0.66798
-0.690036
-0.690036
-0.690036
-1.06124
-1.06124
-1.06124
-0.945099
-0.945099
-0.945099
-0.471505
-1.27809
-1.27809
-1.27809
-1.27809
-1.1903
-0.711668
-0.985116
-0.985116
-0.551413
0.358238
0.358238
1.34294
0.647409
0.857329
0.849344
0.889648
0.889648
0.889648
0.889648
0.867082
1.12711
1.12711
1.12711
1.33358
1.33358
1.33358
0.766838
1.49937
0.639239
0.612048
0.612048
0.612048
1.20322
1.20322
1.20322
1.20322
1.20322
1.20322
1.20322
0.680493
1.1362
1.1362
1.11831
1.11831
1.11831
1.11831
1.02911
1.22334
0.830189
0.830189
1.13625
0.992888
1.22867
1.22867
0.518366
0.931329
0.931329
1.58727
1.19129
0.521827
1.21587
1.01685
0.955568
0.955568
1.47885
1.47885
0.595967
0.595967
0.617374
0.912668
0.912668
0.764217
0.764217
0.536285
0.536285
1.50513
0.600223
0.600223
1.17454
0.991334
0.991334
0.991334
0.991334
0.945809
0.945809
0.945809
0.945809
0.762622
0.762622
0.960214
0.960214
0.960214
0.960214
0.960214
0.594971
0.856699
0.856699
1.6037
0.487782
0.487782
1.67313
0.901761
0.908729
0.908729
0.682902
1.35042
1.35747
1.35747
0.331308
0.331308
1.4153
1.4153
1.20922
1.20922
1.20922
1.20922
1.20922
1.20922
1.10349
1.26794
0.842073
0.842073
-0.289321
0.386538
0.386538
0.302979
-0.465089
0.453215
0.856564
1.47567
1.15253
1.15253
1.15253
0.684126
0.684126
0.684126
1.45337
0.789548
0.789548
1.50987
1.50987
0.750511
0.750511
0.750511
0.750511
1.25711
1.25711
1.25711
1.11132
0.936484
1.13526
1.13526
0.809839
0.809839
0.718199
0.718199
0.718199
1.30916
1.30916
0.470653
0.988804
0.988804
0.988804
0.988804
1.13161
0.647882
0.979521
0.979521
1.01841
1.01841
0.711562
0.798497
0.798497
1.22139
1.22139
0.975372
0.612784
0.612784
1.25251
0.615295
0.615295
0.615295
0.615295
0.820777
0.820777
0.820777
0.960103
0.960103
0.960103
0.180562
0.576716
1.24671
1.24671
0.967857
0.635704
-0.271637
-1.18117
-1.18117
-1.18117
-1.18117
-1.18117
-1.18117
-0.857793
-1.37664
-1.28278
-1.28278
-1.28278
-0.294865
-0.943183
-0.943183
-0.943183
-1.18783
-1.18783
-0.933669
-0.85551
-0.85551
-0.85551
-0.85551
-0.952468
-1.23683
-1.23683
-1.23683
-1.23683
-1.23683
-1.23683
-1.18632
-1.18632
-1.18632
-1.6642
-1.71933
-1.71933
-1.62938
-1.74279
-1.74279
-1.50916
-1.50916
-1.50916
-0.854629
-0.854629
-0.854629
-1.12841
-0.585949
-0.415583
-0.415583
-0.756371
-0.262244
-0.262244
-0.536862
-0.741018
-1.12727
-0.236607
0.877251
0.79196
0.79196
1.38485
1.38485
0.68248
1.1188
1.1188
1.1188
0.759187
0.870807
0.870807
0.571912
0.571912
0.927194
0.927194
0.927194
0.927194
0.927194
1.21874
0.963698
0.963698
0.963698
0.963698
0.963698
0.963698
0.983175
0.983175
0.983175
0.983175
1.52
1.0864
1.16922
0.796603
0.796603
0.796603
1.39034
1.39034
1.41692
1.41692
1.37208
1.37208
1.37208
1.18428
1.18428
1.18428
1.18428
1.18428
1.40369
1.40369
0.361993
0.834343
1.39588
1.39588
1.39588
1.39588
1.0421
1.0421
0.607465
0.607465
0.607465
0.607465
0.74098
0.74098
1.08143
1.08143
1.08143
1.08143
1.08143
1.08143
1.11973
1.11973
1.07496
0.757734
1.327
1.327
1.44461
1.44461
1.61717
1.61717
0.772167
1.17388
1.24475
1.24475
1.24475
1.24475
1.24475
1.24475
1.24475
1.24475
1.07193
1.07193
1.07193
1.01534
1.01534
1.2603
1.2603
0.948419
0.948419
0.61475
1.25791
1.5817
1.20011
1.20011
1.36366
1.36366
1.34229
1.34229
0.821185
0.821185
0.821185
0.821185
0.821185
0.821185
0.821185
0.493357
1.16419
1.16419
1.00295
1.00295
0.545947
1.20291
0.774328
0.774328
1.19246
1.19246
0.950819
0.950819
0.950819
0.601731
0.601731
1.33526
1.15423
1.15423
1.25897
1.35236
1.35236
0.411071
0.585493
0.585493
0.0211569
-0.325314
-1.40922
-1.3982
-0.840164
-0.840164
-0.442072
-1.27118
-1.4902
-1.4902
-1.4902
-1.48193
-1.03228
-1.03228
-1.28558
-1.28558
-1.41619
-1.5532
-0.830083
-1.22604
-0.0712879
0.902465
0.700712
1.40521
0.582229
0.582229
1.46914
1.64446
1.64446
1.19858
1.19858
0.465737
0.419796
-0.454082
-0.454082
-1.54545
-0.356242
-1.28938
-1.28938
-0.517094
0.316207
0.316207
0.334588
-0.410542
0.439756
1.26737
0.462032
0.462032
0.740727
0.740727
1.29728
1.29728
1.29728
1.29728
1.29728
0.551334
1.36888
1.1563
1.1563
0.868701
1.20283
1.20283
1.20283
1.20283
1.20283
1.00388
1.00388
0.0639401
1.11441
0.137968
-0.111996
-0.91013
-0.879374
-0.811638
-0.52033
-0.89485
-0.89485
-0.89485
-0.89485
-0.979845
-0.979845
-1.31934
-0.336848
-0.758973
-0.758973
-1.41415
-0.533559
-1.35681
-1.40161
-1.40161
-1.40161
-1.10457
-1.10457
-1.10457
-1.10457
-0.534212
-1.25821
-1.25821
-1.25821
-1.25821
-0.703858
-0.693995
0.29474
1.08633
1.08633
1.08633
0.668946
1.54377
0.367171
0.950544
0.356399
0.747454
0.747454
0.747454
0.747454
0.747454
0.809124
0.856787
0.856787
1.11711
1.11711
1.11711
1.11711
1.11711
0.451488
1.3947
1.3947
1.55039
0.905755
1.24894
1.24894
1.24894
1.24894
1.24894
1.24894
1.20226
1.20226
1.16162
1.16162
1.16162
1.16162
1.16162
1.16162
1.16162
1.16162
1.16162
1.16162
1.08112
1.08112
1.08112
1.08112
0.240209
0.00836454
0.936721
0.529333
0.908854
0.921474
1.03759
1.03759
1.03759
1.45745
1.45745
1.45745
1.01578
1.27649
1.26165
0.602135
0.654348
1.32907
1.32907
1.12889
1.31695
1.07446
0.709193
1.32333
1.32333
1.32333
1.32333
1.22069
1.22069
1.22069
1.22069
1.22069
1.28814
0.656388
0.479236
0.479236
1.11256
1.79177
0.943361
-0.135672
0.122033
-0.0831863
-0.310481
0.23781
-0.228196
-0.228196
-0.187376
0.786895
0.786895
0.786895
1.38774
1.38774
0.678865
0.678865
1.16969
1.16969
1.16969
0.452517
1.37819
1.37819
0.328985
1.37484
1.37484
1.37484
1.56809
1.555
0.504992
0.00164861
0.49514
1.47349
0.701303
-0.420783
-0.420783
-0.335706
-0.941268
-0.941268
-1.00335
-0.709039
-0.552764
-0.21054
0.318952
0.796247
0.319286
-0.525834
-0.927691
-0.927691
-0.927691
-1.11068
-1.36269
-0.5711
-0.5711
-1.3933
-1.3933
-1.3933
-1.3933
-1.47331
-1.04202
-1.04202
-1.04202
-1.04202
-1.17782
-1.17782
-1.17782
-2.13624
-2.13624
-1.82497
-0.922225
-0.922225
-1.21325
-1.21325
-1.21325
-1.21325
-0.94745
-0.94745
-0.94745
-0.94745
-0.94745
-0.94745
-0.386433
-0.336258
0.361069
0.361069
1.01738
-0.172407
-1.05988
-1.07015
-1.07015
-1.07015
-0.633472
-0.633472
0.430859
0.74193
0.74193
0.362502
1.27727
1.28966
1.28966
1.28966
0.75579
0.75579
1.25788
0.695253
1.12423
1.12423
1.12423
0.804538
0.804538
0.903685
1.41243
0.80179
0.80179
0.80179
0.80179
0.80179
0.932199
1.13943
1.13943
1.13943
1.56624
1.00193
0.700312
0.700312
0.700312
0.702692
0.702692
0.702692
0.702692
0.679488
0.679488
0.679488
0.679488
0.679488
1.3911
1.23309
1.23309
0.465302
0.836765
0.836765
0.733088
0.799598
0.799598
0.799598
0.43214
1.02086
0.997693
0.814349
0.814349
0.814349
1.32863
1.32863
0.69052
1.5345
1.34705
1.34705
0.915497
0.657285
1.36913
1.36913
1.36913
1.36913
0.550652
1.04962
1.04962
1.04962
1.04962
0.667935
0.869267
0.869267
0.869267
0.869267
1.32771
1.32771
0.601338
0.601338
0.601338
-0.560105
0.290408
1.03164
1.03164
1.03164
1.03164
1.03164
1.03164
1.03164
1.03164
1.03164
1.03164
1.03164
1.30286
0.994556
0.994556
0.822242
0.822242
0.765751
0.784805
0.784805
0.784805
0.659958
1.08311
1.08311
1.08311
1.17238
0.314548
1.38101
0.49673
0.918847
1.06711
1.06711
1.06711
1.06711
1.84756
1.84318
1.12768
1.12768
0.763506
0.763506
0.763506
0.763506
0.763506
1.23725
1.23725
1.23725
1.10734
1.12277
1.27861
1.29674
1.63662
1.01895
1.01895
1.01895
0.132663
0.947799
0.910869
0.24453
-0.788597
-0.788597
-0.841932
-1.43549
-1.56845
-1.22431
-1.22431
-1.03441
-1.03441
-1.03441
-0.909267
-0.593208
-0.282925
-1.15988
-1.37767
-0.663436
-0.98823
-0.98823
-0.98823
-0.98823
-0.965855
-0.965855
-1.00271
-1.00271
-1.00271
-1.00271
-1.00271
-1.00271
-0.432503
-0.505953
-0.926048
-0.863763
-1.44218
-1.40779
-1.40779
-1.40779
-1.40779
-1.25061
-1.25061
-1.25061
-0.416216
-1.61505
-1.29459
-1.30607
-1.74711
-0.889327
-0.889327
-0.889327
-0.889327
-0.768443
-0.768443
-0.90259
-1.665
-1.43962
-1.43962
-1.43962
-1.43962
-1.43962
-1.91593
-2.07753
-1.87879
-1.27107
-0.896185
-1.24403
-1.24403
-0.615574
-0.615574
-0.615574
-0.615574
-0.697379
-0.697379
-0.736868
-0.736868
-0.736868
-0.736868
-1.16688
-1.16688
-1.15593
-1.15593
-1.15593
-1.15593
-1.15593
-1.23948
-1.23948
-1.36983
-1.36983
-0.919256
-1.038
-0.332453
-0.431235
-1.55491
-1.45263
-1.45263
-1.26604
-1.26604
-1.26604
-1.35013
-1.35013
-1.35013
-1.36892
-0.680014
-1.30334
-1.30334
-1.30334
-1.30334
-1.43125
-1.43125
-1.26596
-1.26596
-1.13043
-1.13043
-1.23758
-0.722467
-0.346314
-1.45298
-1.45298
-1.77434
-1.05436
-1.31076
-1.31076
-1.41007
-0.588529
-0.588529
0.426787
1.45815
1.45815
1.45815
1.45815
1.45815
1.48148
0.514639
1.42303
1.42303
0.973153
0.950093
0.722454
0.722454
0.722454
-0.1572
-0.650862
-1.20731
-1.06458
-0.858693
-0.858693
-0.858693
-1.20883
-1.20883
-0.61297
-0.61297
-1.13984
-1.65708
-0.804999
-0.804999
-1.04475
-1.04475
-1.04475
-1.01672
-1.01672
-1.01672
-1.01672
-1.01672
-1.01672
-1.01672
-1.01672
-1.01672
-1.01672
-1.01672
-1.26781
-1.26781
-0.872723
-0.872723
-1.13463
-1.13463
-1.13463
-1.13463
-1.13463
-1.13463
-1.13463
-1.13463
-1.13463
-1.13463
-0.762515
-0.762515
-0.762515
-0.873522
-1.0513
-1.0513
-1.24563
-1.24563
-1.24563
-1.24563
-1.24563
-1.5071
-1.5071
-1.10227
-1.10227
-0.483232
-0.565525
-0.565525
0.491036
0.571456
0.50363
0.863072
0.863072
0.863072
0.863072
0.863072
0.623392
0.623392
0.623392
0.34306
0.477835
1.25543
1.25543
1.25543
1.25543
1.25543
0.80515
0.80515
0.922502
0.922502
1.0876
1.0876
0.485076
1.63047
1.73772
1.73772
1.73772
1.73772
1.73772
0.963139
0.963139
0.963139
0.855224
0.533622
0.368071
0.806054
0.806054
0.696106
0.696106
0.745647
1.52352
1.52352
0.420409
1.03401
1.03401
1.03401
1.03401
1.1542
1.1542
0.625221
0.544033
1.19452
1.19452
1.13713
1.13713
1.13713
1.13713
1.13713
1.13713
1.37397
1.3111
1.3111
0.617145
0.568103
0.568103
1.25569
1.38331
0.650563
0.650563
0.650563
-0.0696934
-0.123241
0.336401
0.336401
0.821697
0.821697
0.787397
1.28533
0.926722
0.926722
0.926722
1.12042
1.01033
0.383013
0.988548
0.612029
1.04172
1.04172
1.04172
1.42751
1.1402
0.602518
1.29704
1.29704
1.65313
1.65313
1.42341
1.42341
1.16395
1.16395
1.16395
1.16395
1.16395
1.16395
0.219193
-0.496249
0.387898
1.18282
1.18282
0.736104
0.736104
0.736104
1.22405
0.638481
1.34879
1.34879
1.34879
0.501069
1.67761
0.588659
-0.423634
0.502686
1.44505
0.961256
0.961256
0.961256
1.38681
0.777406
0.996107
0.996107
0.996107
0.996107
1.24249
1.24249
1.24249
1.24249
0.407243
0.407243
-0.56347
-0.749577
-1.36755
-0.517233
0.218112
0.218112
-0.501847
-1.36087
-1.36087
-1.31778
-1.31778
-0.957273
-0.957273
-0.957273
-0.957273
-1.64692
-1.58004
-0.518823
-1.52653
-0.627807
0.240234
0.240234
0.712344
0.723171
0.723171
1.44492
1.44492
1.44492
1.70974
0.823754
1.32631
1.32631
1.32631
1.32631
1.8921
0.950439
0.950439
0.950439
0.950439
0.950439
0.950439
0.950439
0.950439
0.452177
0.452177
1.02832
1.02832
0.913261
0.913261
0.913261
0.801314
1.07015
1.07015
1.07015
1.07015
1.52844
1.44793
1.44793
1.44793
1.52625
1.01508
1.01508
1.01508
1.01508
0.59113
0.213518
0.559548
0.945852
0.807183
1.22709
1.22709
1.22709
1.59172
0.860123
0.860123
0.585192
0.954405
0.954405
0.954405
1.43436
1.43436
1.43436
1.05647
1.05647
1.05647
1.05647
1.05647
0.896229
0.896229
0.896229
0.388172
1.04452
1.04452
1.04452
1.04452
1.04452
1.42592
1.42592
1.42592
0.782173
1.25928
1.58225
1.58225
1.12099
1.12099
1.12099
1.00238
1.00238
1.00238
1.00238
1.00238
1.00238
1.72616
1.72616
0.919944
0.919944
1.17267
1.17267
1.17267
1.38176
0.964677
0.964677
1.44448
1.23371
1.23371
1.23371
1.23371
1.23371
1.14605
1.14605
0.911849
0.888626
0.888626
0.888626
0.888626
0.888626
0.888626
0.801005
0.801005
0.801005
1.21806
1.75155
1.1859
1.1859
1.15441
1.10414
1.10414
0.948302
1.20057
1.20057
1.20057
1.20057
0.910188
0.910188
0.910188
0.910188
0.794043
1.47881
1.47881
1.47881
1.47881
1.11687
1.11687
0.833281
0.778705
0.778705
1.5153
2.03084
2.03084
1.88102
1.88102
1.88102
1.29442
1.38574
1.38574
0.90643
0.90643
0.41854
1.21836
1.21836
1.21836
1.49631
1.49631
1.49631
1.05691
1.38814
1.38814
1.5469
1.65063
1.43134
1.5309
0.370454
1.32279
1.32279
1.1981
1.1981
1.1981
1.10811
1.10811
0.485301
-0.339322
-0.339322
-0.62528
-0.62528
-1.42622
-1.12738
-0.541336
-1.26856
-0.916067
-0.916067
-0.916067
-0.766656
-1.27422
-1.27422
-1.25151
-1.25151
-1.25151
-1.25151
-0.978447
-0.833631
-0.833631
-0.833631
-0.833631
-0.833631
-0.917306
-0.917306
-1.1318
-0.764155
-0.764155
-0.764155
-0.764155
-0.904238
-0.716558
-1.05076
-1.05076
-1.02014
-1.16353
-1.16353
-1.16353
-1.16353
-1.16353
-0.707152
-0.642935
-0.642935
-0.642935
-0.642935
-1.3073
-1.06625
-1.38215
-1.38215
-1.38215
-1.38215
-1.08085
-1.08085
-0.654141
-1.55539
-1.55539
-1.55539
-0.970993
-0.970993
-1.28272
-0.831165
-0.831165
-0.831165
-0.996211
-0.996211
-1.47086
-1.19144
-1.19144
-1.19144
-1.19144
-1.09846
-1.09846
-0.793169
-0.793169
-0.969967
-0.969967
-0.969967
-1.17133
-1.28674
-1.28674
-1.28674
-1.28674
-1.43322
-1.43322
-1.43322
-1.09753
-1.14385
-1.14385
-1.14385
-1.14385
-1.14385
-0.86195
-1.51635
-1.74697
-0.811254
-0.811254
-0.26058
-0.224392
-0.527259
-1.05084
-1.05084
-1.05084
-1.05084
-0.525874
-0.525874
-0.642449
-0.642449
-0.642449
0.122211
-0.317731
0.325806
0.59447
1.03003
1.03003
1.03003
0.30701
1.43973
1.43973
1.22648
1.3639
1.3639
0.392699
0.392699
-0.661538
-0.661538
-0.661538
-0.661538
-1.36679
-1.41385
-1.41385
-1.41385
-1.41385
-1.41385
-1.41385
-1.41385
-0.223677
-0.223677
-0.526298
-0.526298
-0.16156
0.0730384
1.26227
1.26227
1.26227
1.26227
1.27254
1.27254
0.84881
0.84881
0.84881
0.839367
1.31135
1.71125
2.00798
2.00798
2.00798
2.00798
1.36475
0.927829
0.927829
0.927829
1.66493
1.66493
1.33651
1.33651
0.939152
0.939152
1.19992
1.19992
1.19992
1.30199
1.30199
0.885253
0.885253
0.885253
0.885253
0.885253
0.885253
1.45299
1.45299
1.45299
0.275719
1.03892
0.737021
-0.265889
0.854211
0.854211
0.462767
-0.317193
0.640661
0.640661
1.48248
1.48248
1.32274
1.31163
0.156403
1.25231
1.25231
1.25231
0.972352
1.07009
1.17625
1.3251
1.3251
1.3251
1.3251
1.3251
0.546885
0.546885
0.546885
0.15599
0.34532
0.528071
0.939802
1.17149
1.11571
1.11571
1.11571
1.11571
1.37587
1.37587
1.28306
1.28306
1.28306
1.28306
1.28306
1.28306
1.28306
1.28306
1.3148
0.414565
-0.0723099
0.813479
0.577411
0.176705
0.179807
-0.720605
0.349772
-0.621486
-1.62104
-1.62104
-1.62104
-0.547004
-0.496851
-0.496851
-1.25178
-1.25178
-1.25178
-1.48509
-1.48509
-1.48509
-1.48509
-1.48509
-0.745312
-0.745312
-0.710901
-0.710901
-1.73101
-1.10045
-1.10045
-1.10045
-0.905471
-0.905471
-1.27251
-1.27251
-1.18436
-0.842524
-0.842524
-0.842524
-0.126946
-0.157305
0.694608
1.39086
0.708262
0.708262
1.20978
0.876206
0.912147
0.661522
0.661522
0.661522
1.18252
0.824446
0.824446
0.849853
0.849853
0.384791
-0.242072
0.795165
1.28667
1.09049
1.09049
1.53896
1.54002
0.365094
1.37135
1.37135
1.37135
1.36732
1.36732
0.745246
1.76747
1.76747
1.76747
0.664261
1.01994
0.788669
0.788669
0.788669
0.914603
0.322685
0.322685
0.456444
0.456444
0.456444
0.236219
0.733298
0.733298
0.733298
0.733298
-0.251128
0.113246
-0.986289
-1.32972
-1.48683
-1.48683
-1.48493
-1.10555
-1.10555
-1.10555
-1.10555
-0.7604
-0.7604
-1.09537
-1.09537
-1.53669
-1.53669
-0.466493
-0.655193
-0.655193
-0.459951
-0.714018
-0.714018
-1.19189
-1.19189
-0.874125
-0.811287
-0.811287
-0.811287
-0.811287
-0.859801
-0.859801
-0.859801
-1.38238
-0.867594
0.300511
0.384038
-0.189941
-0.867025
-0.867025
-0.867025
-0.867025
-0.867025
-0.867025
-0.901527
-0.901527
-0.901527
-0.449741
0.0735623
0.325199
-0.42487
0.329039
1.36548
1.36548
1.59928
1.59928
1.59928
0.978986
0.508695
0.810054
0.810054
0.810054
0.234833
-0.320093
0.606837
0.592625
0.704233
0.691687
1.2665
0.838908
0.838908
0.838908
1.33797
0.571132
0.00195896
0.595367
0.600418
0.600418
1.26572
0.730911
0.730911
0.730911
1.01814
0.884569
0.884569
0.884569
0.601174
1.37416
1.37416
1.37416
0.871006
0.871006
0.871006
1.62365
1.58738
0.671747
0.671747
0.803542
0.503233
-0.632902
-0.632902
-1.29435
-1.29435
-1.4329
-0.766432
-0.766432
-1.14874
-1.14874
-1.14874
-1.14874
-0.85467
-0.85467
-1.02681
-1.02681
-1.02681
-1.13812
-1.13812
-1.02387
-1.46131
-1.46131
-0.986251
-1.24397
-1.24397
-1.24397
-1.24397
-0.928092
-0.678443
-0.678443
-1.08928
-1.23343
-1.23343
-1.23343
-1.23343
-1.28561
-1.28015
-1.28015
-1.28015
-0.719782
0.130018
-0.748158
-0.748158
-0.748158
0.430118
0.733384
0.733384
1.17854
0.673631
0.673631
0.358133
0.358133
0.531867
0.531867
0.531867
0.679545
0.679545
0.679545
0.679545
1.06451
1.1881
0.753442
0.753442
1.16085
1.16085
1.16085
0.613103
-0.349802
-1.39216
-0.220503
-0.244666
0.841534
1.21673
1.21673
0.988442
0.988442
0.988442
1.24602
1.07617
1.07617
1.07617
0.884124
0.923919
0.923919
1.31593
1.31593
1.31593
1.31593
1.31593
0.435168
1.55174
1.55174
0.961571
0.961571
0.961571
1.31748
1.31748
0.498284
0.851664
0.851664
0.851664
0.851664
0.851664
0.940789
0.527821
0.527821
0.527821
1.35882
1.35882
0.722209
0.722209
0.722209
0.722209
0.585177
1.03238
1.03238
1.03238
1.03238
1.03238
1.03238
1.03238
0.68081
0.68081
0.714797
1.05409
1.05409
1.22761
1.22928
1.22928
1.22928
1.22928
1.22928
0.684754
0.684754
0.159872
0.77317
0.77317
1.55231
1.40164
1.40164
1.40164
1.22835
1.22835
1.22835
1.43303
1.04863
1.11173
1.11173
1.06911
1.22308
1.22308
1.28672
1.28672
1.28672
1.28672
1.21492
1.21492
0.716973
0.716973
0.716973
0.716973
0.716973
0.716973
0.553678
-0.480506
-0.598737
-0.598737
-0.598737
-1.38979
-1.38979
-1.38979
-1.68013
-0.801351
-0.801351
0.354257
0.354257
0.354257
0.946083
1.10565
1.10565
1.10565
1.15106
1.15106
1.15106
0.827468
0.827468
0.722612
1.2013
1.2013
1.2013
1.0635
0.97013
0.750017
1.18946
1.18946
1.18946
1.33721
1.33721
1.15478
1.15478
1.15478
0.872225
0.872225
2.06225
1.57364
0.965433
0.965433
0.965433
0.965433
0.965433
0.388294
1.29777
1.37929
1.37786
1.56856
1.56856
1.06819
1.41729
1.41729
1.40173
1.28988
0.667471
1.32815
1.32815
1.32815
0.839052
0.602975
1.40356
1.40356
0.428808
-0.402793
-0.402793
0.351143
-0.807882
-0.807882
-0.807882
-0.807882
-0.802667
-0.802667
-0.695119
-1.19449
-1.19449
-1.14263
-0.395016
-0.995771
-0.995771
-0.995771
-0.995771
-1.03667
-1.52522
-1.42836
-0.457533
-1.00454
-0.537988
-0.537988
-0.979061
-1.37055
-1.37055
-1.37055
-1.3898
-1.3898
-1.27933
-1.27933
-0.595997
-0.595997
-1.56304
-1.56304
-1.56304
-0.430912
-0.430912
-1.01401
-1.01401
-1.01401
-1.01401
-1.01401
-1.01401
-1.01401
-1.01401
-1.01401
-1.24214
-1.24214
-0.771537
-1.16558
-1.16558
-1.16558
-1.16558
-0.823186
-1.27931
-1.27931
-1.27931
-1.4529
-1.4529
-1.4529
-0.484247
0.328257
0.635189
1.71755
1.71755
1.71755
1.71755
0.875115
0.875115
0.888963
0.907619
1.21284
0.940946
0.896964
0.754321
0.754321
0.754321
0.754321
0.748849
0.824254
0.824254
1.17461
1.17461
0.473829
0.984346
0.932867
0.932867
1.10905
0.870048
0.775986
0.775986
0.775986
1.39835
0.623561
0.623561
0.623561
-0.568769
-0.0935861
-0.0277631
0.0894959
-0.543051
-0.490488
-0.529776
-1.34995
-1.34995
-1.34995
-1.42796
-0.692572
-1.04853
-1.28462
-1.28462
-0.87847
-0.87847
-0.87847
-1.03456
-1.03456
-1.03456
-1.03456
-1.03456
-1.03456
-1.03456
-1.03456
-1.03456
-0.897885
-0.580877
-0.430919
-1.3999
-0.57332
-0.527436
-1.68838
-1.68838
-0.874312
-0.874312
-0.874312
-0.360412
-0.360412
-0.360412
-1.30476
-1.30476
-0.924725
-0.924725
-0.924725
-0.924725
-0.924725
-0.924725
-0.924725
-0.924725
-0.924725
-0.924725
-0.924725
-1.14934
-1.14934
-1.14934
-0.523514
-0.0028761
0.596107
0.20282
0.429911
-0.508038
-1.20236
-1.26697
-1.26697
-1.29667
-1.29667
-1.29667
-1.29667
-0.388736
0.446013
1.29839
1.29839
0.22865
1.22744
1.22744
0.486374
-0.0940498
-1.18655
-1.18655
-1.18655
-1.18655
-1.18655
-0.970532
-1.24811
-1.24811
-1.24811
-0.729991
-1.06229
-1.06229
-0.923868
-0.923868
-0.923868
-0.980746
-0.639862
-0.761428
-0.761428
-0.965527
-0.965527
-0.965527
-1.58169
-1.22433
-1.22433
-1.22433
-1.22433
-0.919952
-0.919952
-1.00091
-1.00091
-1.00091
-1.00091
-1.00091
-1.00091
-1.00091
-0.512273
0.124941
0.123547
-0.490444
0.45217
-0.420017
-0.349721
0.476972
1.05422
1.05422
1.29975
0.881188
0.849779
0.849779
1.67367
0.596582
-0.569225
-0.73259
-0.73259
-1.26012
-1.26012
-1.26012
-1.13649
-1.13649
-1.13649
-1.13649
-1.31999
-1.27585
-1.27585
-1.27585
-1.27585
-0.706822
-1.81043
-1.81043
-1.81043
-1.89595
-1.0384
-1.58215
-1.74244
-0.765327
-0.765327
-0.141886
0.616592
0.717256
1.16882
1.16882
1.2899
1.2899
1.06665
1.51665
0.42349
0.893747
0.893747
0.893747
0.927797
1.1445
1.1445
1.1445
1.16241
1.16241
1.31093
1.31093
0.849877
0.849877
0.818016
0.818016
0.843578
0.843578
0.843578
1.50183
1.50183
1.50183
1.50183
1.50183
1.50183
1.50183
1.50183
0.686014
0.686014
0.686014
1.76338
1.76338
1.76338
0.748719
1.07048
1.07048
1.07048
1.07048
1.07048
1.07048
1.10425
1.10425
1.10425
1.06319
1.06319
1.06319
0.817218
0.817218
0.783129
0.834035
0.834035
0.953485
0.953485
0.953485
0.953485
0.953485
0.953485
0.953485
0.953485
0.953485
0.953485
0.953485
0.953485
1.38189
0.884577
0.884577
1.03517
0.493244
-0.51845
-0.51845
-1.43399
-0.802616
-0.754367
-1.17965
-1.17965
-1.17965
-0.585599
-0.585599
0.0533741
-0.177976
-0.531343
-0.531343
-1.49199
-1.49199
-0.601793
0.479062
1.39115
1.39115
1.39115
1.39115
1.39115
0.4931
-0.491064
-0.945687
-0.938019
-0.938019
-0.938019
-0.938019
-0.938019
-0.938019
-0.938019
-0.938019
-0.938019
-0.938019
-1.00664
-1.00664
-0.793537
-0.793537
-1.23089
-1.23089
-0.664794
-0.664794
-0.664794
-1.49009
-1.49009
-1.49009
-0.839335
-0.839335
-0.839335
-0.85569
-0.85569
-0.85569
-0.85569
-0.85569
-0.260692
0.922283
0.451744
1.11746
1.11746
1.11746
1.11746
1.11746
1.1065
0.780661
1.67636
0.59712
0.59712
0.608289
1.43906
0.801335
0.801335
1.18584
1.446
1.446
1.446
0.689561
0.689561
0.689561
0.689561
0.689561
0.689561
0.48123
0.245971
1.21522
1.21522
1.21522
1.19833
1.19833
1.19833
1.19833
0.487131
1.22795
1.3074
0.368223
-0.572272
-1.12735
-1.12735
-1.57461
-1.57461
-1.57461
-1.41938
-1.41938
-1.41938
-0.660456
-1.00942
-0.959836
-0.959836
-0.959836
-0.959836
-0.959836
-0.959836
-0.959836
-0.959836
-0.959836
-0.959836
-0.959836
-0.959836
-0.75608
0.419077
0.431192
0.431192
0.431192
-0.484751
0.459806
0.0316225
-0.820173
-0.820173
-0.901808
-0.901808
-0.901808
-0.901808
-0.901808
-1.57862
-1.16912
-0.785523
-0.916626
-0.916626
-0.916626
-0.913284
-0.913284
-0.913284
-0.417673
-1.34593
-0.585861
-0.392625
0.54992
0.54992
0.54992
0.468812
0.148416
0.64156
0.64156
1.32629
1.32629
1.32629
0.982421
0.982421
0.982421
0.982421
0.982421
0.982421
1.00148
1.00148
1.00148
1.00148
1.00148
1.00148
1.00148
1.00148
0.963711
0.963711
0.963711
0.0278929
0.891917
0.891917
0.891917
0.891917
0.891917
0.7948
0.7948
1.09761
0.455602
-0.559803
-1.00991
-1.00991
-0.959299
-0.959299
-0.959299
-0.959299
-0.959299
-1.01012
-1.28951
-0.784175
-1.06488
-1.06488
-1.65753
-1.65753
-1.65753
-1.65753
-1.65753
-1.65753
-1.65753
-1.24672
-1.24672
-1.24672
-1.24672
-1.24672
-1.24672
-1.24672
-1.22955
-1.22955
-0.884837
-1.37395
-1.37395
-1.37395
-1.20958
-1.20958
-1.34729
-1.34729
-1.34729
-1.34729
-0.610961
-0.547295
0.320902
-0.457426
-0.584897
-0.584897
-0.448437
-0.595057
-0.595057
-1.02582
-1.50335
-1.63324
-0.996199
-1.30993
-0.961421
-1.07657
-1.02917
-0.0767178
-1.25298
-1.25298
-1.25298
-1.25298
-1.25298
-1.25298
-1.25298
-1.25298
-1.68863
-1.13913
-1.13913
-1.02094
-1.02094
-0.653585
-1.18574
-1.18574
-1.18574
-1.18574
-1.39864
-1.39864
-1.49272
-1.49272
-0.899608
-1.33634
-1.33634
-1.33634
-1.33634
-1.33634
-1.48493
-1.48493
-1.48493
-0.737336
-1.19915
-1.42683
-1.42683
-1.42683
-1.08265
-1.08668
-1.08668
-1.06216
-1.41902
-1.20504
-1.20504
-1.20504
-1.69544
-1.69544
-1.88125
-0.88951
-0.88951
-1.37864
-1.37864
-1.37864
-0.301302
-1.38674
-1.10653
-1.40938
-1.40938
-1.40938
-1.43808
-1.72903
-1.72903
-1.58702
-0.780891
-0.780891
-0.885841
-0.885841
-1.26877
-1.26536
-1.26536
-1.26536
-0.842209
-1.902
-1.39324
-0.596956
-1.03825
-1.03825
-1.03825
-1.46262
-0.783335
-0.783335
-0.783335
-0.783335
-0.639573
-0.639573
-1.27408
-1.27408
-1.27408
-1.13527
-1.13527
-1.034
-1.034
-1.034
-1.034
-1.034
-1.034
-1.034
-0.961891
-0.609242
-0.609242
-0.921966
-0.921966
-0.772481
-1.15047
-1.15047
-1.15047
-1.15047
-1.13627
-1.13627
-1.13627
-1.55201
-1.55201
-1.55201
-1.55201
-1.46055
-1.46055
-1.46055
-0.911251
-0.911251
-1.11005
-1.11005
-1.11005
-0.624227
-0.940724
-0.940724
-0.940724
-0.918732
-0.918732
-0.918732
-0.918732
-0.918732
-1.16684
-1.16684
