11.2846
10.7418
9.60849
6.80975
5.98075
5.98075
5.98075
5.98075
7.42737
6.92393
9.75809
9.3786
9.3786
10.3781
8.75026
8.98718
6.9726
6.9726
6.9726
6.9726
6.9726
6.9726
6.9726
7.2193
7.2193
7.2193
7.26843
7.26843
7.26843
8.25761
8.25761
8.03256
8.03256
8.18385
6.4896
6.4896
6.85711
6.96931
5.90597
6.99437
6.95065
8.8961
7.00079
3.49584
3.49584
3.49584
5.33593
5.33593
5.33593
5.33593
5.33593
5.33593
6.26564
6.26564
5.30439
5.30439
4.23286
4.23286
6.48077
3.81426
3.81426
3.81386
3.49898
5.33208
5.33208
3.03114
3.03114
3.03114
3.03114
3.03114
3.03114
5.35469
3.5875
5.09595
5.09595
4.90789
4.90789
4.90789
5.5099
5.28531
5.28531
3.8952
3.8952
3.8952
1.45696
1.45696
1.45696
1.45696
2.44158
2.44158
5.12236
5.12236
3.57645
3.57645
5.81763
5.81763
5.81763
5.28992
7.18721
7.18721
4.98923
4.98923
4.98923
4.98923
7.0157
7.0157
7.0157
5.93756
5.93756
7.34251
8.99469
8.99469
6.74157
8.22734
5.89591
5.89591
4.76004
4.76004
3.94433
4.87213
4.87213
4.87213
6.45534
6.45534
6.45534
5.65932
6.261
6.261
6.261
5.31876
4.50013
4.50013
5.20239
6.11951
3.44543
2.34004
2.69204
3.46144
3.46144
3.46144
3.46144
3.46144
2.06957
2.06957
4.4966
4.4966
4.71864
4.71864
4.71864
6.13802
8.48774
8.48774
8.48774
8.48774
9.24537
9.24537
9.24537
9.24537
9.24537
9.24537
6.55543
6.13543
4.53569
5.1634
5.00696
2.56628
2.56628
2.56628
2.56628
2.56628
2.56628
2.56628
2.56628
5.20833
5.7519
5.7519
4.81866
4.81866
4.81866
4.02097
4.43303
4.43303
2.35105
2.35105
1.43942
1.43942
2.62463
2.62463
2.62463
2.62463
2.62463
2.62463
2.62463
2.62463
2.62463
2.62463
2.62463
2.62463
2.62463
3.18701
3.18701
5.42405
3.5825
3.5825
3.17611
2.02935
2.02935
2.02935
2.02935
4.68407
4.68407
4.68407
4.68407
6.14982
6.14982
4.62949
4.62949
6.95837
4.31597
3.06647
3.06647
3.06647
2.36649
2.36649
2.09064
2.09064
2.09064
2.09064
4.97808
4.97808
3.73411
3.73411
4.63035
4.63035
4.63035
2.41596
3.21174
3.21174
4.55195
4.55195
1.93756
1.93756
1.93756
1.93756
1.93756
1.53982
4.87879
3.83602
5.88765
4.72688
4.72688
4.0145
4.16378
4.16378
4.87562
4.87562
4.87562
4.87562
4.87562
3.41468
4.92103
5.23751
5.31679
6.12296
6.12296
4.53874
4.53874
4.53874
5.16631
5.47964
6.93788
4.29677
2.38798
3.57161
3.57161
2.95817
2.95817
2.95817
2.95817
2.95817
4.38349
4.38349
6.37009
7.27377
4.78447
4.78447
6.85752
5.19697
5.19697
6.51208
6.51208
7.27713
5.66176
5.07184
5.07184
4.42798
4.42798
3.85386
4.76271
4.76271
3.92713
3.92713
1.2858
1.2858
1.2858
2.80914
2.80914
3.84753
3.84753
4.1556
6.58286
4.27665
4.27665
4.27665
4.27665
2.55942
3.4165
3.4165
3.21194
2.61049
2.61049
4.10468
4.10468
2.58368
2.58368
3.55601
5.23046
4.08802
4.90193
4.91682
3.93363
3.93363
2.08805
3.27741
3.27741
3.27741
6.59864
6.59864
8.82443
6.88079
7.07223
7.07223
7.07223
8.41894
6.01022
3.55547
6.21205
7.66469
6.40226
3.46623
3.46623
5.24766
5.24766
5.24766
5.24766
6.10587
5.27227
5.27227
5.27227
3.45001
5.82626
7.62988
10.404
11.0128
11.0128
11.0128
11.0128
10.1059
10.1059
10.8999
10.8999
10.9777
10.9777
9.47378
9.47378
9.47378
8.66872
6.31326
4.14703
4.34082
4.10285
4.10285
1.13407
3.82105
5.49736
10.0115
9.96468
9.96468
9.10719
9.31296
6.67146
6.67146
6.67146
6.93234
6.93234
5.42598
5.42598
4.76257
4.76257
4.76257
6.22829
8.18344
8.03678
8.03678
7.68079
7.68079
6.38427
6.38427
5.76802
5.76802
8.47935
8.47935
8.47935
10.9719
10.5749
8.09184
8.09184
8.09184
8.09184
8.09184
6.43418
6.43418
5.06373
5.81283
5.81283
5.81283
5.81283
4.25035
4.25035
2.4167
2.4167
3.16524
4.32888
3.04959
3.58316
3.58316
3.58316
3.58316
2.5793
4.65604
2.38951
2.38951
2.38951
2.38951
3.7756
3.7756
3.64478
5.28624
5.28624
5.88317
7.16219
7.16219
5.49737
5.49737
5.49737
5.49737
5.49737
3.73935
3.73935
4.45607
4.45607
4.45607
3.79015
2.95871
2.95871
2.95871
5.24582
5.24582
6.62066
6.62066
6.62066
6.43526
4.28052
4.49947
3.28178
0.992317
3.5546
3.95014
2.40871
2.29044
2.29044
3.28157
3.28157
5.32428
5.32428
5.45495
5.45495
5.45495
5.45495
5.55307
5.55307
5.55307
5.55307
4.66761
4.66761
4.66761
4.66761
4.2438
4.2438
3.33243
3.87815
4.67028
4.67028
3.29794
4.62083
4.62083
4.62083
3.11431
3.11431
3.11431
3.18413
4.91691
5.23108
7.44246
8.93249
8.16323
5.27823
4.82563
4.23644
4.23644
4.23644
4.90788
4.73337
4.73337
4.73337
7.6628
5.18253
5.18253
8.43995
8.43995
8.43995
8.43995
11.2735
9.77891
9.77891
9.77891
9.77891
10.864
10.864
8.81169
8.59644
8.59644
8.59644
6.90765
7.11227
7.23375
6.34383
6.34383
3.42639
3.36653
3.36653
3.36653
3.36653
5.68915
5.03482
6.06916
6.06916
6.06916
3.84961
3.89052
3.65378
3.65378
3.49974
3.49974
3.49974
3.49974
3.49974
3.49974
3.49974
3.49974
3.49974
2.11528
2.11528
2.11528
2.11528
2.11528
2.11528
1.42201
4.04629
3.44374
3.44374
5.44151
5.44151
3.24668
3.24668
3.24668
3.24668
5.33455
5.33455
3.9646
5.55771
5.55771
6.32961
6.32961
6.32961
6.32961
4.91596
5.60844
5.60844
5.60844
5.37816
5.37816
4.6721
4.6721
5.98717
5.82909
5.35581
4.3143
4.3143
3.28029
1.8821
1.8821
1.8821
1.8821
2.63436
2.63436
2.63436
2.63436
2.63436
2.63436
2.63436
2.63436
2.16645
3.00605
3.00605
4.47023
4.47023
4.47023
4.86956
5.17741
5.17741
4.38704
4.38704
4.38704
5.24938
7.2235
7.50099
7.50099
8.27209
9.01376
9.01376
5.11352
5.11352
5.11352
4.20234
5.80863
5.11993
5.11993
3.28021
5.49216
5.9945
6.10217
6.10217
3.40597
3.40597
3.40597
3.36028
5.12998
4.37876
6.83887
6.83887
7.41514
7.87288
4.70004
4.70004
4.70004
4.87948
7.00574
7.00574
4.48553
4.14273
4.14273
6.14364
6.14364
6.31441
9.53869
10.6587
6.20843
6.24654
6.11638
6.14066
6.65582
6.75801
6.75801
7.85388
7.30846
8.21231
8.21231
7.65566
6.57426
5.9671
5.88176
5.88176
5.8164
4.69655
3.92179
2.25969
2.25969
2.25969
2.25969
2.25969
2.25969
5.44575
5.44575
3.36609
3.36609
3.36609
3.36609
4.48196
5.02308
5.02308
5.53139
4.07495
4.49486
7.3463
6.53284
5.46614
3.21245
3.21245
3.21245
3.03836
3.03836
3.03836
2.8512
2.8512
2.90602
4.27561
2.6837
2.6837
2.6837
1.38252
1.38252
3.72258
2.25808
6.63526
8.81824
8.81824
8.57592
8.57592
8.57592
8.57592
8.57592
9.30844
8.44936
8.44936
8.77288
9.85325
9.10167
9.10167
7.08081
7.08081
7.08081
7.08081
7.02222
7.02222
7.99306
6.14991
6.14991
6.14991
6.14991
6.14991
6.14991
4.82272
4.82272
4.82272
3.69331
2.34859
2.34859
3.22544
3.22544
3.22544
3.22544
4.3044
6.2969
7.46787
6.81675
9.13604
8.58289
7.12474
4.68129
4.68129
4.68129
4.68129
3.55093
3.55093
3.55093
1.58298
1.01008
3.38167
3.38167
3.38167
3.38167
3.38167
3.38167
3.38167
5.24053
1.58214
2.80766
2.80766
5.40353
3.83047
3.83047
2.29907
3.34815
5.9213
5.9213
5.9213
5.9213
5.9213
5.8656
5.8656
5.91262
5.91262
5.91262
5.19868
5.19868
5.19868
5.19868
5.19868
4.93662
6.22882
5.96916
5.96916
6.85766
3.63751
0.92131
2.46315
4.59585
4.67639
4.67639
4.67639
4.61859
4.61859
4.29131
4.29131
4.29131
4.29131
4.29131
1.35667
3.01299
4.71716
4.71716
2.83859
2.83859
2.83859
4.24369
6.46613
5.71438
5.43391
5.43391
5.43391
5.43391
5.43391
4.84832
7.16781
6.99067
6.99067
6.99067
7.35184
6.63835
6.63835
4.9887
4.9887
4.9887
4.37102
3.42826
3.42826
3.42826
3.86843
3.86843
3.86843
1.76932
1.76932
1.76932
1.76932
3.85727
3.85727
3.85727
1.85441
1.85441
1.85441
3.21378
2.84204
2.84204
2.84204
1.27388
2.68858
2.68858
2.68858
4.88336
4.31315
1.37066
2.72016
2.72016
2.72016
2.72016
5.96672
4.56221
3.25214
2.24354
2.24354
2.24354
2.24354
2.24354
3.62918
3.62918
3.62918
3.62918
3.62918
3.62918
3.24059
3.24059
3.24059
3.24059
3.24059
3.24059
3.24059
3.14737
3.14737
3.14737
3.14737
1.85257
1.85257
1.85257
1.85257
1.85257
2.6175
6.01552
6.47707
6.84224
4.90931
4.90931
4.90931
4.49903
4.49903
4.02734
5.07113
5.07113
4.0478
4.0478
4.0478
4.0478
4.89224
4.62705
4.62705
4.62705
4.62705
4.42313
4.42313
4.42313
4.82243
7.357
7.357
8.51629
8.51629
8.51629
8.51629
6.10559
7.373
6.44446
7.37813
4.73414
2.21724
2.10329
2.10329
2.10329
2.09768
2.09768
5.0344
5.0344
5.70477
5.30912
5.30912
3.26815
3.26815
3.26815
3.26815
3.26815
6.98586
6.98586
7.12054
7.12054
5.08855
3.21169
3.21169
3.21169
3.21169
3.17253
5.77348
5.77348
7.14957
7.56594
6.55232
7.06508
7.06508
7.06508
9.39901
11.1113
11.1113
11.1113
10.3869
9.31095
9.31095
6.85336
6.85336
7.49166
7.49166
7.49166
8.49289
8.49289
10.9723
9.87176
9.87176
6.79632
8.32962
8.32962
8.76611
8.76611
9.46692
9.54882
9.54882
7.4462
7.4462
7.4462
7.4462
6.17042
4.52719
4.52719
4.52719
4.45448
1.67581
1.8987
4.74199
5.5343
5.5343
5.5343
7.88016
5.86295
2.10135
3.15155
3.15155
3.15155
3.15155
3.15155
3.15155
4.55114
4.55114
4.55114
5.04539
4.74751
4.74751
7.83466
6.7254
4.64653
4.64653
4.64653
4.64653
4.64653
2.88476
2.88476
2.88476
4.51556
2.15343
2.15343
2.15343
2.15343
3.46
3.46
3.46
3.46
3.46
3.46
1.47365
1.47365
1.47365
1.47365
1.47365
1.47365
1.47365
1.47365
1.47365
1.63867
4.51963
5.46082
2.82366
2.82366
2.82366
2.82366
4.20081
4.20081
3.34332
3.34332
3.34332
2.39007
2.39007
2.39007
2.39007
2.39007
2.86219
4.14936
4.14936
4.14936
4.38875
4.38875
4.38875
4.38875
2.86896
2.86896
3.63079
3.63079
2.27831
5.07376
3.13397
3.81398
1.92564
1.92564
1.92564
1.92564
3.24446
3.88538
3.88538
3.88538
3.88538
5.74009
5.74009
5.74009
5.74009
7.00904
7.00904
7.00904
7.00904
7.72801
7.72801
7.72801
7.76292
7.31893
7.97716
7.04799
10.431
10.5339
10.5339
10.5339
9.94621
10.1866
8.80897
6.74875
6.22907
6.22907
6.00028
6.00028
8.15383
9.26311
9.26311
7.9583
6.87711
6.87711
6.68708
6.68708
6.68708
9.28314
6.92833
8.46265
8.46265
8.31607
8.36418
9.11636
9.11636
9.11636
10.31
10.31
10.2024
10.588
10.588
9.35129
9.35129
9.36564
8.68504
9.94763
10.198
10.198
10.198
9.13435
8.64246
8.64246
8.64246
8.64246
8.64246
8.64246
8.64246
10.4465
10.4465
10.5859
10.5859
8.71886
7.55286
7.82803
7.82803
7.82803
7.82803
9.35105
8.9725
8.9725
9.9444
8.32233
8.13098
5.62534
5.62534
7.17155
7.17155
7.63902
7.63902
8.21799
6.10922
4.50067
4.50067
3.4347
3.07909
3.63969
3.63969
4.11688
4.11688
4.11688
4.11688
4.12157
2.62076
2.59653
2.59653
2.59653
2.59653
2.59653
2.59653
2.59653
2.59653
2.59653
2.59653
2.59653
2.59653
2.59653
2.59653
2.59653
2.59653
2.59653
0.534215
1.47626
0.943487
0.943487
2.6143
2.6143
2.6143
4.67145
6.163
6.39966
6.39966
5.67124
6.65133
6.65133
8.13828
8.13828
8.90727
8.90727
9.69903
11.0541
13.3474
13.3474
13.3474
13.3474
11.4621
11.4621
11.4621
10.4237
10.0055
7.41839
5.98132
2.83697
2.83697
2.83697
2.83697
2.83697
2.90867
4.70199
6.84531
6.84531
7.59639
7.86309
4.05641
6.13326
6.13326
6.13326
6.41264
6.66423
4.81212
4.81212
3.73336
3.73336
2.84556
2.16867
4.93472
6.99037
6.99037
9.60617
9.25467
9.25467
8.58745
10.7599
10.1536
12.7426
12.4895
14.6873
14.6873
14.6873
14.6873
16.3261
15.0854
15.0854
14.9161
13.2694
13.3484
13.9685
13.9685
11.7441
11.7441
11.7441
12.6181
11.5008
11.3149
11.3149
10.1897
9.01005
6.51422
6.83394
5.78554
5.78554
6.00755
6.00755
7.14677
5.16235
8.03071
8.03071
7.84065
7.84065
5.87699
4.01794
4.01794
4.73405
5.46815
5.46815
5.46815
4.87803
4.87803
4.87803
5.10887
5.97471
5.97471
5.66064
8.01324
6.60407
4.14927
4.87965
5.21319
5.21319
4.03336
4.03336
4.01303
4.01303
4.01303
4.16631
4.1971
4.1971
5.5961
5.5961
4.8665
5.4739
5.4739
4.93181
4.93181
4.93181
4.93181
2.59664
2.59664
2.59664
2.59664
2.59664
2.59664
2.59664
2.59664
2.59664
2.59664
2.59664
2.59664
2.59664
2.59664
2.59664
2.59664
2.59664
3.92836
3.92836
4.05421
5.24298
5.24298
4.82743
5.57743
5.57743
7.10164
7.10164
7.84234
8.13289
8.97234
7.47203
6.18371
6.18371
6.32797
8.34408
8.34453
8.10411
8.10411
7.01597
8.70316
8.70316
8.70316
11.4974
10.6716
8.29949
9.07836
8.95345
8.95345
7.53533
8.6509
8.41626
8.31986
8.31986
9.50113
9.77771
9.77771
9.97861
9.97861
10.96
10.4987
7.68783
9.60075
10.0105
7.74438
8.8014
8.8014
8.85966
8.49573
9.77378
9.77378
9.46333
9.20221
9.20221
9.20221
11.8767
11.8767
11.0002
11.0002
11.0002
8.92548
9.53765
9.53765
9.82872
9.82872
9.82872
9.26401
11.9431
11.9431
11.9431
12.6604
12.5563
15.424
16.3374
15.7309
15.7309
15.7309
15.7309
15.8307
13.143
14.0686
13.8623
13.2682
13.2682
13.2682
13.2682
15.036
17.7683
16.7894
15.2126
15.2126
17.2936
16.4284
16.4493
17.5153
17.5153
16.0729
16.0729
15.158
15.4008
13.6805
13.6805
15.3908
13.3903
13.3903
14.4254
14.4254
14.4254
13.6763
13.6763
14.0355
12.9954
13.5754
12.4882
12.9829
12.0384
12.0384
8.63423
8.63423
8.63423
8.63423
8.63423
8.63423
8.63423
8.63423
8.63423
8.33762
8.33762
7.08018
4.33192
4.33192
4.33192
4.33192
5.79731
5.79731
5.79731
8.18445
7.34283
7.29951
7.38644
7.38644
7.38644
7.38644
7.04156
7.01774
6.40784
6.38209
5.53711
5.53711
5.53711
4.76824
4.76824
2.85686
2.85686
4.45043
4.45043
4.45043
4.45043
4.67119
7.27232
4.70191
5.52604
5.30317
5.30317
5.48292
5.48292
5.48292
5.48292
6.315
5.51254
5.51254
5.51254
5.51254
5.71489
5.71489
5.1713
4.88193
4.017
4.017
2.68944
2.68944
2.68944
2.68944
1.30406
1.30406
1.98042
4.68007
4.68007
4.68007
5.50795
5.94139
5.36478
5.76523
4.92208
4.92208
4.92208
5.20104
5.20104
5.20104
5.20104
5.20104
5.20104
5.20761
3.92596
3.92596
4.07646
4.07646
2.17631
2.17631
2.17631
2.17631
2.17631
2.17631
2.17631
2.17631
3.63869
4.52153
4.52153
4.52153
4.52153
5.00688
3.21317
5.84995
4.76896
6.61977
6.61977
6.47729
6.47729
5.48208
5.48208
5.48208
4.20209
6.5151
6.5151
6.18953
6.18953
6.18953
7.13446
5.9222
5.58048
5.58048
5.58048
5.58048
2.83995
2.85701
2.85701
2.85701
2.85701
2.85701
2.85701
3.01572
3.01572
3.01572
3.01572
5.43946
6.18102
6.1604
4.37879
4.37879
4.37879
3.04348
5.02602
5.51781
4.04285
4.04285
5.96189
4.68486
4.9332
3.58662
3.58662
3.58662
3.58662
1.13789
2.29388
2.29388
2.29388
2.29388
1.54514
3.93939
3.93939
4.94783
4.94783
4.95237
4.95237
6.34051
6.13341
6.13341
5.00741
5.00741
5.00741
4.29387
4.91393
4.58363
4.58363
4.13733
4.13733
6.20445
6.20445
5.47182
5.01878
6.26577
7.62182
7.0376
5.79484
5.96013
3.449
4.20472
4.20472
4.20472
3.45888
3.20078
3.20078
1.69365
4.60266
4.60266
4.60266
2.71633
5.20148
5.20148
4.52023
2.58532
2.58532
1.63231
2.72206
2.72206
2.72206
2.72206
2.72206
1.08346
2.05354
2.05354
1.44455
1.44455
1.44455
1.44455
1.44455
1.44455
1.44455
1.44455
1.44455
2.88227
2.88227
2.88227
3.79373
3.79373
2.44498
1.97076
1.97076
1.97076
4.21832
4.70505
4.70505
4.70505
5.56106
3.51007
3.51007
3.51007
3.51007
3.91603
3.44908
3.44908
3.44908
5.33142
6.32208
6.32208
7.28182
6.77154
6.77154
6.77154
6.77154
7.77813
7.77813
6.23287
7.78833
7.78833
7.78833
7.78833
5.7778
6.80651
6.44236
6.44236
6.44236
5.80952
5.80952
5.80952
6.74399
6.74399
6.74399
5.66786
6.96862
6.49097
6.49097
4.27088
7.25487
2.88047
2.2399
5.13638
4.8442
4.5991
4.5991
4.5991
4.5991
5.64192
5.64192
5.47425
4.56766
4.56766
1.18565
4.29059
3.07108
3.07108
4.05423
1.4774
3.39749
3.39749
4.49116
4.49116
4.49116
4.49116
3.16438
4.37472
4.37472
4.37472
4.37472
4.37472
4.37472
4.66976
5.44429
5.44429
5.44429
4.30496
4.23879
4.23879
4.21864
4.21864
4.21864
2.3691
2.3691
2.3691
2.3691
2.3691
2.3691
2.18924
5.5037
5.25892
7.07788
6.52415
7.43153
9.47554
10.1842
10.6664
11.2347
9.837
9.837
8.90711
8.90711
5.78534
8.15499
8.9682
8.9682
6.12124
6.12124
6.12124
8.34614
7.70817
6.94361
7.71797
5.06796
5.06796
5.97538
5.97538
5.97538
5.97538
6.96267
6.72447
6.16521
6.16521
6.16521
6.45377
5.04729
4.7383
4.7383
4.7383
4.7383
3.56296
4.12506
2.33196
2.33196
3.3624
3.3624
2.35358
2.35358
2.35358
2.35358
5.54625
4.70467
4.70467
4.12218
4.12218
3.27762
3.27762
3.27762
3.27762
3.27762
3.27762
3.27762
3.27762
3.27762
3.27762
3.27762
5.45778
5.45778
5.45778
5.20771
3.25305
3.25305
3.25305
3.30288
3.30288
3.15973
3.32622
2.01293
4.22932
3.60624
5.19258
5.96405
3.52437
3.52437
3.52437
3.52437
3.52437
5.48429
3.27459
3.89621
4.17742
4.17742
4.63653
2.09891
2.09891
2.09891
2.01907
2.31745
2.31745
2.31745
2.31745
4.1515
4.1515
4.1515
3.12024
2.62389
3.46646
3.46646
2.49193
2.49193
3.85157
4.33706
4.01732
4.01732
4.01732
4.01732
4.01732
3.20822
3.20822
5.97364
6.71868
7.60672
7.4726
7.4726
7.4726
7.4726
7.4726
7.49769
7.04744
4.80847
3.42299
4.94123
4.94123
2.55752
2.07712
4.54805
4.54805
4.54805
4.77373
6.36169
6.36169
6.36169
6.36169
6.36169
7.84257
7.76469
7.76469
6.38912
4.47133
4.47133
5.12035
5.12035
5.12035
5.12035
5.12035
5.12035
5.34103
5.34103
5.34103
5.34103
5.34103
5.34103
5.34103
6.13004
6.47522
6.47522
5.20732
5.20732
6.9684
7.39558
7.39558
7.17855
6.48101
4.36355
4.36355
5.39817
5.39817
5.11368
5.11368
6.56745
6.56745
6.56745
6.83191
6.84301
8.51731
8.51731
8.51731
7.18317
7.18317
6.57437
9.4662
9.04795
7.53252
7.53252
7.53252
7.53252
9.79384
9.79384
8.95865
8.95865
8.95865
8.38107
8.38107
8.38107
9.71863
9.71863
9.71863
8.7271
8.7271
11.2657
11.2657
13.0104
13.0104
11.3342
10.9427
11.6007
11.6007
12.6152
12.6152
10.9499
9.669
8.30986
8.30986
8.30986
8.30986
8.30986
8.30986
7.98449
6.64482
6.64482
6.64482
5.89317
5.89317
5.89317
6.78893
6.78893
9.68337
9.47575
9.41501
9.41501
7.41217
6.20662
8.33805
9.26182
8.22335
9.13945
9.13945
9.45288
9.19632
9.19632
6.53559
3.57427
3.57427
2.3396
2.3396
3.41473
1.03296
4.693
6.21034
6.21034
5.7515
7.61786
7.86428
6.26494
6.26494
7.22978
7.22978
7.22978
8.08288
8.23433
8.23433
5.4969
5.4969
5.4969
5.4969
5.4969
5.4969
4.79515
5.68138
5.68138
5.82448
5.82448
6.75649
4.81342
4.47004
4.47004
4.04799
4.04799
4.04799
4.04799
3.15276
3.15276
0.715693
2.43405
2.43405
2.43405
4.66043
2.72353
2.72353
2.72353
2.72353
2.72353
2.72353
2.72353
2.72353
3.93117
3.93117
3.93117
3.93117
2.86351
2.86351
2.86351
1.90952
3.92422
3.92422
1.93159
2.68232
2.68232
2.68232
5.02949
5.02949
5.02949
5.02949
2.90402
1.29494
2.74427
2.74427
2.74427
2.74427
2.74427
2.74427
2.74427
2.74427
2.74427
2.80663
2.80663
2.80663
2.80663
2.80663
3.42421
3.42421
5.24679
5.24679
5.24679
5.20444
5.20444
4.24337
5.37555
5.37555
5.37555
5.37555
3.63916
3.23186
3.23186
3.29288
2.34579
2.34579
2.34579
2.34579
2.34579
2.34579
2.35855
2.35855
2.35855
2.35855
2.35855
2.35855
2.35855
2.35855
3.53667
4.66419
2.25985
2.25985
4.26622
3.83496
3.83496
3.83496
3.83496
4.88855
4.88855
4.26114
4.26114
4.26114
6.26708
5.22848
7.01203
5.07082
4.77865
4.77865
4.77865
1.59868
1.59868
4.27859
4.27859
3.65438
4.77776
6.57187
6.57187
6.57187
6.57187
6.57187
6.41789
6.41789
6.41789
3.72466
3.72466
3.72466
3.72466
2.11543
2.11543
2.11543
4.33053
4.33053
6.07425
6.07425
4.66847
6.41918
6.41918
7.4547
7.4547
7.30679
6.67661
6.67661
6.67661
5.01924
5.28094
7.58465
4.4766
4.4766
5.55213
2.51227
5.17414
4.23355
4.29448
4.29448
3.23992
4.11955
4.11955
4.11955
4.10583
4.10583
4.10583
4.10583
4.10583
4.10583
4.10583
4.10583
4.90489
4.90489
4.90489
2.22266
2.84212
2.84212
2.84212
2.84212
2.84212
2.82931
2.82931
2.82931
2.82931
5.09625
5.09625
5.09625
5.06484
5.79605
5.79605
4.89695
4.89695
4.5076
4.5076
5.1714
5.31577
3.43947
5.03204
5.03204
6.53807
6.53807
6.53807
6.53807
7.22191
7.22191
7.22191
7.79265
6.75494
5.32432
4.33092
3.39752
4.49916
4.57531
5.98947
5.15786
5.15786
5.15786
4.96359
4.9687
4.9687
4.9687
2.53562
5.11793
4.71449
4.72767
6.28939
5.83199
5.83199
5.83199
5.83199
5.83199
7.65913
7.65913
10.5085
8.6679
8.46644
8.46644
7.58563
7.58563
6.27963
6.78626
5.85584
7.94543
6.3651
6.3651
6.38258
6.38258
6.84119
6.84119
8.96485
7.40482
4.64877
4.13083
4.13083
4.13083
3.88714
3.88714
3.88714
3.88714
3.88714
5.33068
5.33068
5.33068
5.33068
3.29198
3.29198
3.29198
3.28238
0.907293
3.73923
3.73923
4.71427
6.87298
5.94094
4.80205
6.08558
6.08558
4.85704
2.03258
2.03258
4.34466
4.34466
5.55882
2.88334
2.88334
2.88334
2.88334
2.88334
4.12241
2.54257
2.54257
2.54257
2.54257
2.54257
2.54257
5.50133
5.10244
4.43959
4.43959
4.91399
4.91399
7.82638
8.45545
8.45545
7.78954
7.08125
7.08125
7.53416
6.4872
6.4872
6.02853
6.02853
3.42224
3.35728
5.23991
5.61254
5.61254
5.61254
4.01883
4.01883
4.61149
2.6298
1.81803
3.69942
3.69942
3.69942
4.46495
4.46495
4.46495
2.66725
2.66725
2.66725
2.66725
2.66725
3.60422
3.9462
4.49134
4.49134
4.49134
6.9938
6.9938
6.9938
7.97482
7.00017
7.54635
6.12974
6.21178
5.55083
7.01774
8.51708
5.86396
5.86396
7.0769
7.0769
9.69017
9.69017
10.4075
9.54643
8.56871
8.56871
8.56871
10.0233
10.0233
8.46074
8.46074
5.5373
5.5373
5.5373
5.29124
4.91375
7.4589
7.4589
6.00832
5.12307
1.9922
1.9922
1.9922
1.9922
2.37316
2.37316
2.43984
2.22262
2.22262
2.22262
4.33596
4.33596
2.35416
4.00599
1.67329
1.67329
1.90846
3.01903
4.17661
4.17661
4.17661
4.17661
4.17661
8.17765
8.17765
7.39863
8.50613
7.31984
7.31984
7.31984
7.12217
7.12217
7.12217
7.12217
5.79779
5.79779
5.15547
5.15547
3.4148
3.4148
3.4148
4.13568
5.94425
6.63125
6.63125
6.63125
6.63125
6.63125
6.63125
8.7721
8.85478
10.2886
8.79838
5.8313
5.13175
6.30298
9.06933
9.93693
11.826
12.6314
10.491
9.24138
9.24138
9.24138
9.24138
11.9527
12.6281
12.5668
13.0787
13.0787
13.0419
12.4628
11.2207
13.2332
13.2332
12.9312
12.9312
12.9312
13.1622
12.6588
12.6588
13.1334
13.1334
9.31018
9.31018
9.02647
7.32717
7.32717
7.77991
9.01232
8.79209
8.79209
8.21192
8.21192
6.13951
6.13951
5.06693
5.06693
7.51609
6.65483
7.23434
7.23434
5.85633
3.70357
4.69121
4.69121
4.41232
4.41232
4.99409
3.92216
4.41926
4.41926
4.41926
2.75994
2.75994
2.75994
3.73548
3.73548
4.69084
4.24647
5.41216
4.81477
4.81477
3.24523
3.24523
3.24523
3.24523
3.69759
3.69759
3.69759
3.69759
5.40544
2.12653
2.12653
2.12653
2.12653
2.12653
2.12653
5.93077
6.43193
6.18729
6.18729
5.30678
5.30678
5.51652
5.51295
7.19108
7.19108
7.61426
8.06601
7.35761
7.35761
8.28358
5.05839
5.56544
6.6583
6.6583
8.0749
8.0749
6.11167
6.11167
6.11167
6.11167
5.20809
5.20809
6.02024
7.51625
7.51625
5.54127
3.67036
3.95552
3.8764
3.8764
3.8764
6.14504
3.40186
3.40186
6.26345
6.26345
6.59678
6.59678
7.25489
6.0723
7.66379
7.66379
7.66379
9.6662
9.6662
9.6662
8.79126
8.79126
8.79126
10.2946
10.2946
9.01026
7.56097
7.56097
6.48675
6.48675
5.88087
2.34179
2.34179
2.7621
2.7621
4.54719
4.49424
4.49424
6.39432
5.10286
5.15461
5.15461
5.15461
3.58614
3.58614
3.58614
3.42215
3.42215
3.42215
3.42215
4.63921
4.63921
4.63921
6.64653
6.92965
7.10587
7.10587
7.10587
7.74785
7.02429
9.59518
9.59518
9.59518
8.57347
8.57347
8.57347
8.57347
8.54455
8.54455
8.54455
8.4034
9.76384
9.76384
9.76384
9.76384
6.86238
6.49711
7.46272
7.46272
6.30086
6.12993
6.12993
6.12993
8.8927
9.37556
8.03792
8.03792
8.03792
8.59112
8.59112
5.69435
5.69435
5.08305
6.43697
8.13991
6.6253
6.6253
6.6253
5.51264
5.51264
1.87012
1.87012
0.476895
3.56254
5.9906
5.14562
5.14562
5.14562
5.14562
5.14562
4.00982
4.00982
4.00982
2.30435
2.30435
0.724308
2.66705
2.66705
2.66705
2.66705
2.66705
2.66705
2.07824
5.64195
5.64195
5.31626
6.15303
5.58777
5.58777
5.58777
5.04535
5.04535
3.9023
5.25011
5.76179
5.76179
5.76179
4.77253
3.64359
3.64359
3.51161
3.51161
3.51161
3.51161
3.51161
3.51161
4.02343
4.02343
4.0715
4.0715
2.73205
2.73205
2.73205
3.44593
3.44593
3.44593
2.28857
2.28857
2.28857
4.69466
5.6518
4.36026
4.36026
4.36026
4.36026
4.36026
2.87934
2.87934
4.56224
4.56224
4.56224
4.56224
4.56224
3.46666
2.65681
4.88637
4.88637
6.07294
6.07294
7.26907
5.96209
5.96209
5.96209
5.96209
5.96209
7.29687
7.51828
6.32312
6.75523
6.22593
5.00264
5.00264
5.00264
5.97226
6.91548
7.1453
7.1453
6.27984
6.27984
5.16368
5.16368
4.10688
6.11392
9.79361
10.6499
8.64978
5.49384
6.26346
6.52094
8.9327
8.06139
8.48426
10.7006
11.2955
11.2955
9.23972
9.22354
9.22354
11.3486
11.3486
11.0936
11.0936
10.9437
11.8055
11.3732
9.57012
8.89605
9.74289
9.74289
8.84822
8.06949
8.06949
8.06949
8.06949
7.98553
7.65655
7.65655
8.8283
7.14476
7.44159
8.04211
7.69308
5.70033
8.21883
5.74784
5.74784
5.74784
3.73818
2.98041
2.98041
2.98041
2.98041
2.98041
2.98041
1.23495
2.57534
2.57534
3.45596
3.45596
3.89745
4.24723
4.24723
1.22068
3.60351
3.60351
5.24421
8.21938
6.51011
6.18205
4.42761
4.42761
4.42761
4.42761
4.14126
4.14126
4.26848
4.26848
3.02415
3.02415
3.02415
3.02415
3.18867
3.93508
6.74532
5.40703
5.40703
5.40703
4.38375
4.38375
3.78922
3.78922
4.88588
2.65442
2.65442
3.26981
3.26981
3.26981
3.26981
2.51318
4.76257
1.86621
1.86621
3.52217
3.52217
3.52217
5.23873
4.76502
4.76502
4.73281
3.3906
1.59461
1.59461
4.4781
4.43857
4.43857
4.43857
4.43857
3.70736
3.16913
3.16913
3.16913
3.16913
5.48537
5.48537
6.70212
6.47422
4.37719
4.37719
4.37719
4.23555
5.44399
5.44239
5.44239
5.44239
4.5449
3.7478
4.1946
4.1946
4.1946
4.1946
4.1946
4.1946
5.74393
7.23975
7.23975
7.23975
8.08816
6.43546
3.94481
5.15283
5.15283
2.97123
2.97123
2.97123
2.97306
5.18745
5.04573
5.04573
4.10588
4.10588
4.10588
4.10588
1.2311
1.2311
3.58104
3.58104
3.58104
4.77564
4.36802
4.36802
2.4038
2.4038
2.91498
1.80047
1.80047
1.80047
1.90025
1.21189
1.94161
3.93009
3.93009
3.93009
3.93009
3.32825
5.02509
5.02509
5.7415
5.7415
5.7415
5.7415
5.7415
5.7415
5.97207
5.97207
4.83191
6.99313
4.08689
4.08689
1.70398
1.70398
1.70398
1.70398
1.70398
1.70398
1.70398
1.70398
1.70398
1.70398
4.78663
3.33435
3.86189
5.59527
5.59527
6.59053
2.66974
2.66974
2.66974
2.29492
2.29492
1.74663
2.6364
1.6474
1.97257
1.26746
2.135
2.135
2.26447
2.26447
1.92221
3.76005
3.76005
3.76005
3.76005
6.05531
6.36618
7.38498
7.26559
7.36972
7.22319
8.21475
8.21475
7.08556
7.13165
7.13165
7.13165
6.466
4.77045
4.7226
4.7226
5.3563
5.3563
4.18918
4.18918
4.18918
5.67085
5.44118
4.98757
4.70649
5.49748
6.18644
6.18644
4.75621
4.75621
5.73475
5.73475
5.73475
7.33889
8.01619
8.01619
9.33629
7.83974
8.56737
6.58175
6.58175
6.58175
7.62705
5.44012
5.44012
2.62586
2.62586
2.62586
2.62586
2.85456
2.85456
4.61363
3.83989
3.83989
3.83989
3.83989
3.2674
3.2674
3.2674
3.05155
4.97259
7.38743
8.10977
5.5547
5.5547
5.00037
4.52479
4.52479
2.03757
2.03757
2.03757
3.64857
4.53391
4.53391
4.53391
4.53391
4.38392
4.38392
4.38392
4.38392
4.38392
4.6538
4.6538
4.6538
3.43149
3.43149
3.43149
3.43149
3.43149
3.43149
3.43149
5.61826
5.91727
5.91727
6.01506
7.07998
3.71784
4.35705
4.35705
3.97118
5.66627
5.66627
5.68229
5.68229
5.68229
3.38904
3.38904
4.69731
6.20135
5.24136
5.24136
8.12452
8.12452
8.30332
8.30332
6.12445
6.12445
4.96634
4.96634
4.37783
4.37783
3.23658
3.23658
3.23658
3.23658
5.18142
4.58943
4.58943
4.19947
5.13126
4.86639
3.05133
3.05133
3.05133
3.05133
3.71554
3.71554
3.71554
3.71554
3.71554
3.71554
3.23737
3.23737
3.23737
1.71214
1.71214
1.71214
1.71214
1.71214
1.71214
1.71214
1.71214
1.71214
1.71214
1.90107
4.08074
4.08074
5.54998
4.38431
4.38431
4.38431
4.38431
5.67247
4.46223
4.46223
4.46223
4.46223
4.46223
5.29646
5.29646
5.29646
4.52964
4.52964
3.35744
2.55494
2.55494
4.5965
4.5965
5.79795
2.53351
1.12008
3.02105
3.02105
3.02105
1.58779
1.58779
1.58779
1.58779
2.58535
5.23227
6.163
6.163
6.163
6.163
8.96523
8.23005
8.23005
4.49113
3.35296
1.36996
1.36996
1.36996
2.76761
2.76761
2.76761
3.13963
2.20937
2.20937
2.20937
2.20937
4.07944
4.07944
4.07944
4.07944
6.1209
6.1209
6.5508
7.02943
6.9826
6.9826
8.64626
8.64626
8.64626
8.64626
8.64626
6.25544
6.58723
6.58723
6.58723
6.55882
6.55882
3.92469
2.33966
4.82543
4.82543
4.82543
6.05848
4.59577
4.59577
4.091
2.49318
3.3518
3.3518
5.08111
4.27021
4.27021
3.88788
3.88788
3.88788
3.88788
3.88788
3.88788
3.88788
3.88788
3.53895
3.53895
3.53895
3.53895
3.53895
3.53895
3.53895
2.0317
2.0317
2.33919
2.33919
5.10644
6.74886
6.74886
6.45379
6.45379
6.45379
6.45379
5.96213
5.96213
6.39528
6.39528
5.74709
7.69797
7.98164
7.98164
6.6141
6.6141
6.6141
7.34903
10.1735
9.70365
8.44112
8.44112
8.44112
8.44112
9.44706
6.83371
4.83373
5.65181
5.65181
7.63184
7.63184
7.63184
7.35143
7.35143
5.11361
3.03097
4.58217
4.58217
3.82272
3.82272
3.5117
3.5117
4.71091
4.71091
4.71091
4.75625
4.75625
4.75625
4.75625
6.98742
6.98742
6.98742
6.98742
6.98742
6.98742
6.7971
6.7971
6.7971
9.17282
9.1931
9.1931
9.1931
9.06264
8.37889
8.37889
8.83696
9.89618
9.38515
10.3669
10.3669
10.3669
10.3669
9.4067
8.19833
8.19833
9.09276
6.94462
7.8253
7.8253
7.8253
7.8253
7.31319
7.31319
5.63169
5.41263
5.41263
6.46604
8.26036
5.21937
5.21937
1.56205
1.56205
1.56205
3.91371
3.91371
6.09321
6.09321
4.26298
4.26298
3.60408
3.60408
3.60408
4.80985
2.39652
2.39652
4.05354
4.26488
4.26488
3.78229
3.78229
5.92515
5.92515
6.00498
4.41643
4.41643
4.41643
4.68545
4.68545
3.32383
3.32383
3.32383
4.18208
4.18208
7.23837
7.24847
7.24847
8.18654
8.18654
6.23084
5.46291
5.46291
5.28841
5.40029
2.39208
2.02804
2.02804
2.02804
4.30895
5.37991
6.60023
6.60023
5.90283
6.42864
6.42864
6.52811
5.14233
5.49161
5.49161
5.49161
5.49161
5.49161
5.49161
3.39725
3.39725
3.7487
3.7487
4.36243
4.36243
4.36243
4.36243
4.15125
6.17627
6.17627
5.8396
5.8396
8.67928
5.30097
4.77963
4.77963
4.77963
4.77963
4.77963
4.77963
4.76557
4.76557
4.76557
4.76557
4.76557
4.76557
4.76557
1.65965
1.65965
1.65965
1.65965
1.88011
2.51932
2.51932
2.51932
2.51932
2.51932
2.51932
2.51932
1.30599
1.30599
1.80995
2.9956
2.886
2.886
2.886
3.29171
2.75531
2.75531
2.75531
3.1562
4.98084
3.51879
3.51879
3.51879
3.51879
3.51879
3.51879
3.51879
6.02208
6.02208
6.20011
6.20011
6.20011
7.14479
7.14479
7.14479
7.14479
5.97283
5.97283
7.25362
7.25362
7.25362
6.14462
6.14462
6.14462
6.14462
4.59881
4.46002
4.46002
4.46002
4.46002
3.95164
3.95164
3.95164
5.14393
5.14393
5.14393
5.14393
7.16742
7.16742
4.463
5.7183
5.7183
5.7183
5.7183
5.7183
2.58818
2.58818
2.58818
2.58818
2.58818
5.8103
5.8103
5.8103
4.03204
4.10862
3.5201
3.5201
3.5201
3.5201
3.5201
2.25214
2.25214
3.01453
3.01453
5.17142
5.75727
6.1766
6.1766
6.1766
7.69013
7.7302
9.08639
9.08639
9.08639
9.08639
9.08639
9.08639
9.64647
8.40833
8.40833
9.21347
8.35574
8.26248
7.76694
7.76694
8.16124
8.16124
8.16124
6.03905
6.08131
4.17267
4.17267
4.17267
5.07185
5.07185
5.07185
5.07185
5.07185
5.07185
4.18345
4.18345
3.84664
4.84109
4.55844
3.31203
4.20983
3.97957
3.97957
3.97957
3.92144
3.92144
3.92144
3.58742
5.71044
4.03537
4.03537
4.03537
4.03537
4.03537
3.84411
4.31623
4.31623
3.59518
6.05518
6.32351
6.32351
7.78456
6.79368
7.53472
8.70469
7.60535
8.24693
7.89656
6.66524
6.66524
4.7044
4.7044
4.74081
4.12531
3.73375
5.69393
8.00346
6.64993
7.40153
5.0273
4.1236
2.88178
2.88178
2.12142
2.12142
2.12142
2.60813
4.16898
4.16898
4.16898
3.11026
3.11026
3.15628
2.76647
4.90735
4.90735
2.08008
2.27779
3.83832
2.686
2.686
2.686
0.871012
0.871012
3.04563
3.04563
4.80015
2.08676
3.3825
3.44744
3.44744
4.76653
4.76653
4.89861
2.40139
2.40139
2.40139
2.40139
2.40139
2.40139
4.47467
4.47467
6.25328
6.25328
6.03489
3.82846
4.80117
4.80117
4.80117
4.80117
5.91763
5.91763
7.07455
8.17285
8.17285
8.57413
5.4513
4.02481
4.02481
4.02481
4.58875
4.58875
4.58875
3.46651
1.27532
1.27532
1.27532
1.27532
1.27532
1.27532
1.27532
3.14674
3.14674
4.66227
4.66227
4.66227
5.35657
6.40365
6.40365
6.29058
6.29058
6.29058
5.44797
3.76386
3.76386
3.60002
4.93134
4.3841
3.02714
3.02714
3.02714
3.02714
3.02714
3.02714
2.90053
2.90053
0.93807
4.09843
5.06805
4.09248
4.09248
3.22133
3.22133
3.22133
3.22133
3.22133
3.22133
3.22133
3.22133
3.22133
4.31608
4.31608
4.31608
2.89338
2.89338
4.58168
4.58168
6.0784
5.2735
3.8412
4.29423
5.59877
5.59877
6.36485
6.36485
6.36485
3.89705
4.60034
4.60034
4.98067
6.58514
7.65089
5.48956
7.61559
5.40956
7.44049
6.78614
6.78614
8.45446
8.45446
7.78036
7.78036
7.78036
7.78036
7.78036
5.89083
5.06972
2.0463
2.0463
2.0463
4.07487
4.07487
3.47471
5.53392
5.53392
5.53392
5.53392
5.26071
5.26071
3.97877
2.86781
4.04789
2.91937
2.91937
2.91937
3.54954
3.54954
3.54954
4.37822
5.23604
5.23604
5.23604
5.23604
5.0749
3.54962
4.55986
5.54231
5.54231
5.54231
4.44108
2.5148
2.5148
3.65985
3.65985
3.65985
3.65985
3.65985
3.64041
2.99702
2.99702
2.99702
4.77884
8.86381
8.86381
8.86381
5.70464
5.70464
6.43711
6.43711
6.43711
3.23636
3.23636
3.23636
3.23636
3.23636
2.59876
2.21916
2.21916
2.21916
2.21916
2.21916
2.21916
2.21916
3.05543
3.05543
3.05543
3.05543
3.05543
3.05543
3.05543
1.61528
1.61528
1.61528
1.61528
4.28014
4.28014
3.70804
3.70804
4.29607
6.09639
5.51182
5.51182
4.53641
4.53641
4.53641
4.38237
5.41606
7.61889
9.40313
9.40313
8.8333
8.8333
8.8333
6.74753
5.12149
5.12149
1.70867
1.66043
1.66043
1.66043
1.66043
2.13537
2.13537
2.03374
3.92005
3.27002
5.23001
5.97667
7.80024
5.65447
5.65447
5.65447
4.006
4.006
4.52979
6.30757
5.8511
5.8511
5.8511
4.01866
4.01866
5.04811
5.54655
5.54655
7.2955
7.2955
7.2955
7.2955
5.77563
5.77563
5.77563
5.77563
5.77563
5.8911
5.8911
8.62778
10.8529
10.8529
10.8529
10.8529
11.5469
9.02167
9.02167
8.8519
5.19359
5.19359
5.19359
5.19359
5.19359
5.19359
4.61446
4.61446
4.2978
4.2978
4.2978
5.35635
5.35635
5.35635
2.30765
5.38081
5.38081
5.38081
3.56019
3.56019
4.79214
4.52748
5.31599
5.31599
5.31599
5.31599
7.55494
7.55494
7.55494
7.55494
9.59262
9.59262
9.59262
8.14083
5.06377
2.92762
2.92762
2.86821
2.86821
2.02683
2.02683
2.02683
2.02683
2.02683
2.02683
2.02683
2.02683
2.02683
2.02683
2.02683
2.02683
2.02683
2.02683
2.02683
2.02683
2.02683
2.02683
4.66877
4.66877
4.66877
4.66877
2.21691
4.70964
1.08824
1.08824
1.08824
1.08824
1.08824
4.0461
5.25443
5.25443
2.22341
2.22341
2.22341
2.22341
2.22341
2.76904
2.76904
2.76904
2.76904
2.76904
2.76904
2.76904
3.46603
3.46603
3.46603
3.46603
3.46603
3.46603
3.46603
3.46603
3.76346
3.76346
3.76346
3.76346
3.76346
2.2547
2.2547
2.2547
2.2547
4.58694
2.73138
1.46935
1.46935
1.46935
1.46935
3.76903
3.76903
4.46644
4.62663
4.62663
4.62663
4.62663
4.62663
3.82291
3.82291
3.82291
3.62225
3.0422
5.91382
5.77713
6.3956
5.33021
3.32315
3.32315
3.32315
3.32315
3.32315
3.32315
3.32315
3.32315
4.77375
4.77375
5.33018
4.30195
4.30195
2.0997
2.0997
4.09001
4.09001
4.09001
3.43795
3.43795
3.43795
3.43795
5.77611
4.91204
4.91204
4.91204
4.6875
4.90602
4.70623
6.72468
6.72468
6.72468
4.01243
4.01243
4.01243
7.3647
7.3647
6.76095
9.84729
9.84729
9.84729
9.84729
9.84729
9.84729
10.0857
10.4287
10.7953
10.7953
12.4115
12.9919
12.9919
11.9711
10.6855
10.3426
6.9708
6.03425
6.03425
6.00609
3.57348
1.29546
2.33346
4.15746
4.95934
2.95173
2.95173
2.95173
2.34325
2.34325
4.26537
5.27032
2.97174
3.35769
3.35769
1.90878
1.90878
4.37307
4.37307
2.15903
2.15903
2.06735
2.06735
2.97142
2.97142
3.37251
3.37251
3.37251
3.37251
3.37251
3.37251
3.37251
3.37251
3.37251
3.37251
3.37251
3.37251
3.37251
2.52316
2.52316
2.52316
4.50396
4.50396
4.92405
4.92405
4.92405
4.92405
4.92405
4.79492
4.22765
5.4232
5.4232
5.0551
5.0551
5.0551
5.0551
5.0551
3.01469
6.04599
3.70956
5.0748
5.0748
5.0748
4.34834
5.20633
5.20633
5.20633
6.2529
6.01728
6.40798
6.40798
6.61408
6.17569
6.51198
5.97106
5.80775
5.80775
5.80775
5.12997
1.73647
4.03624
4.63856
4.63856
2.78174
2.78174
2.78174
2.78174
2.78174
2.78174
5.42896
5.42896
5.42896
3.73568
3.73568
3.73568
3.73568
3.73568
3.73568
5.52405
5.52405
7.03364
7.10172
6.99259
7.08678
5.73738
5.41705
6.19701
4.3641
4.3641
4.3641
5.59934
5.59934
6.81496
6.81496
5.28374
5.28374
5.28374
5.28374
6.48711
9.45349
9.45349
9.45349
9.45349
9.4128
9.4128
8.90174
8.90174
8.90174
8.90174
8.90174
8.90174
8.90174
10.8104
9.38582
9.04449
5.24461
5.24461
6.19177
7.00028
7.00028
8.33081
8.33081
8.33081
7.66004
7.62379
6.99016
7.47661
7.47661
7.47661
6.48258
7.44288
7.74138
7.74138
7.74138
7.09353
7.09353
6.52786
7.64941
6.95825
9.37018
10.3193
9.39617
9.59093
10.7706
10.7706
10.3281
10.3281
10.3281
10.3281
10.5118
10.4332
11.0075
11.1646
11.1646
10.7423
10.1332
10.979
10.2193
10.4883
10.9006
11.5226
9.39644
9.31719
6.58035
6.58035
6.58035
6.58035
6.58035
8.42325
8.42325
10.0242
10.6907
10.6907
10.6907
9.04388
9.04388
6.01034
6.01034
6.01034
4.87363
3.80265
4.09247
4.09247
4.09247
4.09247
4.09247
4.09247
4.74133
5.0524
5.0524
4.86499
7.20428
7.20428
7.20428
7.20428
7.20428
7.32601
8.03559
8.03559
8.03559
7.24548
7.24548
4.72864
4.72864
5.1423
5.1423
3.92456
7.01129
7.01129
6.63261
6.05792
6.05792
7.43559
7.43559
6.94452
6.94452
6.94452
7.97724
5.40259
5.40259
1.70473
1.70473
1.70473
3.29291
3.42534
2.55417
0.892567
3.5316
3.5316
5.05531
5.91138
4.25466
4.25466
4.25466
4.25466
4.25466
2.12428
2.03909
2.03909
2.03909
3.94477
3.94477
2.72342
3.99639
3.99639
3.99639
3.99639
1.79606
2.40895
2.40895
2.40895
2.40895
2.64779
2.64779
4.32782
4.32782
4.09967
2.51387
2.51387
3.05025
3.07918
3.07918
1.87483
2.84393
2.84393
2.84393
2.59728
2.59728
2.59728
2.1845
2.1845
2.1845
2.1845
2.1845
2.1845
2.1845
3.94694
4.75372
5.49556
3.0861
4.05059
5.46871
5.46871
5.46871
6.17117
6.27197
3.9143
3.9143
6.72548
7.83385
8.2478
8.2478
8.2478
8.2478
6.79733
9.8055
9.316
9.316
9.59331
9.68291
7.28172
7.28172
6.35709
7.71753
6.48495
6.48495
6.80746
6.80746
6.80746
5.6854
7.38909
7.40374
6.64704
5.35951
5.35951
5.35951
3.68174
3.68174
4.22139
4.22139
4.11808
1.70556
1.70556
2.00014
2.00014
2.00014
2.00014
3.3101
3.3101
1.1599
1.1599
1.1599
1.1599
2.53632
2.61008
2.61008
2.61008
2.61008
2.71296
2.71296
4.40408
4.40408
4.40408
4.40408
5.58732
5.58732
6.91645
6.91645
5.00576
5.00576
5.00576
5.00576
5.00576
5.00576
6.09692
9.40526
9.40526
9.40526
6.28032
6.08412
5.5712
5.5712
4.69414
4.81164
3.76527
3.76527
5.59828
4.53707
4.53707
4.53707
2.50912
5.75141
5.75141
3.46107
3.46107
3.21747
3.21747
3.21747
3.83911
3.52459
2.88929
2.88929
2.88929
5.64615
5.64615
5.09997
6.20867
6.20867
6.53229
6.39327
4.83074
4.83074
3.20183
2.83272
2.83272
5.0431
5.24104
5.24104
6.03235
7.2633
6.55126
3.72749
4.37741
4.37741
5.51184
5.51184
6.67278
6.21705
5.6867
6.56811
6.56811
7.72533
5.75306
7.06018
7.06018
7.06018
7.06018
6.04197
6.66609
6.02144
6.02144
6.02144
4.45995
5.47043
5.57872
5.57872
2.78625
2.78625
2.45848
3.74265
4.1331
1.16256
1.16256
2.1834
2.1834
2.1834
2.1834
2.1834
2.1834
5.60392
4.26223
2.64184
4.9658
4.9658
4.9658
4.9658
4.62701
4.62701
4.62701
4.62701
4.62701
4.62701
4.97484
3.57562
3.57562
3.57562
3.57562
3.57562
3.57562
3.80766
3.80766
3.80766
3.80766
3.80766
2.46344
4.42296
4.42296
3.7724
3.7724
3.7724
3.7724
3.7724
3.97668
3.97668
4.02362
2.71972
3.43181
3.43181
3.43181
1.83097
3.02034
3.02034
5.55691
5.55691
5.55691
4.09861
2.89056
2.89056
2.89056
2.89056
2.89056
2.89056
4.88747
4.88747
4.88747
4.9374
4.06341
4.06341
4.06341
4.06341
4.06341
3.68867
5.21902
5.21902
5.21902
3.29028
3.29028
4.19245
4.19245
4.47705
4.47705
4.47705
4.47705
4.87143
2.10573
2.10573
3.29627
3.53813
1.57332
1.85278
2.8725
2.8725
2.8725
2.8725
2.8725
1.15525
1.15525
4.57293
3.66596
0.823407
3.01155
2.51973
2.51973
3.17377
3.96243
3.43885
3.43885
3.43885
3.43885
3.43885
4.47137
4.47137
2.75343
2.75343
2.68492
2.68492
2.49938
2.89658
4.34573
4.90501
4.27395
6.90934
5.74882
5.74882
5.82168
6.57921
6.57921
6.57921
5.87794
5.87794
5.87794
5.87794
5.1888
5.1888
5.23345
5.23345
5.39416
5.39416
4.68874
6.20946
5.74538
5.74538
6.44714
6.44714
6.44714
4.54137
4.61734
4.61734
6.72745
7.66462
9.92341
9.92341
13.3681
12.9588
12.9588
12.7813
12.7813
10.3621
10.8741
10.2
10.8784
10.8784
10.6886
10.6886
7.36205
7.36205
7.36205
7.36205
7.45265
6.68078
6.68078
6.68078
6.68078
6.68078
5.9487
5.9487
5.9487
5.9487
8.40127
10.9121
8.73225
6.74751
6.44329
5.68757
3.87738
2.51192
3.21865
3.21865
3.21865
2.85569
1.24418
2.91436
0.864604
0.864604
1.64852
1.64852
1.64852
1.64852
1.64852
1.64852
2.17671
2.17671
2.59418
2.59418
2.59418
2.59418
4.83669
6.87809
6.87809
6.87809
4.68921
4.68921
4.5898
4.5898
4.5898
4.5898
4.29251
4.83208
5.45888
6.63721
4.69654
4.69654
4.37137
4.37137
2.31706
2.31706
2.31706
2.31706
2.31706
2.31706
3.25179
3.25179
2.55528
2.55528
2.55528
2.55528
2.55528
2.55528
2.55528
2.55528
2.55528
2.55528
2.55528
2.55528
1.95725
3.18185
3.18185
3.18185
2.28752
2.28752
2.28752
2.28752
4.86501
5.84654
5.84654
5.84654
5.84654
5.84654
5.84654
4.84791
4.84791
4.84791
7.81998
7.81998
7.81998
7.81998
9.58789
9.58789
9.74712
9.4484
8.83408
8.83408
8.83408
7.38242
7.91122
8.43438
5.94218
5.94218
4.0159
2.83913
2.8819
2.8819
4.95894
5.58234
3.15866
3.50642
2.69098
3.94561
3.94561
6.4921
6.4921
6.4921
5.11637
5.11637
5.83615
5.48876
5.48876
5.48876
7.99414
5.6936
5.6936
5.6936
5.6936
5.6936
5.5367
5.5367
5.5367
5.5367
7.27562
8.75398
8.16059
9.31166
10.5558
10.337
10.337
10.9834
10.0817
9.63552
8.92367
7.32483
7.32483
7.32483
7.05323
7.05323
4.96942
2.48556
2.48556
3.93304
3.93304
3.93304
3.93304
1.49215
1.49215
3.34962
2.26355
2.26355
2.26355
3.13113
3.13113
3.13113
3.13113
3.13113
3.13113
5.80728
4.13025
4.13025
3.21611
3.21611
3.21611
4.85003
2.18834
2.18834
2.18834
2.18834
4.25599
5.11915
5.11915
7.2992
6.75171
6.75171
5.80252
3.78725
3.78725
3.78725
5.27001
5.27001
5.27001
5.27001
5.32867
3.29875
3.31919
3.31919
3.31919
3.31919
3.31919
3.31919
3.31919
6.7652
5.69431
5.3783
5.55399
5.15407
5.15407
5.15407
5.69207
4.8552
5.53309
5.53309
5.53309
5.70497
5.70497
4.34999
3.71984
5.20997
5.20997
5.20997
2.32444
2.32444
2.32444
2.32444
0.898406
0.898406
0.898406
1.93439
1.93439
1.93439
4.16166
6.60674
5.71847
3.82796
3.82796
5.07027
5.07027
5.07027
4.57079
4.57079
4.57079
4.57079
4.57079
4.57079
4.57079
2.27329
2.27329
2.27329
4.22787
4.22787
4.22787
4.22787
4.22787
6.32679
6.71414
6.08313
6.08313
5.93009
6.20623
4.83889
5.24757
6.41364
6.41364
5.24894
5.24894
5.76302
5.62066
6.64897
7.24126
6.62436
5.70708
6.78502
7.80536
6.71709
6.71709
6.71709
6.71709
3.05395
3.05395
1.51511
1.51511
1.51511
1.51511
1.51511
1.51511
1.51511
3.32994
3.32994
0.9369
0.9369
0.9369
0.9369
0.9369
0.9369
4.90302
4.90302
6.39097
6.39097
6.49659
4.29318
4.81394
4.81394
3.83299
3.83299
3.69444
3.69444
2.42325
2.29846
2.51354
2.51354
5.10053
6.88082
7.87214
6.10499
6.10499
6.02394
6.02394
6.02394
5.16969
5.16969
5.16969
7.56912
7.56912
9.08646
6.99672
6.99672
8.26142
8.26142
8.26142
6.23503
6.23503
3.32704
3.32704
3.32704
3.32704
2.02602
2.02602
2.0108
3.43497
3.43497
3.43497
4.3881
2.37377
2.37377
4.17419
4.17419
4.17419
6.74221
6.74221
6.74221
7.8085
8.47228
7.19343
9.3294
7.74826
7.44346
7.44346
7.44346
5.9588
6.18337
6.18337
3.79443
4.7309
1.81762
1.81762
1.81762
1.81762
1.81762
1.81762
1.81762
1.81762
1.81762
1.81762
2.61397
2.61397
2.61397
2.61397
3.69417
2.54645
2.16841
2.08335
2.08335
2.08335
3.65179
3.07004
3.07004
3.07004
3.07004
3.07004
3.07004
4.91457
4.91457
6.8597
6.8597
6.8597
6.10786
6.12055
6.12055
6.58405
8.15445
8.97659
7.50399
7.50399
5.85671
8.12663
8.12663
8.12663
8.12663
8.12663
8.46375
8.46375
7.27128
7.31288
7.31288
7.31288
7.31288
7.31288
7.31288
5.45047
5.45047
5.72117
5.72117
5.72117
5.72117
4.91274
3.33447
3.33447
3.33447
5.03316
5.03316
4.05605
2.53209
3.44015
5.50787
5.59329
5.59329
3.06675
3.06675
3.06675
3.06675
2.95701
2.95701
1.60789
1.60789
1.60789
1.60789
4.73598
4.73598
4.73598
4.73598
1.72278
1.72278
3.81889
3.81889
3.81889
3.81889
3.81889
3.81889
2.21536
2.21536
2.21536
2.21536
2.21536
2.21536
2.21536
2.21536
2.21536
3.52943
4.08395
4.08395
4.51448
4.68777
4.68777
4.68777
4.68777
4.68777
3.24744
3.30587
3.30587
4.88808
4.88808
3.2352
3.2352
3.2352
3.2352
3.30309
3.30309
3.30309
3.30309
3.31817
3.31817
3.31817
3.31817
3.31817
3.31817
3.31817
1.88523
1.88523
1.88523
3.42349
3.69654
3.9711
4.14477
4.14477
4.14477
4.14477
4.30218
4.95284
6.72723
5.8192
5.41862
5.09886
7.60963
8.44538
9.85498
9.85498
9.85498
8.49681
7.58664
6.23377
3.92138
3.92138
5.07358
5.07358
5.07358
3.80964
3.5871
3.5871
3.5871
3.5871
1.78885
1.33066
4.77167
4.77167
4.77167
4.46632
4.46632
4.46632
4.46632
4.81686
4.81686
3.89071
3.89071
4.01007
4.11201
4.11201
3.25864
5.7253
5.7253
4.96532
5.48772
5.48772
5.48772
5.11474
5.93089
6.51869
6.09753
4.36224
4.36224
4.36224
4.36224
4.36224
4.36224
4.36224
0.983765
2.16255
2.16255
2.16255
2.67814
2.67814
1.7602
3.62119
3.62119
3.62119
3.62119
2.54344
2.54344
2.54344
5.33756
6.91449
6.91449
7.00832
6.8066
6.8066
6.8066
6.8066
6.8066
6.40967
8.43637
8.37307
7.70935
6.84379
4.68316
4.68316
4.68316
4.68316
4.68316
4.33983
7.65608
7.58856
8.03186
8.03186
6.68617
6.47834
6.47834
6.22042
5.38947
5.38947
5.37448
5.37448
5.37448
5.37448
5.37448
5.37448
5.18931
5.18931
5.74165
5.74165
3.78368
2.75163
2.75163
2.75163
2.75163
2.75163
3.72162
3.05067
3.05067
3.05067
3.05067
2.73567
1.22335
5.19559
5.19559
5.19559
5.19559
7.10686
4.7736
2.93326
2.30118
2.30118
2.30118
4.5688
4.5688
4.5688
4.91045
4.91045
4.5199
4.5199
4.5199
2.93439
2.93439
2.93439
2.93439
2.93439
4.15923
4.15923
2.19372
2.19372
4.10904
4.15532
4.15532
3.64289
3.64289
4.92425
5.93815
3.80023
3.80023
5.14157
6.60261
6.43514
8.13804
8.13804
8.13804
10.238
10.238
10.238
10.238
7.30073
5.93858
5.93858
5.93858
5.34623
5.34623
5.34623
5.5365
5.37769
5.37769
5.37769
5.37769
6.12413
4.1969
4.1969
4.64079
4.64079
4.64079
4.64079
6.72197
6.72197
5.22589
4.92926
4.92926
4.92926
4.92926
5.07128
3.94574
3.94574
4.22306
4.61707
2.17035
2.17035
2.17035
2.17035
2.17035
2.17035
2.17035
2.17035
3.49321
3.49321
3.63648
1.81786
4.19121
4.19121
4.19121
4.19121
4.60743
3.15489
3.15489
3.15489
3.95843
3.95843
4.13987
4.13987
4.09469
4.09469
6.69292
5.15037
5.15037
5.15037
5.15037
5.15037
5.4114
3.62252
4.07509
4.07509
4.07509
3.43508
3.43508
3.43508
3.43508
3.43508
2.54425
2.54425
3.17437
3.17437
3.17437
3.17437
3.17437
3.17437
3.17437
1.23967
3.63246
4.3105
3.98153
5.46304
5.46304
5.83267
6.1232
6.1232
6.1232
6.28571
5.66447
6.23893
4.04201
5.59933
5.59933
5.866
7.3184
7.3184
7.89632
8.30939
9.48531
9.49023
8.82168
8.82168
8.82168
8.82168
7.67155
7.67155
8.4153
8.4153
8.83369
8.83369
8.83369
9.32925
9.32925
9.32925
9.32925
8.23883
8.22596
8.22596
8.22596
8.22596
8.22596
8.22596
7.6773
7.6773
7.6773
7.6773
7.6773
8.01489
8.01489
5.24834
5.24834
3.80909
4.12253
4.12253
4.12253
4.12253
4.61895
4.40819
4.40819
4.40819
4.40819
4.40819
4.40819
3.89257
3.89257
4.51463
3.57061
2.24963
2.24963
2.24963
2.24963
2.24963
3.62914
3.21941
3.21941
4.05119
4.05119
4.67083
5.36087
5.19257
3.09021
1.41656
5.20328
5.82582
4.85503
4.85503
4.11326
5.33437
5.31466
5.31466
5.31466
3.04734
3.04734
3.04734
3.04734
3.26321
3.26321
3.26321
3.26321
5.62986
5.62986
3.90467
3.90467
1.97832
5.20006
5.81913
5.81913
5.81913
3.40289
3.40289
3.30276
3.30276
3.30276
3.30276
3.30276
2.95492
2.95492
2.95492
2.95492
2.95492
2.95492
2.95492
2.95492
3.31353
3.31353
3.31353
3.31353
5.38213
5.38213
5.51941
5.51941
5.51941
5.69468
5.82174
6.65053
6.65053
6.72129
6.72129
7.23793
7.23793
8.14541
5.2209
4.35629
4.35629
4.35629
2.49729
2.49729
3.59672
3.59672
3.59672
3.59672
3.59672
5.51505
6.08837
6.08837
5.84197
5.49271
5.49271
5.49271
4.75567
4.75567
4.75567
4.75567
7.24352
7.21315
7.21315
7.21315
6.995
7.18316
7.38128
7.38128
7.38128
7.71566
10.1964
9.97243
7.53196
7.85256
5.65174
5.65174
4.63287
4.63287
4.63287
5.66958
5.66958
5.66958
7.13692
7.13692
5.11494
3.60931
5.54492
2.24798
2.35423
2.35423
4.58754
4.58754
5.51468
5.51468
5.51468
4.94575
4.68613
2.6106
4.88508
4.88508
7.05975
7.05975
5.70088
5.62698
5.72566
6.36621
5.98444
5.98444
7.4667
4.9904
4.9904
4.9904
7.77877
7.77877
4.27956
4.27956
4.27956
4.27956
4.27956
5.74056
5.74056
5.74056
5.74056
5.74056
5.74056
5.74056
4.43104
4.97631
4.97631
3.05078
4.07611
4.69247
5.73512
4.90565
4.90565
4.90565
4.90565
5.81204
7.01621
5.52276
4.52661
6.57278
6.95271
6.95271
4.22103
4.22103
4.22103
5.31992
1.98335
1.38368
2.73419
3.89147
3.89147
3.89147
3.89147
3.89147
4.30533
4.80643
4.80643
4.80643
4.80643
4.80643
6.15454
6.15454
8.46734
7.19103
8.17206
8.17206
9.14496
9.01195
9.01195
7.14355
7.49113
6.12157
6.70467
6.70467
6.70467
7.18771
8.7533
7.74876
5.1626
4.57563
4.57563
4.57563
4.57563
4.36734
3.01353
2.73327
2.73327
5.01457
3.91345
3.91345
3.91345
5.10423
4.44011
4.44011
4.44011
2.63552
1.20118
1.20118
2.00217
2.00217
2.00217
2.00217
2.00217
2.68869
4.53153
4.53153
4.53153
4.53153
4.53153
5.94282
5.94282
5.42432
5.42432
5.42432
5.42432
7.01347
8.18095
8.18095
9.0167
6.32539
6.32539
7.25976
7.25976
7.69847
7.69847
7.69847
7.11603
7.93426
8.26737
9.29803
9.27104
9.27104
8.37614
5.14739
5.14739
6.66543
6.66543
6.66543
4.76425
5.64449
5.64449
4.73925
4.20983
4.20983
4.20983
5.1988
5.1988
5.1988
5.1988
5.1988
5.1988
5.1988
5.65464
5.65464
5.65464
4.99724
4.99724
4.99724
4.99724
6.57273
6.57273
7.82563
7.13449
7.13449
5.34906
5.34906
5.34906
4.15742
4.15742
4.48363
4.48363
4.48363
4.48363
4.48363
4.48363
4.48363
4.48363
4.10721
4.10721
4.10721
4.10721
4.10721
4.10721
3.19541
3.19541
3.19541
2.02832
2.02832
2.02832
2.02832
2.39219
2.39219
2.39219
2.39219
2.39219
2.39219
2.39219
4.21934
4.21934
5.85309
5.29954
3.94977
3.94977
3.94977
1.56655
1.56655
1.8955
1.8955
4.41272
3.49089
3.49089
6.05603
6.05603
5.4985
2.59284
3.32391
2.13889
2.13889
2.13889
2.13889
4.20222
4.20222
5.54519
6.74307
6.74307
6.74307
6.74307
6.74307
6.08675
6.08675
5.24296
5.76243
5.32587
5.32587
2.93129
1.95761
1.95761
1.95761
1.95761
1.95761
1.95761
1.95761
1.95761
1.95761
1.95761
1.95761
1.36659
1.36659
1.89428
3.8732
2.72521
3.45442
3.45442
3.45442
3.45442
3.58324
3.58324
3.58324
4.76622
4.76622
3.59586
3.59586
3.59586
3.59586
3.2867
3.2867
3.2867
3.2867
3.2867
3.2867
3.2867
3.2867
3.2867
3.2867
3.2867
3.33528
4.01697
4.01697
4.01697
4.27427
4.27427
6.84212
6.77269
6.77269
6.77269
6.77269
6.77269
7.21708
7.21708
7.21708
7.21708
6.28866
5.93817
5.93817
6.54885
5.05246
3.76324
3.76324
3.53774
2.47699
1.38645
1.38645
1.38645
3.18182
3.18182
3.18182
3.18182
4.3305
4.3305
4.3305
4.3305
4.3305
5.64739
5.64739
5.64739
5.64739
7.24263
7.24263
7.94826
7.94826
7.94826
7.94826
9.08442
6.56778
5.75374
5.75374
8.691
8.691
8.0134
8.0134
11.9083
9.89356
9.89356
9.89356
8.64678
7.00179
5.77875
5.51249
2.59533
2.59533
2.84999
3.09019
2.01706
2.01706
2.01706
2.01706
2.01706
3.20191
3.20191
3.20191
4.95343
5.62348
3.26706
3.26706
3.26706
3.26706
3.26706
2.04324
2.48376
2.74079
2.74079
2.74079
1.33525
1.33525
1.33525
1.33525
1.33525
1.33525
1.33525
4.59065
4.59065
4.59065
4.20129
3.78139
3.78139
3.78139
3.78139
3.78139
3.78139
3.78139
3.78139
3.78139
4.69354
4.69354
3.75577
1.82761
1.82761
1.82761
1.82761
1.82761
2.0568
2.19498
2.52023
1.86944
1.86944
1.86944
4.39934
4.39934
4.39934
5.93688
5.93688
5.93688
5.93688
5.06155
5.06155
5.06155
5.06155
5.06155
5.06155
5.06155
6.20418
7.77461
7.77461
6.38924
6.38924
5.41631
6.53539
7.84455
7.97069
7.76799
8.97353
7.26035
7.26035
5.781
7.00273
8.66345
7.72627
5.3512
3.75015
3.75015
3.75015
3.23074
3.23074
3.23074
3.23074
3.23074
3.23074
3.23074
3.23074
3.23074
4.75035
6.57897
5.61092
7.34765
7.34765
4.36315
3.15856
3.15856
5.70304
5.70304
5.70304
5.70304
5.70304
6.12915
6.92709
6.64827
5.46557
4.21145
2.73086
2.73086
2.68961
2.68961
2.44312
2.44312
2.44312
4.12828
4.79811
4.79811
3.40026
5.90294
5.90294
8.29851
7.38491
7.38491
7.38491
8.10541
4.20209
4.20209
4.99173
5.03156
4.82474
5.40085
3.27036
5.87161
5.87161
4.23531
4.82526
4.65776
4.65776
4.65776
4.65776
4.65776
4.65776
4.65776
2.69866
2.69866
4.73153
4.73153
4.73153
4.73153
5.76871
4.51195
4.51195
2.67548
2.67548
2.67548
2.67548
2.67548
2.67548
2.67548
2.67548
2.67548
2.67548
2.67548
2.67548
2.67548
3.08029
3.08029
4.29181
4.29181
4.29181
2.81238
2.81238
2.91913
2.91913
2.91913
2.91913
5.06759
5.06759
6.29434
4.06037
4.06037
4.06037
4.06037
4.06037
6.69247
4.35932
4.35932
4.35932
4.35932
3.38968
2.88378
4.95313
4.95313
3.88384
3.16286
3.16286
3.16286
3.16286
3.16286
5.03975
5.32582
5.32582
6.69768
5.45408
5.45408
5.45408
5.45408
5.45408
7.31447
7.89086
7.89086
7.89086
6.6569
6.54535
6.54535
8.72047
8.72047
8.72047
8.72047
8.72047
8.72047
8.72047
8.72047
8.72047
8.72047
9.1438
9.1438
9.1438
6.03853
6.03853
7.23448
7.23448
6.36665
7.04709
7.97344
7.97344
6.36739
6.36739
6.25906
6.25906
6.25906
6.25906
6.38312
6.38312
6.38312
6.38312
6.38312
6.38312
8.51157
8.51157
8.23639
5.66072
3.66744
3.66744
4.29452
4.29452
4.29452
4.29452
4.45763
5.90801
5.90801
4.7767
4.7767
4.7767
4.7767
5.10312
5.03363
5.03363
5.03363
5.03363
4.84585
4.84585
4.84585
5.14665
6.94211
7.50081
4.07798
4.07798
4.07798
4.07798
4.07798
5.45661
5.45661
5.45661
5.78427
4.04151
4.04151
4.39413
8.03193
10.0983
12.1105
11.2905
11.2905
11.3595
12.0091
12.0091
12.4512
15.0527
15.0527
15.0527
13.8736
11.7146
11.7146
11.9195
11.9195
14.8039
14.8039
14.8039
14.8039
14.344
14.344
14.344
12.2324
11.2143
11.7644
8.49382
8.6612
8.6612
8.6612
10.3897
10.3897
11.1961
12.2493
12.3616
12.13
12.5125
9.34341
10.2644
13.5639
11.2067
11.2067
11.2067
12.8273
12.8273
12.8273
14.6333
15.6888
15.6888
14.9786
12.1208
12.1208
12.1208
11.7176
8.34359
7.07018
7.07018
7.07018
7.07018
5.61555
5.61555
3.45352
3.45352
3.45352
4.1932
3.94781
4.43711
4.43711
5.74917
5.74917
2.86188
2.86188
1.05213
1.05213
1.05213
1.05213
3.11536
3.11536
3.21904
3.21904
3.21904
1.97339
4.25583
4.25583
2.80721
4.22442
4.22442
4.22442
4.33406
4.33406
4.33406
4.33406
2.07094
2.07094
2.07094
3.27787
4.65164
4.65164
4.65164
5.67801
6.39748
6.39748
9.00455
7.25234
7.25234
7.25234
7.25234
7.25234
5.77616
5.77616
5.77616
9.93976
9.93976
9.93976
9.93976
9.93976
9.34945
6.44314
6.44314
4.71025
6.07761
6.07761
4.89192
4.89192
4.89192
5.25427
5.25427
5.25427
5.25427
4.57328
4.54153
4.54153
1.37101
1.37101
1.37101
1.37101
1.37101
1.37101
3.21994
3.21994
3.21994
3.21994
3.21994
4.70706
5.10497
1.99636
1.99636
1.99636
1.99636
1.99636
3.09865
3.15856
5.52403
5.52403
5.84682
4.17752
4.17752
5.00001
5.00001
3.07347
3.07347
3.15699
3.15699
4.50036
3.274
5.90389
5.90389
5.90389
5.5604
5.5604
5.88303
6.02742
6.02742
7.93232
7.79204
9.44497
9.44497
8.20376
8.20376
8.20376
8.20376
8.20376
7.68037
7.68037
4.92699
4.10319
4.10319
4.10319
4.10319
7.085
7.085
8.13938
8.13938
8.84139
8.01072
9.88462
8.77438
9.49086
9.49086
9.49086
9.49086
9.49086
7.59922
7.59922
7.59922
6.74571
8.35513
8.70552
7.95153
7.95153
7.93688
7.19898
6.61701
6.76306
6.76306
8.27497
6.3983
6.3983
6.12534
5.74159
5.74159
5.74159
5.36272
3.52165
3.52165
4.66899
4.66899
4.66899
4.66899
2.51324
2.51324
5.10432
5.10432
5.51966
5.51966
2.83036
2.83036
4.42359
4.19861
3.85599
5.39189
5.39189
5.77518
5.77518
5.77518
6.36916
6.36916
5.82884
4.6116
2.04633
2.04633
1.84586
1.84586
1.84586
1.84586
2.50453
2.50453
2.50453
2.50453
2.50453
2.50453
2.50453
2.50453
2.50453
2.50453
2.50453
2.50453
2.50453
2.50453
2.50453
2.50453
1.15951
1.93553
1.93553
1.72384
3.39851
4.45869
4.45869
2.40369
2.40369
2.40369
2.40369
2.40369
2.40369
2.40369
4.53687
4.53687
2.58684
4.00669
1.36044
2.96926
4.00395
4.00395
5.31933
3.99413
4.45649
4.84379
3.77478
6.25571
3.73874
3.73874
3.73874
2.55428
5.55544
3.37453
3.37453
3.37453
3.37453
3.37453
2.10227
2.10227
4.19478
4.19478
4.19478
4.19478
1.04285
1.04285
1.04285
1.04285
1.04285
1.04285
1.04285
1.04285
4.13595
3.96338
5.80325
5.80325
4.70537
4.46346
5.0978
4.40355
5.14901
4.02655
4.02655
5.31622
4.87592
2.23846
2.23846
4.62012
4.62012
4.62012
4.62012
4.28325
4.14878
4.14878
6.23069
4.25272
4.25272
4.25272
4.25272
4.25272
4.25272
4.25272
4.25272
5.4884
5.4884
3.11562
3.11562
3.11562
3.11562
3.11562
3.11562
3.11562
3.11562
4.60919
3.00777
3.00777
3.00777
2.89312
2.89312
2.89312
4.20883
5.22468
4.44985
4.44985
4.44985
7.51024
7.51024
5.36123
3.70645
3.70645
3.70645
3.70645
3.70645
6.09406
6.09406
5.62897
2.3309
2.72145
2.72145
2.72145
2.72145
2.72145
2.72145
2.72145
2.72145
2.72145
3.51248
3.51248
3.51248
3.51248
3.51248
3.51248
3.51248
2.96574
2.96574
2.96574
2.96574
2.96574
1.77451
1.77451
1.77451
2.54475
4.12166
4.12166
4.12166
4.12166
4.21019
5.36361
4.55911
2.30462
4.07514
4.07514
4.07514
4.07514
5.46193
4.50067
4.50067
4.50067
4.50067
4.31658
4.461
4.461
5.25822
4.85141
4.19218
5.89238
5.89238
5.89238
5.53247
5.53247
5.53247
5.53247
5.57982
5.57982
5.57982
5.57982
7.57036
7.57036
7.57036
7.57036
7.57036
5.28001
5.28001
5.28001
4.06072
4.06072
5.01326
3.79362
3.86239
3.86239
3.86239
5.13988
6.69587
6.69587
4.57768
4.57768
4.52511
4.52511
4.52511
4.36864
4.10534
4.10534
4.10534
2.02391
2.02391
4.48603
5.64715
5.69598
5.16006
5.16006
5.16006
4.5385
4.5385
4.5385
4.5385
2.13998
4.49869
5.61928
5.84086
5.84086
5.84086
5.84086
4.5933
3.87062
3.87062
5.50611
5.50611
5.50611
5.50611
5.26085
5.26085
3.62434
1.62524
1.62524
1.0936
1.0936
1.0936
1.89055
1.89055
1.89055
1.89055
4.78179
4.78179
5.77264
5.77264
4.38536
4.38536
3.58691
3.58691
3.58691
3.99873
3.99873
3.99873
4.03496
4.03496
4.03496
3.13891
3.13891
1.83604
1.83604
3.99939
3.99939
3.99939
3.99939
3.85098
3.85098
3.85098
3.85098
3.82542
5.54867
6.57045
6.57045
4.94384
4.12784
6.47076
6.47076
6.47076
6.02866
6.02866
8.7377
8.7377
6.88288
6.01509
6.01509
3.17901
4.84822
6.41135
6.63063
6.63063
8.69009
8.69009
8.69009
8.69009
9.01105
9.96143
9.28184
9.28184
7.63853
7.63853
7.63853
7.63853
4.50834
5.64109
5.64109
5.64109
5.517
4.39384
4.39384
4.39384
6.79929
7.49576
7.49576
8.17006
8.17006
6.55085
6.72569
6.72569
6.72569
6.72569
4.19528
4.19528
4.19528
4.19528
4.19528
3.23865
3.23865
3.23865
4.40302
6.09433
7.77087
8.50302
8.50302
7.40844
8.10767
6.5208
6.5208
5.76587
2.64308
1.19701
1.19701
3.11594
5.67689
8.23188
8.07438
8.07438
8.37829
8.37829
8.37829
7.97075
7.97075
7.97075
7.97075
7.39988
7.39988
7.39988
9.17219
9.17219
8.48088
11.0494
12.1502
15.1801
13.0505
13.1516
12.1765
12.1765
12.1765
12.1765
10.8267
11.138
11.138
11.138
10.7914
10.7914
10.2693
13.3325
15.0556
14.0478
11.9209
15.2736
12.7961
12.7961
14.1129
14.1129
14.1129
14.1129
14.1129
12.514
12.514
12.514
12.514
10.937
10.937
10.937
9.17927
10.4249
9.92891
8.56743
8.56743
8.56743
8.56743
4.43004
4.43004
5.78665
4.57486
4.57486
3.87475
5.43135
8.08177
11.4737
11.4737
9.79886
9.79886
10.0619
9.89898
9.89898
9.42428
9.42428
7.89847
8.05994
9.73143
8.98162
8.03045
6.0108
7.55927
6.66099
6.66099
5.8513
6.91477
5.89804
5.89804
7.07195
3.64322
3.64322
3.64322
3.51266
5.18514
5.18514
7.90966
7.90966
8.7036
8.7036
6.11509
6.11509
8.38374
6.9227
7.56738
6.23261
4.17689
4.83863
4.83863
4.83863
4.83863
4.83863
2.91889
2.91889
2.91889
1.25731
1.25731
1.7459
3.35493
3.05314
5.89778
4.02842
4.02842
4.02842
2.81304
4.23943
4.23943
4.23943
4.23943
4.23943
4.74257
4.74257
4.74257
4.74257
3.38383
5.27387
4.88445
6.53517
3.57699
3.42346
2.91179
2.12081
2.12081
2.12081
2.12081
2.12081
2.12081
3.00666
3.00666
3.00666
3.00666
2.91278
2.91278
2.91278
2.91278
2.69971
2.69971
2.69971
2.69971
2.69971
1.91535
3.03732
3.03732
3.93892
5.06225
4.23819
4.23819
4.23819
4.23819
2.66775
2.66775
2.66775
2.66775
2.66775
2.66775
3.35073
2.4349
2.4349
2.4349
2.4349
2.4349
1.88069
1.88069
1.88069
3.51634
5.63025
5.63025
5.63025
5.63025
5.63025
6.295
6.295
6.295
6.295
6.295
4.56601
5.08337
5.08337
6.52183
6.79907
7.67722
7.08193
7.08193
7.61189
7.61189
8.35298
9.2118
6.60198
5.62065
5.62065
3.65853
1.98025
1.98025
2.71543
2.71543
2.81701
2.81701
2.81701
3.23417
3.23417
5.57509
8.70718
6.31018
4.64041
7.95149
7.97895
7.97895
7.62521
7.62521
9.64617
10.6087
11.0876
11.0876
11.0876
11.0876
8.67374
7.17034
7.95637
7.95637
10.2867
10.2867
10.2867
10.5306
10.5306
10.8642
11.5098
12.7804
12.7804
11.5594
9.00813
9.00813
8.29102
5.78189
5.09535
1.88093
4.0263
4.0263
4.0263
2.22118
2.22118
2.22118
2.22118
1.79193
2.05573
2.05573
2.05573
4.17361
4.17361
4.17361
4.17361
3.0074
4.84127
4.84127
4.84127
4.84127
6.43368
6.43368
6.43368
4.47298
4.47298
3.41226
1.40627
2.83696
2.83696
2.83696
2.28269
2.73013
2.73013
2.73013
4.56331
3.42916
3.93145
3.93145
3.93145
5.62968
4.29657
4.29657
4.74002
5.2474
3.75422
4.38745
4.38745
4.38745
7.31504
5.79674
5.36409
3.44466
3.44466
3.44466
3.44466
3.44466
2.80525
2.80525
2.80525
2.80525
2.80525
2.80525
3.27746
4.41973
4.41973
2.84686
1.51197
3.82746
3.82746
2.62963
3.64812
3.64812
3.88551
7.46666
7.46666
8.64423
10.2451
7.5327
8.85325
5.95649
5.95649
5.95649
5.07345
5.07345
3.20305
4.27381
5.23095
5.4125
5.88831
5.88831
5.88831
5.88831
5.88831
5.88831
5.88831
5.88831
5.88831
6.4121
6.4121
5.33286
4.95861
4.44077
4.44077
4.44077
5.21814
5.21814
6.7848
6.05608
7.72583
7.72583
7.72583
7.72583
5.66307
5.66307
5.66307
6.50982
5.85543
5.85543
5.85543
5.85543
5.85543
5.54644
5.54644
5.54644
4.51038
4.51038
2.95756
4.79596
4.79596
6.59791
6.59791
5.25862
5.25862
5.25862
5.116
5.116
5.51648
3.94619
2.83915
2.83915
1.56187
1.56187
2.40523
2.40523
2.40523
3.67293
3.67293
3.67293
3.67293
3.67293
3.67293
3.67293
3.67293
3.67293
3.67293
5.33903
3.92515
2.94457
2.94457
2.94457
4.10103
4.10103
5.26557
5.26557
5.2554
5.2554
5.2554
5.2554
3.10858
3.10858
3.10858
3.10858
3.10858
6.25482
6.25482
5.60081
5.60081
7.36038
5.36805
5.36805
5.36805
6.08167
5.71736
5.71736
6.54472
6.54472
5.96053
6.16493
6.16493
5.57068
5.42287
5.42287
3.17898
3.17898
3.17898
3.17898
3.17898
3.17898
3.17898
3.17898
5.66297
3.99169
5.26678
5.26678
5.26678
5.26678
5.26678
4.96564
4.96564
7.18439
7.18439
7.18439
7.18439
5.4894
5.4894
4.41261
4.41261
5.01015
5.01015
5.01015
5.01015
6.71019
6.71019
3.67396
3.67396
3.67396
3.84292
4.91595
4.91595
4.91595
4.91595
5.20297
4.76292
4.76292
5.50017
5.50017
5.50017
5.50017
5.50017
5.50017
7.9445
8.51872
8.51872
8.51872
7.80776
7.80776
7.80776
7.80776
6.73766
6.73766
6.73766
6.52637
6.52637
6.52637
6.52637
7.30575
7.30575
8.1904
8.1904
8.1904
11.0997
9.253
11.5475
11.5475
9.7792
8.5915
8.5915
8.5915
7.57446
6.73962
5.7623
6.69845
7.2026
10.0883
10.3762
9.82552
9.82552
9.82552
9.82552
9.82552
9.82552
9.82552
10.6597
9.9786
9.9786
8.07682
8.65824
6.01225
5.95457
5.95457
4.6421
7.01565
5.02266
5.02266
3.29122
4.7901
4.47336
4.66893
3.9
1.27475
1.27475
1.27475
1.83284
2.23749
2.90599
2.90599
2.90599
2.90599
2.90599
2.90599
2.90599
2.90599
2.90599
2.90599
2.90599
2.90599
2.90599
4.86366
4.7083
3.02062
3.02062
2.93646
4.74624
5.07452
5.07452
5.07452
3.1136
1.96315
1.96315
2.75561
2.75561
2.75561
3.24
3.24
2.78538
2.2341
2.2341
2.89921
6.00785
2.90309
5.49283
6.14023
7.67569
7.67569
7.2595
7.46216
7.31769
7.31769
5.37279
2.54961
3.04503
3.04503
3.04503
3.04503
3.04503
3.04503
3.04503
4.58881
4.58881
4.58881
4.91228
6.01274
6.01274
6.01274
6.01274
6.01274
4.75855
4.63212
4.63212
5.43974
2.61936
2.61936
2.61936
3.47531
3.06028
4.2954
3.68386
4.19847
3.80301
3.80301
3.80301
3.19736
3.19736
3.19736
2.69295
3.48161
2.14948
2.14948
2.14948
3.18479
3.9636
2.76099
2.76099
2.76099
3.17711
3.17711
3.67621
3.49783
5.28173
5.28173
4.56414
4.56414
1.26822
1.26822
2.64377
2.64377
2.64377
4.95078
4.1151
3.11987
3.95768
3.95768
3.95768
2.90004
2.90004
2.90004
2.90004
2.90004
2.90004
2.90004
2.90004
3.75571
3.75571
3.5979
2.50617
4.57965
4.34945
5.1848
5.47662
5.47662
6.60736
6.60736
2.80747
2.80747
2.80747
2.80747
2.80747
2.80747
4.42604
5.0294
4.87845
4.87845
4.48014
4.48014
4.34406
4.34406
4.34406
4.34406
4.34406
4.34406
4.39567
3.82569
2.1896
2.1896
2.1896
2.1896
2.1896
2.1896
2.1896
2.1896
2.1896
2.1896
2.03757
2.03757
2.03757
2.03757
2.03757
3.48022
3.48022
3.48022
3.48022
4.95736
4.95736
4.95736
3.44366
3.44366
3.44366
4.6733
4.60583
4.60583
2.73191
2.73191
2.73191
2.73969
2.73969
2.73969
2.73969
2.73969
2.73969
2.73969
2.73969
2.73969
1.12057
1.93458
1.93458
1.93458
1.93458
1.93458
4.23387
4.23387
2.64535
2.64535
0.70802
0.70802
0.70802
3.62699
3.62699
4.03869
4.03869
6.18827
5.574
5.574
5.574
6.20786
6.20786
4.13504
4.13504
4.13504
4.13504
4.13504
4.13504
2.39285
2.39285
2.39285
4.27807
6.27092
6.64133
5.23144
3.70456
3.97748
3.97748
2.76153
2.76153
2.76153
2.76153
2.76153
6.38096
6.85685
4.98331
4.50895
4.50895
7.17563
7.17563
7.17563
7.17563
7.17563
6.83154
6.1793
8.16626
8.16626
9.21329
8.21176
8.21176
8.21176
5.2191
3.84258
5.12347
5.12347
6.37618
4.85209
3.86847
4.74568
4.74568
4.74568
4.74568
2.93699
3.95313
4.20185
4.20185
5.3389
5.3389
6.89821
6.93718
6.93718
7.48849
7.48849
7.4411
8.06106
8.06106
8.06106
8.10768
6.31153
6.31153
6.31153
6.31153
6.27518
4.90543
4.90543
4.90543
4.90543
5.92453
5.92453
6.40236
6.40236
6.18147
6.18147
6.18147
5.85232
5.85232
3.0986
3.0986
3.0986
3.73059
3.73059
3.73059
3.73059
3.73059
3.80875
3.87022
3.56731
3.56731
3.56731
4.00877
4.00877
4.00877
4.00877
4.00877
4.92391
4.92391
3.60447
3.60447
2.78914
2.78914
2.78914
2.78914
2.78914
2.78914
2.78914
2.78914
2.78914
2.78914
2.78914
2.78914
4.31586
4.69731
4.39963
3.25536
3.25536
3.25536
3.25536
3.25536
3.25536
3.25536
3.25536
3.25536
3.25536
3.25536
3.20775
4.70745
3.41365
4.40238
2.48737
2.48737
2.54994
4.47743
5.89343
5.76218
5.877
5.60276
5.60276
3.97503
3.97503
3.97503
3.97503
4.99404
4.99404
7.49517
7.48306
7.48306
7.48306
6.45761
5.31219
3.01179
2.33895
2.33895
4.39377
3.25333
5.78799
6.24279
6.97576
6.76043
8.32733
8.32733
8.7075
7.63291
7.63291
7.63291
7.63291
6.11634
2.77044
2.77044
2.77044
2.77044
1.6486
3.49218
5.54266
5.54266
6.35864
7.04426
7.04426
5.62492
5.62492
5.62492
4.76061
4.66197
2.10226
2.10226
2.10226
4.40159
4.40159
4.40159
2.68482
2.68482
1.52839
4.6019
4.6019
5.75877
4.04803
4.04803
5.95819
5.95819
5.61382
5.08259
5.08259
5.08259
4.67244
5.18623
4.95504
4.95504
4.95504
4.95504
5.13505
4.06621
4.06621
4.694
4.694
4.694
2.88801
4.17083
3.55773
2.65116
2.65116
4.43869
2.41876
2.41876
2.41876
2.41876
2.41876
2.41876
5.41833
6.54794
6.54794
6.54794
6.54794
6.54794
6.54794
6.54794
7.72664
7.72664
8.83078
6.88626
6.88626
6.0896
5.52356
3.54141
3.54141
3.54141
3.54141
3.54141
3.54141
3.54141
3.54141
3.54141
2.5432
2.5432
2.5432
2.5432
3.27236
3.22698
3.22698
3.22698
3.22698
3.22698
3.22698
3.22698
2.01331
2.01331
4.62671
6.30464
3.87323
2.72965
2.72965
2.72965
2.72965
4.60116
4.60116
2.54964
5.20113
7.4767
7.4767
5.73412
5.73412
5.73412
3.82421
3.82421
2.54884
2.54884
2.54884
2.60427
3.45717
3.78465
3.78465
3.78465
3.78465
3.78465
3.09185
1.89266
4.75196
6.36648
6.36648
6.36648
6.36648
6.36648
3.56821
3.56821
1.89218
1.25926
3.78865
3.78865
4.7249
4.7249
5.13115
5.61231
4.69608
4.69608
5.45184
5.45184
6.53429
6.53429
5.62084
5.62084
4.76608
3.89927
2.68319
2.68319
2.68319
2.68319
2.68319
2.68319
2.68319
2.68319
2.68319
2.68319
2.68319
2.7726
4.06006
4.06006
4.06006
4.06006
3.42879
3.7204
3.7204
3.7204
3.7204
3.7204
3.7204
6.34854
5.02148
5.02148
5.02148
5.93556
5.93556
6.62882
6.62882
5.61585
5.61585
5.61585
5.61585
5.61585
3.75476
3.44706
2.00129
4.30341
3.46474
3.46474
3.78915
3.78915
3.78915
3.28563
3.28563
3.28563
5.11668
5.90542
5.30358
5.00217
5.00217
5.34743
5.34743
5.34743
5.34743
2.49864
2.49864
2.49864
2.49864
2.49864
2.49864
2.49864
5.35731
4.54588
3.2569
3.2569
3.2569
6.58825
6.58825
6.34352
6.13701
3.76193
3.76193
3.76193
3.76193
3.76193
3.76193
2.31476
2.31476
2.31476
2.31476
4.73781
4.73781
4.73781
4.73781
7.55317
5.41262
5.41262
4.63097
4.63097
5.98855
5.98855
6.81333
6.89192
5.023
5.023
6.8234
7.20282
7.20282
7.20282
7.20282
6.95863
6.40626
6.40626
6.40626
4.91075
4.91075
2.56746
2.56746
2.56746
5.42968
5.42968
6.2036
6.79603
6.81197
6.81197
6.81197
6.81197
6.81197
6.81197
6.0121
3.07915
3.07915
3.07915
4.18401
2.81074
2.81074
2.81074
2.81074
2.81074
2.81074
1.40203
1.77555
2.77645
2.77645
3.12557
3.12557
3.12557
1.75808
1.75808
1.75808
3.86117
3.86117
3.51274
1.02783
1.02783
2.31002
2.31002
2.31002
1.20149
4.40646
4.40646
5.67433
5.67433
3.95774
3.95774
4.88423
4.88423
3.42655
2.34871
2.34871
2.34871
2.34871
2.34871
2.11972
2.11972
2.11972
2.11972
4.10304
4.10304
4.10304
4.10304
4.10304
4.10304
5.95088
5.95088
5.95088
5.95088
5.95088
6.38262
6.38262
6.30688
6.30688
6.30688
6.30688
6.30688
6.30688
7.19492
9.16176
8.97002
9.65598
8.94275
8.04364
9.51197
9.51197
9.51197
8.10281
8.10281
8.10281
10.8374
9.14448
6.02115
7.40707
9.06786
8.35196
8.35196
8.35196
8.38546
8.87272
8.87272
9.38334
7.44532
5.41928
5.41928
5.41928
3.99671
3.99671
3.99671
3.07551
1.99961
1.92771
2.92249
4.01891
4.01891
2.56888
2.25528
3.10915
3.91482
3.91482
3.91482
3.91482
7.66706
7.66706
7.66706
7.66706
8.74507
6.91861
6.91861
6.91861
3.6141
3.6141
3.6141
3.16567
3.16567
3.16567
3.16567
5.0791
8.38155
9.61836
9.48095
9.48095
9.48095
11.2177
10.453
10.453
11.4744
11.4744
11.4184
11.4184
8.44489
7.1687
7.1687
7.1687
7.19318
7.19318
5.41448
3.89256
3.89256
3.89256
1.16733
1.16733
0.779018
0.779018
4.29811
5.74409
4.10349
4.10349
4.89081
5.96145
5.96145
5.59042
5.59042
1.89226
1.89226
1.89226
2.86687
2.86687
2.86687
2.86687
4.48536
5.3132
6.26532
6.26532
6.26532
6.26532
6.26532
6.76845
6.76845
6.76845
6.40562
6.40562
6.40562
6.51936
6.65605
6.7557
7.353
7.353
7.353
7.353
6.55274
5.25926
4.92105
4.92105
6.06785
5.12987
5.12987
5.12987
7.53169
4.36137
5.66076
6.94708
4.8123
5.1851
5.1851
5.1851
3.82086
3.82086
4.57912
6.6354
6.23911
4.31755
4.31755
3.22341
3.22341
3.22341
1.67515
2.46609
2.46609
2.46609
2.46609
2.46609
4.30823
4.30823
4.30823
5.93574
3.83106
3.83106
5.61311
6.24929
6.24929
2.62337
2.62337
4.82088
4.82088
4.82088
7.62337
6.14842
4.17743
4.17743
4.17743
4.17743
4.17743
6.08228
6.08228
6.08228
7.65277
9.04762
8.64249
8.64249
8.64249
8.64249
6.36424
5.51238
4.52551
4.52551
5.63925
5.63925
6.09767
5.95821
5.24016
5.33288
5.33288
5.9047
3.92759
3.92759
3.92759
3.92759
4.00342
4.00342
4.00342
4.00342
4.00342
4.00342
4.767
4.767
4.767
4.767
4.87348
4.87348
4.87348
4.87348
3.58772
4.49953
4.49953
4.49953
4.49953
2.82159
2.82159
2.82159
0.967512
3.02862
3.02862
3.02862
3.02862
3.02862
3.57546
3.57546
5.41032
3.9007
3.9007
3.9007
3.1031
3.1031
6.02098
6.15737
8.30498
8.19299
8.4187
10.3599
10.3599
10.1721
9.2911
9.2911
10.074
10.074
10.074
10.6427
10.1494
10.8213
10.5418
10.5418
11.8429
11.8429
12.4861
12.4861
10.2496
10.3901
10.0859
10.0859
10.0859
7.96995
10.7168
11.9303
11.9303
13.1628
12.0074
11.0715
11.0715
9.93005
9.93005
9.93005
9.93005
7.90295
9.16915
9.16915
6.71617
6.71617
7.19894
7.4486
5.75613
7.79176
7.79176
6.48465
4.65655
3.17218
3.17218
3.17218
3.17218
3.17218
5.22695
4.37948
3.1484
5.83096
5.84844
5.84844
5.84844
5.84844
5.84844
6.48735
6.48735
6.48735
6.48735
5.64785
5.64785
8.69114
8.94626
9.52868
5.08442
5.80386
4.87887
5.39629
5.39629
3.19272
4.2194
4.2194
4.2194
4.2194
4.2194
4.75236
2.29696
2.29696
4.52166
4.52166
8.36014
4.90793
3.54983
3.54983
3.54983
4.64395
4.64395
4.64395
4.76354
4.49972
3.04182
3.04182
2.27949
2.27949
3.17397
3.17397
3.73755
5.65799
4.12512
2.14678
2.2021
3.21258
3.21258
3.21258
6.04184
6.04184
6.66077
6.15372
6.15372
5.71157
5.98113
5.91336
5.91336
6.68217
7.951
7.951
7.951
7.24438
7.24438
7.24438
7.24438
4.13815
4.82061
4.82061
5.50196
5.50196
3.55161
3.55161
3.55161
2.68304
4.47535
4.47535
4.47535
5.49928
4.566
4.53322
4.53322
4.08092
2.12611
2.12611
2.12611
5.04991
5.04991
5.04991
5.04991
5.04991
5.04991
5.04991
5.04991
4.13141
5.61813
5.61813
5.61813
5.61813
5.61813
5.61813
5.61813
5.61813
2.83608
2.83608
2.83608
2.83608
1.95095
1.95095
1.95095
1.95095
1.95095
1.95095
1.95095
1.95095
4.19973
4.19973
4.19973
3.93967
6.22958
6.22958
4.58621
4.58621
4.91049
4.91049
3.57346
2.38951
5.20794
5.52809
6.23942
5.22347
3.62832
2.92199
2.92199
3.4269
5.70473
5.70473
5.70473
5.70473
4.63708
5.59973
6.6558
6.6558
6.38371
6.23053
6.23053
7.42573
7.42573
7.42573
7.42573
7.42573
7.42573
8.46204
8.46204
9.01027
9.01027
8.42539
9.37649
9.37649
9.37649
11.0499
11.0499
11.0499
11.0499
11.0499
13.894
14.3201
14.3201
13.7904
13.7904
13.7904
12.1848
11.5442
10.7483
10.7483
10.7483
10.7483
12.0865
12.0865
11.9472
10.6966
10.6966
10.7508
10.696
10.696
11.9119
13.1325
12.9535
12.2419
10.8292
12.2246
12.2246
12.2246
11.8523
11.6487
9.52626
9.52626
11.2781
11.2781
11.6888
12.0359
11.6538
9.36701
9.36701
9.36701
9.36701
8.00027
8.03069
6.16366
6.16366
4.13121
4.13121
4.20639
2.25709
2.25709
2.25709
3.89362
3.89362
3.89362
3.89362
3.89362
3.89362
2.67806
2.67806
2.73746
2.73746
2.73746
4.34976
4.34976
4.34976
4.21697
3.86359
4.55344
6.2306
4.19859
3.06234
3.06234
3.06234
3.06234
3.06234
3.37535
3.37535
3.37535
4.00785
4.00785
4.00785
4.13401
4.13401
5.75204
5.75204
5.75204
5.75204
5.75204
4.63156
5.40617
5.69293
5.07798
4.63051
4.63051
4.88729
5.90573
5.90573
5.90573
6.74824
7.21258
7.21258
5.14753
7.84263
7.84263
7.84263
7.44571
8.06659
7.9319
7.9319
8.38538
8.07412
7.3779
8.22929
7.80139
5.20438
5.38368
3.25044
2.82143
4.84142
4.84142
4.84142
3.19878
3.19878
3.19878
4.47832
3.15878
4.63165
5.53142
4.21467
4.21467
1.61487
3.92729
3.92729
4.74973
4.08806
2.27993
2.27993
2.27993
2.27993
1.9239
1.9239
4.63065
4.9139
4.76274
4.76274
3.03376
3.03376
3.03376
3.03376
2.75665
2.75665
2.75665
3.83121
3.83121
3.83121
6.37525
6.37525
3.55948
3.55948
2.51831
2.51831
2.51831
2.51831
4.82769
5.82298
5.07774
5.00155
4.89659
4.89659
5.83534
5.83534
5.83534
6.13596
6.13596
6.13596
6.30209
7.24132
6.54567
6.54567
6.54567
6.73955
5.81211
3.47226
3.47226
3.47226
3.5858
5.18985
5.40521
7.68636
4.34171
5.18366
5.18366
5.18366
5.18366
5.18366
5.18366
5.18366
2.94725
2.94725
2.94725
3.61518
1.28831
1.28831
2.28421
3.51793
3.51793
3.51793
3.51793
5.17091
5.17091
5.17091
5.17091
4.61552
4.61552
4.61552
3.98478
3.98478
3.98478
3.98478
3.72785
3.72785
3.72785
3.72785
3.72785
3.93804
3.93804
5.11803
4.34688
4.34688
2.85869
2.85869
4.91078
4.91078
6.89592
4.30298
2.96675
2.96675
2.96675
2.96675
5.50093
4.37911
3.08658
3.08658
3.08658
4.54514
5.67043
2.56198
2.56198
2.56198
2.56198
2.56198
2.92973
2.92973
2.92973
1.73297
1.73297
1.73297
1.73297
2.63557
2.63557
3.37029
3.37029
3.04785
3.04785
3.04785
4.06268
3.96203
6.10007
6.10007
5.58752
5.58752
7.45595
8.36471
8.36471
8.36471
7.96469
6.47613
6.88391
4.70988
3.40814
3.40814
3.32404
3.32404
4.35618
3.91486
3.91486
3.91486
3.91486
4.56035
4.56035
4.56035
7.35631
6.97139
6.43144
6.43144
6.43144
8.50354
7.6027
6.27358
6.6728
6.6728
6.6728
6.05311
6.88968
6.88968
7.6704
7.6704
7.6704
7.83854
7.83854
6.72197
6.72197
5.42743
4.76104
6.58407
7.00508
7.00508
6.84856
7.99974
6.91185
5.31894
7.58289
7.58289
8.04213
6.91195
6.91195
7.10446
5.19659
5.19659
5.19659
3.41751
3.20123
4.85879
1.92574
1.99149
1.99149
1.99149
1.99149
5.30024
5.30024
6.2199
5.13575
2.01787
2.01787
2.43891
2.72729
2.94687
2.94687
2.94687
4.24089
3.35693
3.35693
4.9195
5.46119
6.73465
6.73465
5.05584
5.05584
5.34672
5.07103
5.07103
4.80243
4.80243
4.80243
3.62612
3.62612
3.62612
5.54282
5.54282
5.54282
5.54282
4.51974
3.88251
3.88251
3.88251
3.88251
3.66401
3.66401
3.66401
3.87085
3.87085
3.87085
2.26832
2.26832
2.26832
2.26832
1.04072
4.39965
4.95296
4.95296
4.95296
3.45497
2.4822
3.42646
4.28412
3.47751
5.44609
5.44609
4.85444
8.61954
9.32969
8.28519
7.53153
7.77565
7.61201
7.61201
6.2591
5.7771
5.7771
4.24209
4.24209
4.24209
3.79399
3.79399
3.79399
2.15823
4.48675
6.19386
6.25309
6.25309
6.25309
7.16046
7.16046
7.16046
7.16046
7.16046
7.16046
7.16046
7.16046
8.47809
8.55472
8.55472
8.31224
8.31224
6.02076
6.02076
5.84761
5.84761
5.84761
5.84761
5.84761
5.84761
5.84761
5.84761
5.84761
5.84761
5.84761
5.84761
6.94985
6.94985
6.94985
5.45853
5.45853
5.45853
4.66358
4.66358
4.66358
4.66358
5.7251
4.32143
3.70518
3.84052
3.84052
2.83767
2.83767
2.83767
2.83767
5.1557
5.1557
3.93236
4.62436
4.62436
4.62436
2.28093
2.28093
2.28093
2.28093
2.28093
2.28093
3.2898
3.2898
3.2898
3.2898
3.2898
3.2898
3.2898
4.3009
4.3009
4.3009
7.35998
7.35998
5.01583
4.14131
4.14131
4.04076
4.04076
4.04076
4.04076
6.83848
6.83848
5.52008
5.52008
5.0445
5.36443
7.47152
7.47152
6.35826
6.35826
5.62621
5.26311
5.26311
5.26311
5.26311
5.26311
5.26311
2.0488
2.0488
4.78267
4.50686
4.50686
2.93098
3.48175
4.57916
3.07574
5.17681
5.17681
5.17681
4.8445
4.8445
7.28925
7.46056
6.12024
6.12024
6.12024
6.59297
6.59297
6.09132
6.09132
7.42812
8.43695
7.62849
7.62849
8.78938
8.78938
8.85823
8.85823
8.85823
8.85823
8.32316
8.32316
8.32316
8.58893
7.72672
6.10474
6.10474
7.09798
8.16015
8.16015
9.26452
9.26452
9.26452
8.56216
8.83492
8.83492
8.83492
6.72418
7.09757
7.09757
7.09757
4.97642
4.97642
4.72656
2.08273
2.08273
2.23764
2.23764
2.23764
2.23764
4.69396
5.47126
5.47126
7.22681
8.79288
9.17518
9.17518
9.17518
9.17518
9.38509
9.38509
9.02204
8.46735
8.46735
6.02636
6.02636
6.02636
5.52245
5.52245
5.52245
5.02621
7.33582
5.33112
5.0172
5.0172
1.52246
3.89114
5.2116
5.2116
5.66266
5.66266
2.5305
2.5305
4.10569
5.23124
3.27625
3.27625
3.27625
3.27625
3.27625
3.27625
7.04988
7.04988
4.44762
5.20828
3.05701
3.05701
1.3347
2.46322
3.83649
3.83649
3.83649
3.83649
3.83649
1.85991
1.85991
3.96743
1.34955
1.34955
1.34955
2.41445
4.65946
5.98152
7.25675
4.66646
4.66646
4.85113
7.16997
7.16997
8.22936
8.22936
8.61527
9.27894
9.27894
6.83965
6.83965
6.83965
5.35172
1.52162
1.52162
1.52162
1.52162
3.295
3.295
3.295
4.06731
5.2348
5.2348
5.2348
5.2348
3.97592
4.96755
4.96755
5.02124
5.02124
5.02124
5.02124
5.02124
5.02124
5.27826
5.27826
5.27826
5.86053
7.4831
8.3904
8.67952
5.80119
4.26937
4.26937
0.785255
2.71644
2.71644
4.28774
5.61071
5.61071
4.68628
4.68628
4.68628
4.68628
3.12967
3.12967
3.12967
3.12967
2.69569
2.69569
3.24856
3.24856
3.24856
4.67596
4.67596
4.67596
4.67596
4.67596
3.40985
5.3185
5.49458
3.92548
3.70282
3.70282
3.70282
5.75876
5.75876
5.75876
8.01764
6.78594
5.85871
4.52497
4.52497
3.60544
4.50511
5.87722
6.21774
5.85388
5.85388
5.85388
5.85388
4.87555
4.87555
4.87555
6.06566
6.61706
6.38032
6.38032
6.38032
5.23582
5.38868
5.18346
5.16494
5.27116
6.4606
4.20185
4.20185
4.20185
2.37942
4.06278
4.06278
4.09602
2.50541
2.50541
2.50541
2.50541
2.50541
2.50541
2.50541
4.82786
4.82786
4.82786
4.82786
4.21142
4.21142
4.21142
4.21142
3.66648
4.77701
4.6855
4.11402
4.11402
2.45893
2.45893
3.17428
1.99333
1.99333
1.99333
1.99333
1.99333
1.63612
1.63612
2.44573
3.35042
2.13761
2.13761
2.13761
3.07898
3.07898
3.07898
3.07898
3.07898
3.07898
3.07898
1.07685
1.07685
1.07685
1.07685
1.07685
3.3643
3.3643
3.14952
3.14952
3.45625
5.70753
2.27638
2.27638
2.27638
2.49969
4.31021
4.31021
3.77086
3.77086
3.77086
3.46777
3.46777
3.46777
5.48252
5.48252
5.48252
5.48252
5.14439
5.14439
6.41313
5.59517
5.59517
3.11126
3.11126
3.11126
5.66785
5.66785
6.11508
4.95019
7.8996
7.8996
6.60553
7.77276
7.07659
7.07659
8.2443
7.07345
7.07345
7.07345
4.94225
4.58568
4.58568
4.58568
2.37512
2.37512
2.37512
2.37512
2.37512
2.37512
2.37512
3.11059
4.86108
6.07157
6.07157
6.07157
6.07157
4.02115
4.84129
4.84129
3.46502
3.46502
5.30715
5.30715
3.90728
3.90728
3.2227
3.2227
3.2227
3.2227
2.39027
2.39027
4.88536
4.17944
7.29825
4.00503
4.00503
3.66308
5.76111
6.12581
6.12581
6.12581
6.12581
6.12581
4.08152
3.4608
2.31113
2.31113
2.31113
2.31113
2.31113
2.31113
2.31113
2.31113
4.77182
4.77182
6.783
5.3286
5.3286
5.3286
5.3286
5.90059
4.46012
5.26677
5.26677
4.10016
4.10016
3.08484
3.08484
3.08484
3.08484
3.08484
3.97561
3.97561
3.97561
3.78467
3.78467
5.90057
5.90057
5.90057
5.3475
4.64628
4.38374
3.22612
2.83437
5.44635
3.21039
4.39195
4.39195
4.39195
4.39195
3.3461
3.3461
3.3461
3.3461
3.3461
3.3461
3.3461
3.3461
4.17389
1.5821
1.5821
1.5821
1.5821
1.5821
2.91921
2.91921
2.91921
5.41625
5.84439
5.84439
5.84439
7.1133
7.54142
7.54142
7.54142
6.63732
7.88939
7.37173
7.37173
7.37173
7.36754
8.00895
8.14438
8.14438
7.40904
7.40904
5.37384
5.37384
5.77066
3.27625
3.27625
2.29706
4.32118
1.23832
1.23832
1.19871
1.19871
1.19871
1.19871
4.547
4.547
3.85269
3.85269
3.85269
3.85269
3.85269
6.51652
5.83096
5.83096
4.59189
3.4584
3.4584
3.34676
3.34676
3.34676
3.34676
5.65823
4.40848
2.85821
0.679133
0.906976
0.906976
0.906976
1.76865
1.76865
3.33741
3.33741
3.18577
3.18577
3.18577
4.86164
4.86164
3.30488
3.30488
4.62033
4.62033
4.62033
4.62033
7.58638
6.83723
5.75273
5.51706
2.85848
2.85848
2.85848
2.85848
2.85848
2.85848
2.85848
2.85848
1.99994
1.99994
4.88037
4.88037
4.88037
2.93009
3.87753
3.87753
3.87753
2.86975
2.86975
3.28141
3.28141
4.88527
4.88527
6.59376
7.03591
7.81098
6.99343
6.99343
5.44317
7.64668
7.64668
7.64668
8.35993
8.21345
8.21345
6.83436
6.83436
6.83436
6.83436
6.79125
5.64332
5.64332
5.64332
5.62369
2.85871
2.85871
2.50861
2.50861
1.97143
1.97143
1.97143
1.81374
2.02364
2.02364
2.02364
3.24531
3.24531
2.09768
2.09768
2.09768
2.09768
2.09768
3.04067
2.54201
3.14092
3.62776
5.25905
5.25905
5.25905
5.25905
4.96564
4.62944
4.62944
4.62944
5.9111
6.53416
6.3596
6.3596
4.90877
6.33567
6.33567
6.59755
6.76476
6.32563
6.32563
7.87551
7.87551
7.87551
7.52506
6.71304
5.4601
3.20647
2.242
3.63158
3.83438
2.40771
2.86519
2.86519
2.86519
2.86519
2.86519
2.86519
2.86519
2.86519
2.86519
2.86519
2.86519
2.86519
2.86519
5.25953
5.02425
5.11153
5.11153
5.11153
5.11153
7.16591
7.16591
7.16591
7.16591
7.16591
6.61425
5.24414
5.24414
5.76815
5.19783
5.19783
4.61452
4.61452
4.61452
6.47817
6.0791
6.0791
6.24263
5.66036
5.24471
5.24471
5.24471
5.24471
5.48346
5.48346
5.942
5.84466
6.24609
5.23239
3.45748
3.45748
3.45748
3.67545
4.5533
3.80675
4.88394
3.68976
2.35019
2.35019
2.35019
3.23853
4.77394
4.77394
4.77394
3.94579
5.98005
5.98005
4.25793
4.25793
3.91333
2.12796
2.12796
2.12796
4.38889
4.38889
4.38889
2.6082
2.6082
2.6082
2.6082
2.84955
2.84955
3.00522
3.00522
3.00522
5.72858
5.72858
4.0727
4.0727
4.0727
4.90658
4.90658
3.66347
3.66347
4.87974
