31.2186
32.1907
32.1907
30.3401
27.8841
26.3279
26.3279
24.5029
23.7759
26.2823
26.9376
25.2439
25.2439
25.2439
29.3018
26.9697
28.1289
27.6825
24.1437
23.4584
23.7729
22.5363
22.5363
23.1481
23.1481
23.1481
25.7516
25.7516
25.3354
25.3354
23.023
23.023
18.9242
18.9242
21.2641
21.6864
21.2367
16.9475
16.9475
16.9475
16.9475
16.8784
16.8784
16.8784
14.954
13.8555
13.8555
13.8555
13.8555
13.3694
13.9742
11.9686
10.2551
10.4157
12.1852
10.4918
8.52007
8.55176
8.55176
8.55176
8.55176
8.55176
7.01053
7.01053
7.01053
7.78099
7.78099
7.88173
6.965
6.965
6.965
4.27674
4.33779
4.25301
4.25301
4.25301
4.25301
3.70685
3.70685
2.85435
4.21072
4.21072
4.21072
4.21072
5.82426
4.26298
1.39246
1.39246
1.39246
1.39246
1.39246
1.39246
1.39246
3.41247
3.41247
3.41247
3.07603
3.17441
3.17441
4.37055
4.37055
4.37055
4.37055
5.54246
5.54246
5.54246
6.28763
6.28763
6.28763
5.10102
4.45365
2.30448
2.30448
2.30448
2.99344
2.99344
2.8196
3.08503
2.57311
2.57311
2.57311
2.89325
2.89325
1.84484
1.84484
1.84484
1.84484
1.84484
1.84484
4.27882
5.05529
5.05529
4.19607
2.09508
2.09508
2.09508
2.09508
3.24305
4.56415
4.56415
4.27543
3.55382
3.55382
3.55382
6.85963
7.38566
7.38566
7.03161
7.03161
5.35475
2.9144
4.12371
5.04589
5.04589
5.04589
5.04589
3.45752
2.73705
2.73705
5.07903
5.07903
5.29315
5.29315
5.29315
5.29315
3.54454
3.54454
3.54454
6.57943
6.57943
6.57943
6.57943
6.85347
5.89679
4.87411
7.20701
7.86537
6.61151
6.61151
6.61151
6.61151
6.61151
6.05778
6.05778
6.05778
4.83191
4.83191
4.83191
6.43847
6.43847
8.28914
4.61844
2.03251
3.8001
3.8001
3.8001
3.8001
2.8408
2.8408
2.8408
2.8408
2.8408
2.8408
2.8408
2.8408
2.8408
2.8408
2.8408
2.8408
2.8408
5.38258
5.38258
4.38595
4.38595
4.38595
4.38595
5.2811
5.2811
5.2811
5.2811
5.2811
3.97401
3.67122
3.67122
6.18476
6.18476
6.18476
6.18476
5.6923
5.6923
5.6923
5.6923
1.95448
3.61536
1.81724
2.68975
2.68975
2.68975
4.11377
3.51917
3.51917
4.61857
3.93717
3.93717
5.05169
5.05169
3.7491
3.44316
3.44316
3.44316
3.44316
3.44316
3.83766
3.83766
5.69607
5.51574
3.17106
3.17106
3.17106
3.17106
3.17106
3.6849
3.6849
3.6849
7.00927
7.00927
5.24071
5.24071
5.33984
5.33984
5.3527
5.3527
5.3527
5.3527
3.56721
3.56721
3.56721
3.56721
3.56721
3.68953
3.68953
3.68953
3.68953
2.15386
2.15386
2.15386
2.15386
4.62517
3.99374
3.99374
4.84416
4.84416
5.84713
5.84713
6.74707
6.74707
6.74707
6.74707
6.74707
9.44184
6.81932
6.81932
5.39434
5.2581
5.16714
4.57187
4.57187
4.70464
7.1021
5.2921
5.2921
7.97338
7.97338
7.2773
7.79597
8.82343
8.05127
8.4055
8.4055
7.89431
7.89431
5.28542
3.56364
3.56364
2.72317
4.07808
4.39688
5.34504
5.34504
5.38233
5.38233
6.29879
6.27751
6.27751
6.27751
5.45979
5.45979
5.45979
6.20955
3.94865
6.4594
6.4594
6.94869
6.94869
4.55983
4.03248
5.0066
5.0066
5.0066
5.58491
5.86401
4.80896
4.80896
5.10487
5.10487
5.10487
5.10487
6.30704
6.30704
6.81478
5.84202
5.84202
7.80544
7.80544
7.80544
6.97646
6.97646
6.97646
6.97646
9.66543
9.66543
8.30773
7.76931
7.76931
7.76931
7.76931
7.76931
7.76931
7.76931
9.26455
10.5372
10.5372
8.89012
8.89012
11.0892
11.0892
9.90431
9.90431
8.81158
8.81158
8.81158
8.52511
6.43733
6.43733
5.16091
5.16091
2.76759
2.76759
2.76759
4.68394
2.87892
2.87892
2.87892
2.87892
2.87892
6.10638
6.90585
7.86288
5.66955
5.66955
6.58745
6.73264
6.73264
7.69297
9.14683
9.05001
7.62413
8.8792
8.42293
8.42293
8.42293
8.25531
8.93472
8.84601
8.84601
9.08089
9.08089
9.02924
9.02924
7.1298
5.02344
4.31601
4.35196
5.63668
5.79857
5.79857
5.79857
7.64702
9.48222
11.9741
11.9741
11.9741
10.9685
8.46585
8.46585
8.46585
9.73205
10.0307
7.60197
4.38224
4.22127
2.12203
3.42742
5.04991
3.20317
3.20317
6.07332
3.67318
3.67318
4.39153
2.12622
2.12622
2.12622
3.8248
3.42099
3.42099
3.42099
1.1204
1.1204
1.1204
0.737742
3.68176
3.68176
3.68176
3.68176
3.68176
7.32074
9.78176
9.78176
9.89284
12.0227
10.2178
10.2178
11.7532
10.7724
9.78394
10.6558
10.6558
12.2365
11.4558
10.826
12.0372
15.5105
15.4118
13.4695
12.6251
12.6251
12.6251
14.2524
11.2422
