0.5 0.316309 0.328132 0.00134433
0.6 0.421833 0.423316 0.000806002
0.7 0.432427 0.43228 0.000658366
0.8 0.440192 0.440214 0.00048626
0.9 0.432061 0.436226 0.000398732
1 0.41885 0.420552 0.000289722
1.1 0.400908 0.397579 0.000287772
1.2 0.370116 0.371095 0.000235542
1.3 0.348224 0.344719 0.000230804
1.4 0.321525 0.318414 0.000189909
1.5 0.294893 0.293401 0.00015762
1.6 0.27006 0.270513 0.000158455
1.7 0.249862 0.249215 0.000110421
1.8 0.229771 0.230049 0.000109635
1.9 0.211755 0.212428 0.000104858
2 0.197218 0.196678 8.62031e-05
