 0.5 -0.975497 -0.974253 0.000152225
 0.6 -0.93447 -0.935076 0.000152919
 0.7 -0.890918 -0.891992 0.000110945
 0.8 -0.847946 -0.848308 9.68689e-05
 0.9 -0.802299 -0.804359 8.43934e-05
 1 -0.760398 -0.7616 7.04131e-05
 1.1 -0.719818 -0.720697 6.82496e-05
 1.2 -0.681038 -0.682123 6.11533e-05
 1.3 -0.646146 -0.646341 6.24536e-05
 1.4 -0.613537 -0.613299 6.06549e-05
 1.5 -0.583207 -0.582732 6.2125e-05
 1.6 -0.55439 -0.554612 6.13955e-05
 1.7 -0.527603 -0.528552 6.2095e-05
 1.8 -0.50395 -0.504691 5.59637e-05
 1.9 -0.481673 -0.482577 5.58596e-05
 2 -0.46172 -0.462117 5.18862e-05
