0.5 0.889758 0.890298 0.00280559
0.6 0.678154 0.671452 0.00266597
0.7 0.4246 0.441818 0.00203717
0.8 0.290935 0.289847 0.00132116
0.9 0.20945 0.201031 0.000971467
1 0.155439 0.14679 0.000692401
1.1 0.113224 0.111447 0.000508091
1.2 0.0892596 0.0878345 0.000412575
1.3 0.0702976 0.0710044 0.000370539
1.4 0.057636 0.0590746 0.000279551
1.5 0.0490068 0.0509957 0.000273658
1.6 0.0429836 0.043693 0.000233543
1.7 0.0373276 0.0381794 0.000216257
1.8 0.03262 0.0337324 0.000160993
1.9 0.0299028 0.0301001 0.000194433
2 0.0243552 0.0271881 0.000166101
