-26
-22
-18
-26
-22
-26
-26
-34
-30
-26
-26
-30
-30
-26
-26
-30
-38
-34
-22
-18
-14
-14
-30
-30
-22
-26
-10
-18
-22
-26
-22
-18
-26
-10
-10
-14
-22
-30
-34
-22
-18
-26
-30
-18
-22
-14
-22
-22
-14
-22
-18
-22
-26
-22
-30
-14
-22
-26
-26
-18
-6
-18
-22
-26
-26
-18
-22
-6
-10
-22
-22
-30
-22
-26
-30
-26
-14
-22
-26
-22
-30
-22
-30
-26
-18
-18
-18
-18
-30
-14
-18
-22
-30
-18
-14
-22
-22
-18
-30
-30
2 -26
2 -22
2 -18
2 -26
2 -22
2 -26
2 -26
2 -34
2 -30
2 -26
2 -26
2 -30
2 -30
2 -26
2 -26
2 -30
2 -38
2 -34
2 -22
2 -18
2 -14
2 -14
2 -30
2 -30
2 -22
2 -26
2 -10
2 -18
2 -22
2 -26
2 -22
2 -18
2 -26
2 -10
2 -10
2 -14
2 -22
2 -30
2 -34
2 -22
2 -18
2 -26
2 -30
2 -18
2 -22
2 -14
2 -22
2 -22
2 -14
2 -22
2 -18
2 -22
2 -26
2 -22
2 -30
2 -14
2 -22
2 -26
2 -26
2 -18
2 -6
2 -18
2 -22
2 -26
2 -26
2 -18
2 -22
2 -6
2 -10
2 -22
2 -22
2 -30
2 -22
2 -26
2 -30
2 -26
2 -14
2 -22
2 -26
2 -22
2 -30
2 -22
2 -30
2 -26
2 -18
2 -18
2 -18
2 -18
2 -30
2 -14
2 -18
2 -22
2 -30
2 -18
2 -14
2 -22
2 -22
2 -18
2 -30
2 -30
2 -26
2 -22
2 -18
2 -26
2 -22
2 -26
2 -26
2 -34
2 -30
2 -26
2 -26
2 -30
2 -30
2 -26
2 -26
2 -30
2 -38
2 -34
2 -22
2 -18
2 -14
2 -14
2 -30
2 -30
2 -22
2 -26
2 -10
2 -18
2 -22
2 -26
2 -22
2 -18
2 -26
2 -10
2 -10
2 -14
2 -22
2 -30
2 -34
2 -22
2 -18
2 -26
2 -30
2 -18
2 -22
2 -14
2 -22
2 -22
2 -14
2 -22
2 -18
2 -22
2 -26
2 -22
2 -30
2 -14
2 -22
2 -26
2 -26
2 -18
2 -6
2 -18
2 -22
2 -26
2 -26
2 -18
2 -22
2 -6
2 -10
2 -22
2 -22
2 -30
2 -22
2 -26
2 -30
2 -26
2 -14
2 -22
2 -26
2 -22
2 -30
2 -22
2 -30
2 -26
2 -18
2 -18
2 -18
2 -18
2 -30
2 -14
2 -18
2 -22
2 -30
2 -18
2 -14
2 -22
2 -22
2 -18
2 -30
2 -30
0.05 10
0.05 10
0.05 10
0.05 10
0.05 10
0.05 10
0.05 10
0.05 10
0.05 10
0.05 10
0.05 10
0.05 10
0.05 10
0.05 10
0.05 10
0.05 10
0.05 10
0.05 10
0.05 10
0.05 10
0.05 10
0.05 10
0.05 10
0.05 10
0.05 10
0.05 10
0.05 10
0.05 10
0.05 10
0.05 10
0.05 10
0.05 10
0.05 10
0.05 10
0.05 10
0.05 10
0.05 10
0.05 10
0.05 10
0.05 10
0.05 10
0.05 10
0.05 10
0.05 10
0.05 10
0.05 10
0.05 10
0.05 10
0.05 10
0.05 10
0.05 10
0.05 10
0.05 10
0.05 10
0.05 10
0.05 10
0.05 10
0.05 10
0.05 10
0.05 10
0.05 10
0.05 10
0.05 10
0.05 10
0.05 10
0.05 10
0.05 10
0.05 10
0.05 10
0.05 10
0.05 10
0.05 10
0.05 10
0.05 10
0.05 10
0.05 10
0.05 10
0.05 10
0.05 10
0.05 10
0.05 10
0.05 10
0.05 10
0.05 10
0.05 10
0.05 10
0.05 10
0.05 10
0.05 10
0.05 10
0.05 10
0.05 10
0.05 10
0.05 10
0.05 10
0.05 10
0.05 10
0.05 10
0.05 10
0.05 10
0.15 10
0.15 10
0.15 10
0.15 10
0.15 10
0.15 10
0.15 10
0.15 10
0.15 10
0.15 10
0.15 10
0.15 10
0.15 10
0.15 10
0.15 10
0.15 10
0.15 10
0.15 10
0.15 10
0.15 10
0.15 10
0.15 10
0.15 10
0.15 10
0.15 10
0.15 10
0.15 10
0.15 10
0.15 10
0.15 10
0.15 10
0.15 10
0.15 10
0.15 10
0.15 10
0.15 10
0.15 10
0.15 10
0.15 10
0.15 10
0.15 10
0.15 10
0.15 10
0.15 10
0.15 10
0.15 10
0.15 10
0.15 10
0.15 10
0.15 10
0.15 10
0.15 10
0.15 10
0.15 10
0.15 10
0.15 10
0.15 10
0.15 10
0.15 10
0.15 10
0.15 10
0.15 10
0.15 10
0.15 10
0.15 10
0.15 10
0.15 10
0.15 10
0.15 10
0.15 10
0.15 10
0.15 10
0.15 10
0.15 10
0.15 10
0.15 10
0.15 10
0.15 10
0.15 10
0.15 10
0.15 10
0.15 10
0.15 10
0.15 10
0.15 10
0.15 10
0.15 10
0.15 10
0.15 10
0.15 10
0.15 10
0.15 10
0.15 10
0.15 10
0.15 10
0.15 10
0.15 10
0.15 10
0.15 10
0.15 10
2 -26
2 -22
2 -18
2 -26
2 -22
2 -26
2 -26
2 -34
2 -30
2 -26
2 -26
2 -30
2 -30
2 -26
2 -26
2 -30
2 -38
2 -34
2 -22
2 -18
2 -14
2 -14
2 -30
2 -30
2 -22
2 -26
2 -10
2 -18
2 -22
2 -26
2 -22
2 -18
2 -26
2 -10
2 -10
2 -14
2 -22
2 -30
2 -34
2 -22
2 -18
2 -26
2 -30
2 -18
2 -22
2 -14
2 -22
2 -22
2 -14
2 -22
2 -18
2 -22
2 -26
2 -22
2 -30
2 -14
2 -22
2 -26
2 -26
2 -18
2 -6
2 -18
2 -22
2 -26
2 -26
2 -18
2 -22
2 -6
2 -10
2 -22
2 -22
2 -30
2 -22
2 -26
2 -30
2 -26
2 -14
2 -22
2 -26
2 -22
2 -30
2 -22
2 -30
2 -26
2 -18
2 -18
2 -18
2 -18
2 -30
2 -14
2 -18
2 -22
2 -30
2 -18
2 -14
2 -22
2 -22
2 -18
2 -30
2 -30
0.05 10
0.05 10
0.05 10
0.05 10
0.05 10
0.05 10
0.05 10
0.05 10
0.05 10
0.05 10
0.05 10
0.05 10
0.05 10
0.05 10
0.05 10
0.05 10
0.05 10
0.05 10
0.05 10
0.05 10
0.05 10
0.05 10
0.05 10
0.05 10
0.05 10
0.05 10
0.05 10
0.05 10
0.05 10
0.05 10
0.05 10
0.05 10
0.05 10
0.05 10
0.05 10
0.05 10
0.05 10
0.05 10
0.05 10
0.05 10
0.05 10
0.05 10
0.05 10
0.05 10
0.05 10
0.05 10
0.05 10
0.05 10
0.05 10
0.05 10
0.05 10
0.05 10
0.05 10
0.05 10
0.05 10
0.05 10
0.05 10
0.05 10
0.05 10
0.05 10
0.05 10
0.05 10
0.05 10
0.05 10
0.05 10
0.05 10
0.05 10
0.05 10
0.05 10
0.05 10
0.05 10
0.05 10
0.05 10
0.05 10
0.05 10
0.05 10
0.05 10
0.05 10
0.05 10
0.05 10
0.05 10
0.05 10
0.05 10
0.05 10
0.05 10
0.05 10
0.05 10
0.05 10
0.05 10
0.05 10
0.05 10
0.05 10
0.05 10
0.05 10
0.05 10
0.05 10
0.05 10
0.05 10
0.05 10
0.05 10
1.05 10
1.05 10
1.05 10
1.05 10
1.05 10
1.05 10
1.05 10
1.05 10
1.05 10
1.05 10
1.05 10
1.05 10
1.05 10
1.05 10
1.05 10
1.05 10
1.05 10
1.05 10
1.05 10
1.05 10
1.05 10
1.05 10
1.05 10
1.05 10
1.05 10
1.05 10
1.05 10
1.05 10
1.05 10
1.05 10
1.05 10
1.05 10
1.05 10
1.05 10
1.05 10
1.05 10
1.05 10
1.05 10
1.05 10
1.05 10
1.05 10
1.05 10
1.05 10
1.05 10
1.05 10
1.05 10
1.05 10
1.05 10
1.05 10
1.05 10
1.05 10
1.05 10
1.05 10
1.05 10
1.05 10
1.05 10
1.05 10
1.05 10
1.05 10
1.05 10
1.05 10
1.05 10
1.05 10
1.05 10
1.05 10
1.05 10
1.05 10
1.05 10
1.05 10
1.05 10
1.05 10
1.05 10
1.05 10
1.05 10
1.05 10
1.05 10
1.05 10
1.05 10
1.05 10
1.05 10
1.05 10
1.05 10
1.05 10
1.05 10
1.05 10
1.05 10
1.05 10
1.05 10
1.05 10
1.05 10
1.05 10
1.05 10
1.05 10
1.05 10
1.05 10
1.05 10
1.05 10
1.05 10
1.05 10
1.05 10
2.05 10
2.05 10
2.05 10
2.05 10
2.05 10
2.05 10
2.05 10
2.05 10
2.05 10
2.05 10
2.05 10
2.05 10
2.05 10
2.05 10
2.05 10
2.05 10
2.05 10
2.05 10
2.05 10
2.05 10
2.05 10
2.05 10
2.05 10
2.05 10
2.05 10
2.05 10
2.05 10
2.05 10
2.05 10
2.05 10
2.05 10
2.05 10
2.05 10
2.05 10
2.05 10
2.05 10
2.05 10
2.05 10
2.05 10
2.05 10
2.05 10
2.05 10
2.05 10
2.05 10
2.05 10
2.05 10
2.05 10
2.05 10
2.05 10
2.05 10
2.05 10
2.05 10
2.05 10
2.05 10
2.05 10
2.05 10
2.05 10
2.05 10
2.05 10
2.05 10
2.05 10
2.05 10
2.05 10
2.05 10
2.05 10
2.05 10
2.05 10
2.05 10
2.05 10
2.05 10
2.05 10
2.05 10
2.05 10
2.05 10
2.05 10
2.05 10
2.05 10
2.05 10
2.05 10
2.05 10
2.05 10
2.05 10
2.05 10
2.05 10
2.05 10
2.05 10
2.05 10
2.05 10
2.05 10
2.05 10
2.05 10
2.05 10
2.05 10
2.05 10
2.05 10
2.05 10
2.05 10
2.05 10
2.05 10
2.05 10
3.05 10
3.05 10
3.05 10
3.05 10
3.05 10
3.05 10
3.05 10
3.05 10
3.05 10
3.05 10
3.05 10
3.05 10
3.05 10
3.05 10
3.05 10
3.05 10
3.05 10
3.05 10
3.05 10
3.05 10
3.05 10
3.05 10
3.05 10
3.05 10
3.05 10
3.05 10
3.05 10
3.05 10
3.05 10
3.05 10
3.05 10
3.05 10
3.05 10
3.05 10
3.05 10
3.05 10
3.05 10
3.05 10
3.05 10
3.05 10
3.05 10
3.05 10
3.05 10
3.05 10
3.05 10
3.05 10
3.05 10
3.05 10
3.05 10
3.05 10
3.05 10
3.05 10
3.05 10
3.05 10
3.05 10
3.05 10
3.05 10
3.05 10
3.05 10
3.05 10
3.05 10
3.05 10
3.05 10
3.05 10
3.05 10
3.05 10
3.05 10
3.05 10
3.05 10
3.05 10
3.05 10
3.05 10
3.05 10
3.05 10
3.05 10
3.05 10
3.05 10
3.05 10
3.05 10
3.05 10
3.05 10
3.05 10
3.05 10
3.05 10
3.05 10
3.05 10
3.05 10
3.05 10
3.05 10
3.05 10
3.05 10
3.05 10
3.05 10
3.05 10
3.05 10
3.05 10
3.05 10
3.05 10
3.05 10
3.05 10
