1 -0.461884 -0.461884 0
2 -0.462631 -0.462258 0.0003736
3 -0.462438 -0.462318 0.000223959
4 -0.462636 -0.462397 0.000177213
5 -0.462046 -0.462327 0.000154177
6 -0.461434 -0.462178 0.000194907
7 -0.462383 -0.462208 0.000167304
8 -0.462246 -0.462212 0.000144967
9 -0.462498 -0.462244 0.000131739
10 -0.461675 -0.462187 0.000130849
11 -0.462862 -0.462249 0.000133324
12 -0.461261 -0.462166 0.000146934
13 -0.461309 -0.4621 0.000150397
14 -0.46267 -0.462141 0.000145056
15 -0.46229 -0.462151 0.000135406
16 -0.46298 -0.462203 0.000136849
17 -0.46237 -0.462213 0.000128925
18 -0.462084 -0.462206 0.000121761
19 -0.462322 -0.462212 0.000115337
20 -0.461718 -0.462187 0.000112163
21 -0.462414 -0.462198 0.000107236
22 -0.462429 -0.462208 0.000102784
23 -0.461114 -0.462161 0.000109138
24 -0.462738 -0.462185 0.000107221
25 -0.462503 -0.462197 0.000103629
26 -0.461306 -0.462163 0.000105307
27 -0.463028 -0.462195 0.000106273
28 -0.461415 -0.462167 0.000106129
29 -0.462606 -0.462182 0.000103513
30 -0.461601 -0.462163 0.000101865
31 -0.462048 -0.462159 9.85944e-05
32 -0.461092 -0.462126 0.000101123
33 -0.461572 -0.462109 9.94381e-05
34 -0.46221 -0.462112 9.6515e-05
35 -0.46223 -0.462116 9.37769e-05
36 -0.461134 -0.462088 9.5129e-05
37 -0.463225 -0.462119 9.7488e-05
38 -0.462186 -0.462121 9.4904e-05
39 -0.462081 -0.46212 9.24443e-05
40 -0.461523 -0.462105 9.13293e-05
41 -0.462287 -0.462109 8.91849e-05
42 -0.462175 -0.462111 8.70497e-05
43 -0.462254 -0.462114 8.5066e-05
44 -0.462406 -0.462121 8.33738e-05
45 -0.461547 -0.462108 8.24906e-05
46 -0.461578 -0.462097 8.14948e-05
47 -0.461436 -0.462082 8.09709e-05
48 -0.461426 -0.462069 8.04358e-05
49 -0.462422 -0.462076 7.91055e-05
50 -0.461962 -0.462074 7.75405e-05
51 -0.463014 -0.462092 7.82073e-05
52 -0.462515 -0.4621 7.71189e-05
53 -0.462472 -0.462107 7.59743e-05
54 -0.462409 -0.462113 7.47629e-05
55 -0.46229 -0.462116 7.34613e-05
56 -0.461338 -0.462102 7.34621e-05
57 -0.461641 -0.462094 7.26144e-05
58 -0.462438 -0.4621 7.15979e-05
59 -0.46184 -0.462096 7.05118e-05
60 -0.462762 -0.462107 7.02096e-05
61 -0.461882 -0.462103 6.91469e-05
62 -0.463612 -0.462127 7.22453e-05
63 -0.462379 -0.462131 7.12016e-05
64 -0.462413 -0.462136 7.0218e-05
65 -0.462143 -0.462136 6.91294e-05
66 -0.46163 -0.462128 6.85048e-05
67 -0.461826 -0.462124 6.76256e-05
68 -0.46124 -0.462111 6.78794e-05
69 -0.462389 -0.462115 6.70097e-05
70 -0.461937 -0.462112 6.60944e-05
71 -0.462688 -0.46212 6.56596e-05
72 -0.462088 -0.46212 6.47427e-05
73 -0.461878 -0.462117 6.39359e-05
74 -0.462142 -0.462117 6.30669e-05
75 -0.46231 -0.462119 6.22733e-05
76 -0.461308 -0.462109 6.23692e-05
77 -0.462153 -0.462109 6.15565e-05
78 -0.462162 -0.46211 6.0766e-05
79 -0.461568 -0.462103 6.0383e-05
80 -0.462184 -0.462104 5.9632e-05
81 -0.462538 -0.46211 5.91347e-05
82 -0.462974 -0.46212 5.93519e-05
83 -0.461882 -0.462117 5.87024e-05
84 -0.4628 -0.462125 5.85662e-05
85 -0.46291 -0.462135 5.86054e-05
86 -0.461891 -0.462132 5.7989e-05
87 -0.461589 -0.462126 5.76573e-05
88 -0.461723 -0.462121 5.71814e-05
89 -0.461963 -0.462119 5.65631e-05
90 -0.462787 -0.462127 5.64214e-05
91 -0.46253 -0.462131 5.59741e-05
92 -0.462733 -0.462138 5.57475e-05
93 -0.462666 -0.462143 5.54372e-05
94 -0.463346 -0.462156 5.63161e-05
95 -0.461824 -0.462153 5.58296e-05
96 -0.463623 -0.462168 5.73297e-05
97 -0.46147 -0.462161 5.71894e-05
98 -0.462179 -0.462161 5.66031e-05
99 -0.462532 -0.462165 5.61537e-05
100 -0.461804 -0.462161 5.57062e-05
