1 0.198398 0.198398 0
2 0.197288 0.197843 0.000555086
3 0.195758 0.197148 0.000765533
4 0.196708 0.197038 0.000552386
5 0.197116 0.197054 0.000428164
6 0.196456 0.196954 0.0003635
7 0.196925 0.19695 0.000307241
8 0.195954 0.196826 0.00029376
9 0.19591 0.196724 0.000278314
10 0.196804 0.196732 0.000249061
11 0.196452 0.196706 0.000226717
12 0.196353 0.196677 0.00020905
13 0.19714 0.196713 0.000195571
14 0.196444 0.196693 0.000182076
15 0.19655 0.196684 0.000169773
16 0.195757 0.196626 0.000169053
17 0.196312 0.196607 0.00015987
18 0.196295 0.19659 0.000151723
19 0.196887 0.196606 0.000144364
20 0.19684 0.196617 0.000137456
21 0.197726 0.19667 0.000141007
22 0.196581 0.196666 0.000134507
23 0.197543 0.196704 0.000134059
24 0.196077 0.196678 0.000130988
25 0.19754 0.196713 0.00013028
26 0.196683 0.196711 0.000125174
27 0.19707 0.196725 0.000121178
28 0.195927 0.196696 0.000120192
29 0.196828 0.196701 0.000116062
30 0.197103 0.196714 0.000112924
31 0.196861 0.196719 0.000109324
32 0.197161 0.196733 0.000106752
33 0.19477 0.196673 0.000119351
34 0.195767 0.196647 0.000118814
35 0.196441 0.196641 0.000115518
36 0.196212 0.196629 0.000112894
37 0.19607 0.196614 0.000110836
38 0.198132 0.196654 0.000115044
39 0.196585 0.196652 0.000112069
40 0.197614 0.196676 0.000111849
41 0.196051 0.196661 0.000110147
42 0.196246 0.196651 0.000107945
43 0.196531 0.196648 0.000105442
44 0.197471 0.196667 0.000104703
45 0.197038 0.196675 0.000102682
46 0.197064 0.196683 0.000100779
47 0.197297 0.196697 9.94723e-05
48 0.197741 0.196718 9.97776e-05
49 0.197041 0.196725 9.79425e-05
50 0.196511 0.196721 9.60592e-05
51 0.195612 0.196699 9.66312e-05
52 0.197398 0.196712 9.57031e-05
53 0.197454 0.196726 9.49174e-05
54 0.19642 0.196721 9.33158e-05
55 0.197906 0.196742 9.41067e-05
56 0.196429 0.196737 9.25798e-05
57 0.195756 0.196719 9.25528e-05
58 0.196122 0.196709 9.15235e-05
59 0.198415 0.196738 9.44928e-05
60 0.195652 0.19672 9.46517e-05
61 0.198643 0.196751 9.82782e-05
62 0.195342 0.196729 9.93162e-05
63 0.197018 0.196733 9.78349e-05
64 0.197943 0.196752 9.81324e-05
65 0.196067 0.196742 9.71843e-05
66 0.196402 0.196737 9.58385e-05
67 0.195682 0.196721 9.56994e-05
68 0.196889 0.196723 9.4314e-05
69 0.197384 0.196733 9.34289e-05
70 0.196357 0.196727 9.22412e-05
71 0.196367 0.196722 9.10741e-05
72 0.199303 0.196758 9.66894e-05
73 0.197917 0.196774 9.66682e-05
74 0.197732 0.196787 9.62273e-05
75 0.197018 0.19679 9.49854e-05
76 0.195277 0.19677 9.58174e-05
77 0.196994 0.196773 9.46097e-05
78 0.197258 0.196779 9.35955e-05
79 0.19755 0.196789 9.29167e-05
80 0.196743 0.196789 9.17497e-05
81 0.196062 0.19678 9.10525e-05
82 0.196191 0.196772 9.02215e-05
83 0.197238 0.196778 8.9304e-05
84 0.196067 0.19677 8.86397e-05
85 0.196423 0.196765 8.76856e-05
86 0.197792 0.196777 8.74784e-05
87 0.19698 0.19678 8.64985e-05
88 0.195757 0.196768 8.62956e-05
89 0.196498 0.196765 8.53744e-05
90 0.19714 0.196769 8.4523e-05
91 0.197163 0.196774 8.37008e-05
92 0.195732 0.196762 8.35562e-05
93 0.197921 0.196775 8.35869e-05
94 0.196125 0.196768 8.29814e-05
95 0.196614 0.196766 8.21191e-05
96 0.196547 0.196764 8.12913e-05
97 0.197457 0.196771 8.07656e-05
98 0.195544 0.196758 8.09121e-05
99 0.196941 0.19676 8.01119e-05
100 0.197345 0.196766 7.95216e-05
