1 0.0275724 0.0275724 0
2 0.0293644 0.0284684 0.000896
3 0.0262636 0.0277335 0.000898739
4 0.0289188 0.0280298 0.000701199
5 0.0261428 0.0276524 0.000661391
6 0.0271496 0.0275686 0.000546487
7 0.0272888 0.0275286 0.000463592
8 0.0280012 0.0275877 0.000405805
9 0.0275864 0.0275876 0.000357886
10 0.0268532 0.0275141 0.000328419
11 0.0251724 0.0273012 0.000365469
12 0.0276568 0.0273309 0.000334939
13 0.0274388 0.0273392 0.000308211
14 0.0265212 0.0272807 0.000291268
15 0.0300204 0.0274634 0.000326932
16 0.0291608 0.0275695 0.000323695
17 0.025534 0.0274497 0.000326784
18 0.0281688 0.0274897 0.000310674
19 0.0281868 0.0275264 0.00029615
20 0.0259684 0.0274485 0.000291552
21 0.024816 0.0273231 0.000304337
22 0.0286976 0.0273856 0.000296824
23 0.0290612 0.0274585 0.000292832
24 0.0284084 0.027498 0.000283145
25 0.025424 0.0274151 0.000283972
26 0.0261032 0.0273646 0.000277458
27 0.0243504 0.027253 0.000289385
28 0.027976 0.0272788 0.000280051
29 0.0245512 0.0271847 0.000286123
30 0.027484 0.0271947 0.000276601
31 0.0264896 0.027172 0.000268494
32 0.0254888 0.0271194 0.000265236
33 0.0259664 0.0270844 0.000259437
34 0.0263748 0.0270636 0.000252554
35 0.028602 0.0271075 0.000249141
36 0.0277208 0.0271246 0.00024272
37 0.0278512 0.0271442 0.000236884
38 0.0281592 0.0271709 0.000232108
39 0.030686 0.027261 0.000243382
40 0.0272812 0.0272615 0.00023722
41 0.0265972 0.0272453 0.000231929
42 0.0271992 0.0272442 0.000226342
43 0.0291212 0.0272879 0.000225285
44 0.02619 0.0272629 0.000221515
45 0.0275076 0.0272684 0.000216605
46 0.0278332 0.0272807 0.000212199
47 0.0302364 0.0273435 0.00021695
48 0.0302132 0.0274033 0.000220636
49 0.0277912 0.0274112 0.000216231
50 0.0289712 0.0274424 0.000214148
51 0.0264128 0.0274223 0.000210875
52 0.0289312 0.0274513 0.000208806
53 0.0285944 0.0274728 0.000205961
54 0.029746 0.0275149 0.000206448
55 0.0255148 0.0274786 0.000205897
56 0.0243956 0.0274235 0.000209548
57 0.0277068 0.0274285 0.000205899
58 0.0297692 0.0274688 0.000206304
59 0.0270372 0.0274615 0.000202909
60 0.0279356 0.0274694 0.000199655
61 0.0243764 0.0274187 0.000202796
62 0.024276 0.027368 0.000205837
63 0.0280732 0.0273792 0.000202852
64 0.0288884 0.0274028 0.000201045
65 0.0254584 0.0273729 0.000200176
66 0.0266272 0.0273616 0.000197443
67 0.026446 0.0273479 0.000194953
68 0.0254864 0.0273206 0.000194006
69 0.0226952 0.0272535 0.000202586
70 0.0273588 0.027255 0.000199676
71 0.0267356 0.0272477 0.00019698
72 0.0282376 0.0272615 0.000194711
73 0.02973 0.0272953 0.00019498
74 0.0246596 0.0272597 0.000195597
75 0.028066 0.0272704 0.000193271
76 0.0277888 0.0272772 0.000190833
77 0.0266588 0.0272692 0.000188509
78 0.0292408 0.0272945 0.000187786
79 0.0261096 0.0272795 0.000185999
80 0.0240996 0.0272397 0.000187911
81 0.0285128 0.0272554 0.000186241
82 0.028252 0.0272676 0.000184357
83 0.0280104 0.0272765 0.000182342
84 0.0264432 0.0272666 0.000180431
85 0.0301368 0.0273004 0.000181465
86 0.0269672 0.0272965 0.000179385
87 0.027502 0.0272989 0.000177326
88 0.026468 0.0272894 0.000175554
89 0.0277916 0.0272951 0.000173662
90 0.0257944 0.0272784 0.000172529
91 0.025786 0.027262 0.000171409
92 0.027668 0.0272664 0.000169593
93 0.0273596 0.0272674 0.000167763
94 0.0256644 0.0272504 0.000166842
95 0.0288108 0.0272668 0.000165892
96 0.0267272 0.0272612 0.000164251
97 0.02676 0.027256 0.000162631
98 0.0273764 0.0272572 0.000160967
99 0.0270488 0.0272551 0.000159347
100 0.0245312 0.0272279 0.00016008
