1 2.70872 2.70872 0
2 2.69557 2.70215 0.0065776
3 2.73936 2.71455 0.0129733
4 2.73282 2.71912 0.0102479
5 2.69818 2.71493 0.00897512
6 2.70932 2.714 0.00738757
7 2.74294 2.71813 0.00748827
8 2.71626 2.7179 0.00648924
9 2.72943 2.71918 0.00586478
10 2.71246 2.71851 0.0052885
11 2.7325 2.71978 0.00494988
12 2.67986 2.71645 0.00561102
13 2.68557 2.71408 0.00568173
14 2.70139 2.71317 0.00533777
15 2.73409 2.71457 0.00516126
16 2.73228 2.71567 0.00495317
17 2.7254 2.71625 0.00468776
18 2.71782 2.71633 0.00442053
19 2.71258 2.71614 0.00418607
20 2.72074 2.71637 0.00397792
21 2.72594 2.71682 0.00381115
22 2.70158 2.71613 0.00369923
23 2.7271 2.71661 0.00356675
24 2.71345 2.71647 0.00341743
25 2.70954 2.7162 0.0032896
26 2.73247 2.71682 0.00322192
27 2.76321 2.71854 0.00354449
28 2.71591 2.71845 0.00341685
29 2.72041 2.71851 0.00329762
30 2.72687 2.71879 0.00319796
31 2.72262 2.71892 0.00309554
32 2.72311 2.71905 0.0030001
33 2.72312 2.71917 0.00291039
34 2.74598 2.71996 0.0029315
35 2.72852 2.7202 0.002857
36 2.70939 2.7199 0.0027927
37 2.70808 2.71958 0.0027349
38 2.73281 2.71993 0.00268463
39 2.73459 2.72031 0.00264175
40 2.73221 2.72061 0.002592
41 2.73209 2.72089 0.00254347
42 2.68748 2.72009 0.0026065
43 2.68641 2.71931 0.00266298
44 2.72045 2.71933 0.00260189
45 2.73536 2.71969 0.00256822
46 2.72663 2.71984 0.0025163
47 2.72428 2.71993 0.00246399
48 2.70565 2.71964 0.0024304
49 2.72454 2.71974 0.00238238
50 2.74858 2.72031 0.00240446
51 2.73928 2.72069 0.00238601
52 2.72488 2.72077 0.00234107
53 2.69128 2.72021 0.00236292
54 2.69813 2.7198 0.00235451
55 2.73032 2.71999 0.0023192
56 2.67759 2.71924 0.00239998
57 2.70168 2.71893 0.00237754
58 2.679 2.71824 0.00243549
59 2.72252 2.71831 0.00239495
60 2.71608 2.71827 0.00235499
61 2.71645 2.71824 0.00231626
62 2.74071 2.71861 0.00230723
63 2.7649 2.71934 0.00238627
64 2.74176 2.71969 0.00237468
65 2.69959 2.71938 0.00235823
66 2.68186 2.71881 0.00239081
67 2.69762 2.7185 0.00237599
68 2.69562 2.71816 0.00236484
69 2.71178 2.71807 0.00233215
70 2.73411 2.7183 0.00230999
71 2.70917 2.71817 0.00228085
72 2.6989 2.7179 0.00226482
73 2.72359 2.71798 0.00223494
74 2.73225 2.71817 0.00221295
75 2.72981 2.71833 0.00218875
76 2.72177 2.71837 0.00216023
77 2.75191 2.71881 0.00217602
78 2.7081 2.71867 0.00215233
79 2.73287 2.71885 0.0021325
80 2.69563 2.71856 0.00212559
81 2.72987 2.7187 0.00210382
82 2.74686 2.71904 0.00210618
83 2.71947 2.71905 0.00208066
84 2.71577 2.71901 0.00205611
85 2.71422 2.71895 0.00203256
86 2.73032 2.71909 0.00201312
87 2.73749 2.7193 0.00200107
88 2.7374 2.7195 0.00198887
89 2.7449 2.71979 0.00198698
90 2.74 2.72001 0.00197758
91 2.74516 2.72029 0.00197516
92 2.72828 2.72038 0.0019555
93 2.71786 2.72035 0.00193455
94 2.71605 2.7203 0.00191441
95 2.67761 2.71985 0.00194673
96 2.74685 2.72014 0.00194676
97 2.70274 2.71996 0.00193492
98 2.71849 2.71994 0.00191513
99 2.71241 2.71986 0.00189722
100 2.73808 2.72005 0.00188696
