30997.6 125815
28873.6 116473
27259.7 110134
25738.3 103692
24028.7 96997.2
22620.8 91414.9
21703.1 87712.3
21055.6 84872.8
20084.1 81321.8
19334.1 77897.3
18515.5 74515.9
17606.4 70967.4
16876.7 68447.2
16169.5 65353.6
15787 63369.4
15102.5 60807.9
14786.9 59658.6
14178.7 57545.9
13812.9 56077.3
13386.4 54582.9
13189.2 53867.4
13112.2 53519.8
12954.4 52794
12648.9 51431.6
12352.8 50058.8
11893.4 48156.6
11578.5 46460.1
11239.7 45110.9
10814 43686.8
10343.1 41798.1
10140.7 40629.2
9748.28 39177.8
9487.22 38398.3
9360.2 37933.7
9211.12 37433.8
9002.93 36575.7
8846.23 35891.2
8714.08 35387.8
8545.87 34953.9
8470.75 34692.2
8365.86 34322.1
8312 34056.7
8251.46 33765.8
8182.38 33464.2
8205.34 33421.3
8103.26 33009.4
8045.76 32741
7887.53 32163.8
7709.68 31398.3
7553.14 30668.9
7381.2 30095.4
7294.49 29900.3
7274.8 29854
7262.03 29812
7230.85 29711.3
7198.09 29562.2
7140.35 29311.5
7100.88 29172.1
7088.9 29134.4
7067.13 29077.4
7067.41 29052.9
7064.51 29007.2
7075.81 28996.7
7080.97 28984.8
7107.73 28982.2
7014.35 28732
6998.53 28652.1
6979.16 28581.3
7008.09 28605.5
6923.52 28361.4
6845.27 28077.3
6784.57 27824.5
6753.07 27687
6723.72 27567.1
6669.56 27408.6
6639.73 27228.4
6515.33 26521.6
6367.33 25788.1
6316.51 25534.3
6154.12 25086.7
6086.36 24950.4
6039.35 24850
6028.68 24813.5
6020.45 24784.5
6046.52 24790.5
6028.72 24748.3
6042.09 24736.7
6008.14 24625.6
5981.99 24517.6
5969.64 24471.2
5945.11 24385.7
5942.42 24350.6
5918.96 24271.8
5889.64 24218.8
5892.96 24205.7
5891.75 24173.1
5856.69 24072.6
5881.67 24069.2
5895.82 24046.7
5909.45 24007.7
5899.89 23919.2
5886.38 23841.6
5807.27 23525.8
5779.46 23378.2
5681.09 22985.4
5690.26 22958.7
5565.4 22630.8
5607.4 22676
5522.33 22499.4
5432.39 22369.7
5439.73 22356.7
5423.37 22292.7
5414.88 22221.7
5396.74 22173.4
5371.28 22136.3
5368.65 22132.8
5367.65 22119.4
5364.59 22083
5343.93 21984.5
5338 21924.7
5356.48 21935.9
5316.49 21851.4
5314.69 21815.4
5282.14 21732.9
5268.78 21674.2
5260.72 21636.2
5286.16 21633.2
5244.35 21510.1
5190.7 21293.1
5202.89 21259.1
5221.18 21242
5221.37 21207
5226.47 21178.9
5136.65 20896.3
5105.42 20794.9
5102.44 20781.4
5088.34 20757.3
5060.8 20703.7
5062.97 20695.2
5059.86 20668.7
5059.72 20648.8
5058.36 20629
5041.29 20596
5015.09 20546.9
5007.86 20539.7
5005.94 20539.3
5044.94 20587.3
5048.24 20591.4
5012.92 20546.7
4986.59 20512.9
4997.15 20521.5
4977.57 20503.7
4989.7 20510.6
4984.72 20505.2
4984.8 20502.7
4974.2 20477.1
4973.32 20437.3
4963.76 20397.5
4958.6 20371.1
4955.45 20349.6
4962.24 20343.6
4977.81 20364.4
4946.22 20320.8
4935.51 20310.8
4925.78 20306
4925.27 20305.9
4925.84 20306
4945.02 20319.3
4947.74 20322.8
5004.85 20410.1
4947.73 20325.5
4982.12 20369.2
4960.53 20347.1
4941.02 20317.1
4962.28 20333.3
4944.85 20317.3
4935.39 20311.8
4952.44 20329.9
4941.47 20316.6
4946.35 20320.9
4936.84 20312.1
4942.7 20317.5
4935.26 20299.7
4924.89 20283.9
4916.65 20250.8
4936.63 20260.4
4911.79 20187.7
4884.86 20100.7
4880 20057.4
4870.09 20036.9
4876.32 20036.7
4912.28 20075.3
4900.34 20063.8
4866.29 20028.7
4881.57 20041.5
4870.62 20028.5
4903.9 20069.7
4889.96 20044.6
4930.92 20127.7
4928.67 20113.7
4887.63 20040.3
4881.16 20032.8
4903.91 20060
4881.84 20027.1
4853.47 19998
4870.68 20013.4
4898.3 20047.2
4881.54 20020.1
4890.2 20033.5
4892.86 20041.3
4887.31 20021.7
4856.16 19978.4
4852.37 19962.5
4885.52 19996.4
4852.3 19932.8
4861.51 19936.8
4881.69 19958.6
4887.63 19925.9
4842.21 19791.3
4816.78 19694.4
4836.17 19707.8
4835.82 19685.5
4801.46 19560.4
4791 19519
4758.08 19458.5
4753.66 19451.1
4796.02 19515.7
4716.91 19409.2
4707.74 19404.1
4712.47 19406.9
4715.56 19409.8
4742.15 19442.1
4719.45 19412.1
4709.1 19402.5
4769.13 19462.7
4724.43 19409.3
4720.79 19406
4730.98 19413.1
4707.14 19391.5
4709.34 19392.5
4703.14 19390.1
4703.14 19390.1
4703.21 19390.1
4717.19 19400.7
4713.9 19396.9
4759.94 19456.7
4732.54 19411.4
4724.31 19404.3
4722.88 19405
4746.2 19432.2
4765.46 19457.3
4746.54 19432.5
4738.14 19428.6
4712.86 19395.8
4717.43 19399.9
4735.13 19422.2
4714.04 19396.9
4717.69 19398.6
4716.55 19397.9
4747.8 19440.2
4766.57 19468.8
4721.04 19397.5
4714.19 19393.7
4758.04 19441.6
4706.02 19387
4708.52 19389.2
4710.35 19390
4702.01 19385.4
4709.75 19390
4703.94 19385.9
4705.34 19386.9
4703.27 19385.9
4707.12 19387.9
4703.86 19386.1
4724.27 19398.2
4756.52 19434.7
4730.35 19410
4732.81 19413
4754.59 19442.5
4743.54 19434.3
4725.3 19406.3
4705.48 19386.8
4719.12 19397.2
4708.66 19388.5
4704.1 19386.1
4702.01 19385.4
4713.17 19393.1
4724.04 19404.5
4711.13 19390.9
4730.86 19407.5
4732.81 19408.4
4719.02 19400.4
4720.02 19400.3
4706.27 19385.5
4733.82 19409.3
4742.9 19407.3
4710.13 19346.5
4738.55 19362.2
4699.78 19292.7
4781.91 19420.2
4768.41 19395.3
4791.56 19430.5
4766.74 19388.9
4704.83 19276.1
4708.03 19285.4
4677.28 19241.5
4704.97 19270.2
4725.79 19318.5
4690.22 19251.4
4684.88 19242.9
4674.47 19236.8
4674.69 19238.2
4675.07 19237.7
4689.59 19248.2
4682.17 19244.7
4668.89 19234.5
4672.45 19237.8
4673.81 19237
4718.47 19302.2
4699.49 19269.4
4671.52 19235.8
4669.09 19234.9
4676.26 19239.3
4670.62 19235.1
4670.85 19235.1
4669.72 19233.9
4667.25 19233.4
4665.4 19232.8
4702.51 19265
4712.77 19274.5
4706.05 19263
4759.39 19342.8
4687.54 19250.2
4665.05 19232.7
4671.18 19235.7
4673.07 19237
4668.93 19234.5
4675.53 19239.9
4677.15 19241.1
4669.92 19235.2
4666.95 19233.2
4671.37 19236
4676.69 19240.4
4669.68 19234.4
4665.81 19232.8
4675.34 19238.2
4706.87 19274
4688.48 19252.1
4674.1 19238
4708.84 19283.2
4676.84 19238.6
4671.43 19233.7
4676.21 19234.2
4676.02 19233.6
4666.55 19225.5
4677.51 19234
4688.96 19244.9
4674.83 19232.5
4672.12 19229.3
4663.16 19223.1
4662.61 19223
4662.61 19223
4663.58 19223.2
4679.86 19235.5
4676.64 19232.3
4675.72 19230.7
4677.3 19232.2
4680.24 19235.9
4684.37 19241.1
4673.12 19229.4
4662.73 19223
4662.61 19223
4669.34 19226.2
4683.08 19240.6
4683.52 19240.5
4688.61 19245.6
4705.04 19269.6
4707.33 19275.4
4700.16 19264.2
4683.81 19239.7
4674.76 19232.7
4677.66 19235.7
4670.45 19226.6
4694.19 19248.1
4714.19 19273.2
4706.26 19273.5
4729.2 19295.7
4701.74 19265.8
4700.94 19260.6
4729.3 19300.5
4724.09 19291.6
4697.3 19251.2
4667.05 19224.7
4684.7 19237.3
4691.08 19243.1
4668.39 19225.2
4710.27 19281
4689.49 19249.3
4681.44 19238.1
4695.01 19258.3
4683.69 19241
4676.92 19233.9
4675.25 19230.8
4683.94 19239.3
4695.63 19254.7
4669.26 19225.6
4675.23 19230.3
4670.59 19228.2
4673.85 19229.3
4682.34 19238.7
4672.07 19229.6
4673.92 19230.7
4699.94 19255.3
4670.84 19227.2
4694.45 19250.6
4687.04 19242.6
4664.89 19223.8
4696.92 19252.6
4697.64 19250.1
4687.41 19240.4
4716.51 19286.5
4684.28 19243.3
4696.67 19260.7
4679.25 19235.5
4691.26 19244.7
4672.25 19227.5
4685.37 19238.9
4700.45 19256
4682.22 19236.8
4700.47 19261.8
4674.38 19230.1
4698.24 19255.7
4673.07 19229.2
4667.13 19224.7
4663.17 19223.2
4669.79 19227.1
4670.17 19226.9
4690.66 19243.9
4663.99 19223.5
4662.61 19223
4665.58 19223.9
4665.37 19223.6
4677.7 19232.8
4672.38 19225.3
4676.93 19229.1
4689.86 19245.2
4702.43 19255
4684.59 19231.9
4681.75 19232.1
4669.85 19221.8
4665.06 19218.5
4665.88 19218.7
4692.19 19256.1
4669.48 19221.4
4666.77 19219
4682.19 19236.8
4687.7 19237.7
4665.93 19218.8
4662.03 19216.6
4669.1 19221.7
4676.08 19226.5
4669.48 19221.5
4668.82 19220.7
4689.1 19245.7
4728.6 19301.8
4707.01 19265.7
4722.34 19277.9
4701.35 19254.9
4685.92 19238
4703.11 19262.7
4668.16 19219.9
4702.15 19252.8
4685.68 19232.9
4663.75 19217.3
4661.79 19216.5
4678.2 19230.4
4662.08 19216.6
4694.45 19244.2
4726.76 19302.5
4795.92 19437.3
4832.75 19536.3
4693.91 19251.1
4688.83 19245.5
4685.43 19235.4
4687.06 19234.6
4688.51 19239.9
4710.17 19271.3
4685.49 19237.6
4670.45 19223.7
4668.9 19221.3
4661.91 19216.5
4668.32 19220.3
4665.18 19218.2
4672.66 19225.1
4673.39 19223.8
4666.09 19218.4
4718.53 19281.3
4684.2 19231.4
4676.74 19227.9
4667.94 19219.9
4663.53 19217.3
4660.99 19216.3
4693.32 19248.2
4690.66 19248.4
4690.39 19241.1
4681 19235.5
4700.39 19248
4694.56 19242.2
4666.97 19218.8
4670.89 19222
4661.17 19216.4
4660.99 19216.3
4661.06 19216.3
4661.06 19216.3
4663.65 19217.1
4665.37 19218.2
4668.27 19220.6
4660.99 19216.3
4660.99 19216.3
4660.99 19216.3
4660.99 19216.3
4670.48 19221.7
4660.99 19216.3
4668.34 19219.6
4675.3 19225.5
4668.89 19219.9
4672.3 19222.2
4672.13 19222.9
4696.83 19254.8
4695.24 19247.9
4699.52 19253
4721.46 19292.1
4693.92 19253.4
4673.42 19223.7
4692.24 19249.5
4669.68 19221.4
4676.21 19226.9
4680.33 19230.3
4665.38 19218.2
4672.21 19222.7
4677.92 19228.8
4702.09 19259.3
4689.17 19242.6
4682.65 19234.5
4686.55 19239.3
4692.86 19241.3
4731.65 19282.6
4701.31 19257.5
4680.59 19230
4679.47 19230
4692.57 19248.5
4677.79 19229.6
4660.99 19216.3
4691.31 19245.9
4723.3 19301.5
4716.43 19276.3
4663.56 19217.3
4672.34 19221.1
4661.34 19216.4
4662.79 19216.8
4705.38 19253.9
4686.74 19236.4
4664.4 19217.5
4660.99 19216.3
4660.99 19216.3
4661.96 19216.6
4667.31 19220.2
4688.1 19246.3
4691.23 19249.8
4676.11 19226.5
4677.68 19228.8
4671.33 19223.8
4678.81 19231.7
4690.46 19243.9
4686.18 19236.1
4666.05 19219.3
4677.06 19232
4681.55 19239.1
4668.05 19221.5
4666.56 19219.8
4665.48 19219.1
4663.5 19217.3
4672.03 19222.2
4661.53 19216.4
4667.55 19220.2
4666.68 19218.7
4664.71 19217.8
4660.99 19216.3
4674.4 19224.2
4673.61 19224.1
4707.61 19267.3
4661.29 19216.4
4661.12 19216.3
4665.44 19217.8
4672.4 19222.9
4670.34 19222.1
4664.47 19217.8
4667.48 19220.1
4663.19 19217
4678.08 19228
4669.67 19220.3
4668.73 19219.7
4663.2 19216.9
4693.61 19254.8
4685.04 19236.4
4672.46 19224.9
4679.46 19229.7
4694.22 19242.3
4696.14 19250.9
4672.09 19223.3
4675.74 19228
4677.82 19228.6
4717.97 19301.5
4694.53 19254.5
4708.59 19274.2
4688.66 19243
4677.33 19226.6
4674.55 19225
4689.24 19234.4
4682.49 19229.2
4691.09 19240
4663.26 19216.9
4669.18 19220.8
4663.28 19217.1
4660.99 19216.3
4661.79 19216.5
4675.38 19223.7
4692.79 19237.5
4694.83 19246.9
4681.55 19231.2
4660.99 19216.3
4661.22 19216.4
4662.71 19216.8
4662.99 19216.9
4661.24 19216.4
4679.17 19230.7
4677.09 19226.9
4661.99 19216.6
4667.46 19219.5
4669.17 19221
4682.14 19233.6
4701.71 19253.3
4717.62 19282.6
4726.22 19314.6
4703.62 19260.2
4728.21 19308.3
4705.08 19266.7
4717.92 19288.1
4667.61 19220.8
4674.76 19225
4681.87 19235.7
4674.28 19223.2
4672.3 19224.1
4699.43 19263.5
4676.21 19230.6
4687.82 19239.8
4667.68 19220.1
4662.72 19217
4664.17 19217.5
4674.97 19226.1
4726.42 19293.4
4691.13 19242.3
4730.78 19301.2
4717 19287
4701.4 19260.4
4689.24 19244.2
4674.53 19224
4671.98 19224.5
4702.61 19257.1
4668.27 19219.7
4672.63 19222.7
4690.52 19243.1
4692.86 19238.8
4693.22 19241.6
4775.13 19360.6
4749.61 19334.5
4719.75 19288.5
4724.67 19296.5
4716.79 19280
4715.57 19283.6
4684.55 19239
4670.46 19223.2
4698.63 19259.7
4701.46 19257.7
4671.2 19222.7
4663.77 19217.4
4670.84 19224.2
4668.72 19221
4664.6 19218.4
4669.99 19221.5
4678.86 19229.4
4662.42 19216.7
4662.04 19216.6
4667.88 19220.4
4669.93 19222
4693.94 19243.8
4668.67 19221.2
4663.28 19217.1
4662.53 19216.9
4665.3 19216.8
4666.6 19210
4655.39 19164.7
4647.63 19119.1
4659.65 19116.9
4685.06 19157.2
4645.47 19085.6
4663.97 19108.8
4631.86 19071.8
4628.1 19068.2
4630.16 19068.9
4628.64 19066.6
4629.92 19066
4625.82 19064
4628.95 19066
4623.97 19063.4
4630.05 19066.2
4625 19063.6
4643.59 19076.6
4630.91 19066.1
4635.73 19069.6
4626.16 19064.1
4632.53 19068.3
4673.28 19122.3
4649.14 19086.5
4644.16 19078.5
4633.14 19069.6
4650.48 19087.8
4625.03 19063.8
4650.95 19092
4641.99 19076.1
4659.58 19099.4
4656.27 19090.2
4640.92 19074.6
4664.76 19112.8
4702.95 19158.6
4726.2 19226.9
4677.99 19134.5
4677.62 19136.3
4709.84 19175.8
4691.71 19148
4671.54 19119.1
4637.92 19076.6
4640.15 19081.3
4633.57 19070.4
4630.11 19066.3
4646.49 19082.3
4654.33 19093.7
4642.36 19078.3
4649.83 19087.9
4633.07 19069.4
4633.55 19067.6
4632.39 19063.8
4636.97 19064
4651.43 19074
4648.89 19068.5
4620.78 19028.7
4629.98 19029.8
4634.08 19033.8
4632.79 19029.6
4621.34 19016.5
4616.76 19012.6
4613.75 19010.3
4615.87 19011.5
4615.14 19011.1
4635.99 19029.9
4631.01 19025.6
4644.7 19041.5
4628.07 19021.7
4673.13 19070.1
4639.91 19032.1
4641.69 19043.2
4688.28 19128.4
4616.09 19011.4
4618.17 19012.7
4614.55 19010.5
4623.64 19017.9
4631.31 19026.7
4641.38 19037.1
4642.66 19037
4628.15 19021
4627.81 19021.5
4644.87 19040.4
4651.2 19048.5
4642.23 19034
4651.85 19045.9
4662.04 19068.3
4633.38 19028.5
4632.63 19026.2
4629.58 19022.1
4630.15 19026.7
4630.83 19024.3
4634.07 19024.1
4610.68 19008.9
4610.68 19008.9
4610.68 19008.9
4617.85 19012.7
4614.19 19010.1
4612.56 19009.4
4611.7 19009.2
4616.94 19012.6
4619.75 19015.5
4615.33 19010.7
4612.46 19009.5
4624.19 19016.3
4611.99 19009.2
4627.32 19019.3
4620.75 19015.9
4642.76 19039.5
4643.8 19040.6
4633.27 19026.1
4631.49 19029.3
4629.64 19027.1
4683.72 19099.8
4667.29 19075.9
4669.15 19084.1
4688.8 19094.3
4641.21 19033.6
4624.51 19016.1
4625.81 19017.5
4615.76 19010.5
4613.59 19009.8
4626.08 19019.5
4675.13 19081.8
4629.18 19024
4623.53 19018
4629.3 19022.4
4622.58 19016.6
4646.85 19041.6
4653.8 19051.9
4641.96 19038.9
4657.3 19059.3
4664.59 19077.2
4661.73 19070.7
4699.03 19142.5
4709.2 19139.3
4631.59 19024
4643.33 19038
4627.56 19019.9
4632.74 19029.6
4612.1 19009.4
4616.32 19011.9
4622.18 19015.7
4631.93 19023.7
4621 19013
4624.89 19018.6
4624.63 19018.5
4706.39 19139.3
4689.68 19112.2
4644.83 19035.3
4668.6 19076
4687 19111.6
4640.67 19040.7
4620.96 19015.1
4636.66 19030.4
4613.78 19010.2
4641.7 19040.9
4647.3 19043
4666.67 19065.4
4619.75 19014.7
4622.18 19018
4640.3 19042.5
4663.67 19077.2
4647.37 19046.4
4627.93 19019.8
4624.76 19019
4619.87 19014.5
4630.45 19028.5
4622.05 19018
4626.31 19021.7
4621.72 19016.7
4629.26 19022.5
4615.91 19011
4612.53 19009.4
4616.36 19011.4
4610.87 19008.9
4614.62 19010.5
4618.27 19013
4628.71 19021.7
4612.84 19009.4
4631.26 19024.7
4636.75 19034.4
4615.36 19011
4618.85 19013.5
4610.73 19008.9
4611.36 19009
4617.28 19011.1
4610.68 19008.9
4612.38 19009.3
4632.83 19022.1
4630.11 19022.9
4648.86 19042.7
4629.83 19022.2
4617.42 19013.9
4633.94 19033.9
4617.51 19013
4624.75 19017.5
4624.91 19018.3
4634.16 19027.2
4635.7 19027.1
4665.15 19077.4
4674.78 19093.6
4631.09 19027.7
4618.84 19014.9
4617.19 19013.2
4619.16 19014.9
4620.67 19017.1
4672.1 19087.4
4659.41 19056.6
4623.42 19015.6
4610.68 19008.9
4614.14 19010.3
4640.63 19038.5
4691.29 19112.7
4639.46 19033.1
4617.44 19011.4
4655.73 19047.4
4657.62 19058
4703.6 19117.7
4688.58 19108.2
4642.52 19037.8
4626.34 19019.1
4639.28 19032.9
4624.19 19016.1
4613.97 19010
4613.14 19009.8
4611.34 19009.1
4618.17 19012.7
4623.91 19017.8
4617.72 19012.7
4613.14 19009.7
4610.73 19008.9
4617.43 19012.9
4611.98 19009.2
4612.31 19009.5
4610.71 19008.9
4619.78 19015.1
4612.35 19009.3
4630.33 19024.2
4627.84 19021.8
4616.33 19011.6
4611.97 19009.2
4632.45 19027.7
4636.75 19037.1
4624.54 19020
4610.68 19008.9
4613.52 19009.9
4624.4 19017.3
4611.21 19009
4625.16 19020.6
4617.43 19012
4617.6 19012.1
4610.68 19008.9
4610.75 19008.9
4615.23 19010.5
4610.73 19008.9
4610.73 19008.9
4610.68 19008.9
4611.18 19009
4611.37 19009.1
4635.09 19026.8
4628.14 19022.7
4631.43 19027.2
4622.48 19017
4646.22 19043.7
4652.66 19050.1
4633.9 19028.2
4652.91 19061.7
4647.41 19044.8
4643.81 19038.6
4614.46 19011.1
4626.62 19022.9
4643.74 19038.4
4645.56 19034.8
4633.95 19024.1
4658.31 19052.9
4652.51 19051.2
4636.39 19027.4
4616.07 19012
4621.23 19015.9
4635.62 19029.4
4640.73 19036.3
4646.04 19049.7
4621.79 19017.2
4623.04 19019.3
4617.15 19012.7
4634.12 19030.6
4631.18 19025.4
4636.03 19032.6
4620.94 19015
4617.05 19012.4
4615.78 19011
4622.6 19016.7
4610.68 19008.9
4615.98 19011.3
4610.91 19009
4619.71 19015.1
4625.08 19020.2
4619.79 19015.5
4632.38 19033.4
4621.7 19018
