25386
24400
24320.3
21229.4
20551.1
18311
18049.2
17174.1
15768.2
15252.7
14510.2
14312.8
14020.3
14020.3
13180.7
12729.7
12729.7
12174.2
11859.5
11759.8
10633.9
10633.9
9484.63
9472.03
8984.71
8984.71
8984.71
8864.6
8707.62
8707.62
8702.54
8563.47
8563.47
8517.3
8169.8
8147.19
8052.53
7981.62
7926.05
7847.87
7419.19
7419.19
7339.61
7285.45
7201.46
7201.46
7095.42
7082.34
6972.84
6796.27
6796.27
6665.43
6596.94
6387.93
6387.93
6193.33
6193.33
6184.26
6177.3
6163.16
6148.63
6148.63
6123.34
6123.14
6023.51
6023.51
5962.61
5962.61
5895.4
5895.4
5895.4
5881.05
5822.37
5774.95
5774.95
5774.95
5732.84
5732.84
5730.19
5730.19
5730.19
5728.75
5703.89
5702.43
5702.43
5589.3
5589.3
5589.3
5563.01
5526.34
5526.34
5509.31
5509.31
5490.92
5490.92
5490.92
5478.45
5478.45
5478.45
5478.45
5478.45
5478.45
5415.45
5415.45
5408.42
5408.42
5401.33
5394.64
5305.56
5305.56
5297.23
5239.89
5236.23
5236.23
5225.5
5222.77
5222.77
5222.77
5181.25
5147.3
5147.3
5147.3
5147.3
5147.3
5130.64
5114.96
5104.76
5093.2
5012.79
5012.79
5002.86
4995.68
4995.68
4989.6
4989.6
4989.6
4985.07
4985.07
4985.07
4985.07
4985.07
4985.07
4983.24
4983.24
4979.56
4979.56
4979.56
4955.99
4936.19
4933.9
4933.9
4933.9
4933.9
4928.2
4928.2
4928.2
4928.2
4928.2
4916.49
4916.49
4916.49
4916.49
4916.49
4916.49
4916.49
4916.49
4885.72
4885.72
4885.72
4882.75
4882.75
4880.49
4880.49
4880.49
4850.29
4850.29
4850.29
4850.29
4850.29
4850.29
4847.98
4847.98
4847.98
4847.98
4842.8
4842.8
4842.8
4842.8
4836.36
4836.36
4836.36
4836.36
4836.36
4836.36
4836.36
4836.36
4836.36
4836.36
4836.36
4836.36
4836.36
4836.36
4836.36
4836.36
4836.36
4824.49
4824.49
4824.49
4824.49
4824.49
4824.49
4824.49
4823.35
4823.35
4823.35
4823.35
4823.35
4823.35
4823.35
4823.35
4823.35
4823.35
4823.35
4823.35
4823.35
4823.35
4823.35
4823.35
4823.35
4823.35
4823.35
4823.35
4823.35
4823.35
4823.35
4823.35
4823.35
4823.35
4823.35
4823.35
4823.35
4823.35
4823.35
4823.35
4823.35
4823.35
4823.35
4823.35
4823.35
4783.58
4768.5
4768.5
4768.5
4768.5
4768.5
4768.5
4768.5
4768.5
4768.5
4768.5
4768.5
4768.5
4768.5
4768.5
4768.5
4768.5
4768.5
4768.5
4768.5
4768.5
4768.5
4768.5
4768.5
4768.5
4768.5
4768.5
4762.5
4762.5
4762.5
4762.5
4762.5
4762.5
4762.5
4762.5
4762.5
4762.5
4762.5
4762.5
4762.5
4762.5
4762.5
4762.5
4762.5
4762.5
4762.5
4762.5
4762.5
4762.5
4762.5
4762.5
4762.5
4762.5
4762.5
4762.5
4762.5
4762.5
4762.5
4762.5
4762.5
4755.82
4755.82
4755.82
4755.82
4755.82
4755.82
4755.82
4755.82
4755.82
4755.82
4755.82
4755.82
4755.82
4755.82
4755.82
4755.82
4755.82
4755.82
4755.82
4755.82
4755.82
4755.82
4755.82
4755.82
4739.62
4739.62
4739.62
4739.62
4739.62
4739.62
4739.62
4739.62
4739.62
4738.98
4738.98
4679.75
4679.75
4679.75
4679.75
4679.75
4679.75
4679.11
4679.11
4679.11
4679.11
4679.11
4679.11
4679.11
4679.11
4679.11
4679.11
4679.11
4679.11
4679.11
4679.11
4679.11
4679.11
4679.11
4679.11
4679.11
4679.11
4679.11
4679.11
4679.11
4679.11
4679.11
4679.11
4679.11
4679.11
4679.11
4679.11
4679.11
4679.11
4679.11
4679.11
4679.11
4679.11
4679.11
4679.11
4679.11
4679.11
4679.11
4679.11
4679.11
4679.11
4679.11
4679.11
4679.11
4679.11
4679.11
4662.61
4662.61
4662.61
4662.61
4662.61
4662.61
4662.61
4662.61
4662.61
4662.61
4662.61
4662.61
4662.61
4662.61
4662.61
4662.61
4662.61
4662.61
4662.61
4662.61
4662.61
4662.61
4662.61
4662.61
4662.61
4662.61
4662.61
4662.61
4662.61
4662.61
4662.61
4662.61
4662.61
4662.61
4662.61
4662.61
4662.61
4662.61
4662.61
4662.61
4662.61
4662.61
4662.61
4662.61
4662.61
4662.61
4662.61
4662.61
4662.61
4662.61
4662.61
4662.61
4662.61
4662.61
4662.61
4662.61
4662.61
4662.61
4662.61
4662.61
4662.61
4662.61
4662.61
4662.61
4662.61
4662.61
4662.61
4662.61
4662.61
4662.61
4662.61
4662.61
4662.61
4662.61
4662.61
4662.61
4662.61
4662.61
4662.61
4662.61
4662.61
4662.61
4662.61
4662.61
4662.61
4662.61
4662.61
4662.61
4662.61
4662.61
4662.61
4662.61
4662.61
4662.61
4662.61
4662.61
4662.61
4662.61
4662.61
4662.61
4662.61
4662.61
4662.61
4662.61
4662.61
4662.61
4662.61
4662.61
4662.61
4662.61
4662.61
4662.61
4662.61
4662.61
4662.61
4662.61
4662.61
4662.61
4662.61
4662.61
4662.61
4662.61
4662.61
4662.61
4662.61
4662.61
4662.61
4662.61
4662.61
4662.61
4662.61
4662.61
4662.61
4662.61
4662.61
4662.61
4662.61
4662.61
4662.61
4662.61
4662.61
4662.61
4662.61
4662.61
4662.61
4662.61
4662.61
4662.61
4662.61
4662.61
4640.66
4640.66
4640.66
4640.66
4640.66
4640.66
4640.66
4640.66
4640.66
4640.66
4640.66
4640.66
4640.66
4640.66
4640.66
4640.66
4640.66
4640.66
4640.66
4640.66
4640.66
4640.66
4640.66
4640.66
4640.66
4640.66
4640.66
4640.66
4640.66
4640.66
4640.66
4640.66
4640.66
4640.66
4640.66
4640.66
4640.66
4640.66
4640.66
4640.66
4640.66
4640.66
4640.66
4640.66
4640.66
4640.66
4640.66
4640.66
4640.66
4640.66
4640.66
4640.66
4640.66
4640.66
4640.66
4640.66
4640.66
4640.66
4640.66
4640.66
4640.66
4640.66
4640.66
4640.66
4640.66
4640.66
4640.66
4640.66
4640.66
4640.66
4640.66
4640.66
4640.66
4640.66
4640.66
4640.66
4640.66
4640.66
4640.66
4640.66
4640.66
4640.66
4640.66
4640.66
4640.66
4640.66
4640.66
4640.66
4640.66
4640.66
4640.66
4640.66
4640.66
4640.66
4640.66
4640.66
4640.66
4640.66
4640.66
4640.66
4624.94
4624.94
4624.94
4624.94
4624.94
4624.94
4624.94
4624.94
4624.94
4624.94
4624.94
4624.94
4624.94
4624.94
4624.94
4624.94
4624.94
4624.94
4624.94
4624.94
4624.94
4624.94
4624.94
4624.94
4624.94
4624.94
4624.94
4624.94
4624.94
4624.94
4624.94
4624.94
4624.94
4624.94
4624.94
4624.94
4624.94
4624.94
4624.94
4624.94
4624.94
4624.94
4624.94
4624.94
4624.94
4624.94
4624.94
4624.94
4624.94
4624.94
4624.94
4624.94
4624.94
4624.94
4624.94
4624.94
4624.94
4624.94
4624.94
4624.94
4624.94
4624.94
4624.94
4624.94
4624.94
4624.94
4624.94
4624.94
4624.94
4624.94
4624.94
4624.94
4624.94
4624.94
4624.94
4624.94
4624.94
4624.94
4624.94
4624.94
4624.94
4624.94
4624.94
4624.94
4624.94
4624.94
4624.94
4624.94
4624.94
4623.89
4623.89
4623.89
4623.89
4623.89
4610.68
4610.68
4610.68
4610.68
4610.68
4610.68
4610.68
4610.68
4610.68
4610.68
4610.68
4610.68
4610.68
4610.68
4610.68
4610.68
4610.68
4610.68
4610.68
4610.68
4610.68
4610.68
4610.68
4610.68
4610.68
4610.68
4610.68
4610.68
4610.68
4610.68
4610.68
4610.68
4610.68
4610.68
4610.68
4610.68
4610.68
4610.68
4610.68
4610.68
4610.68
4610.68
4610.68
4610.68
4610.68
4610.68
4610.68
4610.68
4610.68
4610.68
4610.68
4610.68
4610.68
4610.68
4610.68
4610.68
4610.68
4610.68
4610.68
4610.68
4610.68
4610.68
4610.68
4610.68
4610.68
4610.68
4610.68
4610.68
4610.68
4610.68
4610.68
4610.68
4610.68
4610.68
4610.68
4610.68
4610.68
4610.68
4610.68
4610.68
4610.68
4610.68
4610.68
4610.68
4610.68
4610.68
4610.68
4610.68
4610.68
4610.68
4610.68
4610.68
4610.68
4610.68
4610.68
4610.68
4610.68
4610.68
4610.68
4610.68
4610.68
4610.68
4610.68
4610.68
4610.68
4610.68
4610.68
4610.68
4610.68
4610.68
4610.68
4610.68
4610.68
4610.68
4610.68
4610.68
4610.68
4610.68
4610.68
4610.68
4610.68
4610.68
4610.68
4610.68
4610.68
4610.68
4610.68
4610.68
4610.68
4610.68
4610.68
4610.68
4610.68
4610.68
4610.68
4610.68
4610.68
4610.68
4610.68
4610.68
4610.68
4610.68
4610.68
4610.68
4610.68
4610.68
4610.68
4610.68
4610.68
4610.68
4610.68
4610.68
4610.68
4610.68
4610.68
4610.68
4610.68
4610.68
4610.68
4610.68
4610.68
4610.68
4610.68
4610.68
4610.68
4610.68
4610.68
4610.68
4610.68
4610.68
4610.68
4610.68
4610.68
4610.68
4610.68
4610.68
4610.68
4610.68
4610.68
4610.68
4610.68
4610.68
4610.68
4610.68
4610.68
4610.68
4610.68
4610.68
4610.68
4610.68
4610.68
4610.68
4610.68
4610.68
4610.68
4610.68
4610.68
4610.68
4610.68
4610.68
4610.68
4610.68
4610.68
4610.68
4610.68
4610.68
4610.68
4610.68
4610.68
4610.68
4610.68
4610.68
4610.68
4610.68
4610.68
4610.68
4610.68
4610.68
4610.68
4610.68
4610.68
4610.68
4610.68
4610.68
4610.68
4610.68
4610.68
4610.68
4610.68
4610.68
4610.68
4610.68
4610.68
4610.68
4610.68
4610.68
4610.68
4610.68
4610.68
4610.68
4610.68
4610.68
4610.68
4610.68
4610.68
4610.68
4610.68
4610.68
4610.68
4610.68
4610.68
4610.68
4610.68
4610.68
4610.68
4610.68
4610.68
