27439.5
24243.3
23579.7
23142.9
19215.8
18743.5
18743.5
18030.5
16766.1
15118.1
15118.1
14696.3
14696.3
14302.1
13916.6
13623
13466.4
13032.3
12092.5
12071.5
11694.7
11694.7
11633.9
11495.3
11316.9
11147.1
11055.7
10584.7
10584.7
10502
10276.6
10097.7
10097.7
10035.4
9848.22
9779.06
9676.99
9580.58
9580.58
9401.23
9333.01
9104.86
8811.27
8702.96
8702.96
8702.96
8593.44
8593.44
8593.44
7237.26
7237.26
7237.26
7223.73
7141.84
7141.84
7140.4
7140.4
7140.4
6835.6
6835.6
6796.83
6795.39
6755.11
6755.11
6738.33
6738.33
6738.33
6738.33
6727.26
6727.26
6725.48
6647.58
6647.58
6647.58
6531.31
6513.2
6273.52
6273.52
6260.67
6251.23
6251.23
6230.76
6230.76
6215.89
6196.96
6116.08
6070.47
6018.48
6018.48
5998.58
5871.53
5871.53
5799.64
5799.64
5786.12
5757.63
5706.63
5664.62
5664.62
5664.62
5664.62
5643.55
5643.55
5643.55
5641.09
5641.09
5641.09
5619.17
5619.17
5593.11
5593.11
5516.38
5516.38
5516.38
5516.38
5499.96
5461.39
5461.39
5461.39
5461.39
5461.39
5444.41
5444.41
5444.41
5442.16
5427.98
5381.88
5381.88
5349.84
5332.87
5332.87
5309.39
5297.98
5269.84
5196.13
5196.13
5196.13
5196.13
5144.57
5144.57
5134.24
5134.24
5120.74
5120.74
5120.74
5107.96
5097.63
5084.14
5073.8
4963.63
4963.63
4963.63
4961.33
4961.33
4961.33
4961.33
4944.89
4944.89
4944.89
4944.89
4944.89
4944.89
4944.89
4944.89
4944.89
4944.89
4944.89
4944.89
4944.81
4944.81
4944.81
4944.81
4941.55
4941.55
4938.68
4938.68
4938.68
4938.68
4938.68
4938.68
4938.68
4938.68
4938.68
4853.2
4853.2
4853.2
4853.2
4853.2
4853.2
4853.2
4853.2
4853.2
4853.2
4853.2
4853.2
4853.2
4853.2
4853.2
4853.2
4816.8
4816.8
4816.8
4816.8
4816.8
4816.8
4816.8
4816.8
4816.8
4813.51
4813.51
4813.51
4813.51
4813.51
4813.51
4813.51
4813.51
4813.51
4812.38
4812.38
4812.38
4812.38
4812.38
4812.38
4812.38
4812.38
4812.38
4812.38
4812.38
4812.38
4812.38
4812.38
4812.38
4784.69
4784.69
4784.69
4784.69
4784.69
4784.69
4784.69
4784.69
4784.69
4784.69
4784.69
4784.69
4784.69
4784.69
4784.69
4784.69
4784.69
4784.69
4784.69
4784.69
4784.69
4784.69
4784.69
4784.69
4784.69
4784.69
4784.69
4784.69
4784.69
4784.69
4784.69
4784.69
4784.69
4784.69
4784.69
4784.69
4783.47
4783.47
4783.47
4783.47
4783.47
4783.47
4783.47
4783.47
4783.47
4783.47
4783.47
4783.47
4783.47
4783.47
4783.47
4783.47
4783.47
4783.47
4783.47
4783.47
4783.47
4783.47
4783.47
4783.47
4783.47
4783.47
4783.47
4771.53
4771.53
4771.53
4771.53
4682.18
4674.55
4662.61
4662.61
4662.61
4662.61
4662.61
4662.61
4662.61
4662.61
4662.61
4662.61
4662.61
4662.61
4662.61
4662.61
4662.61
4662.61
4662.61
4662.61
4662.61
4662.61
4662.61
4662.61
4662.61
4662.61
4662.61
4662.61
4662.61
4662.61
4662.61
4662.61
4662.61
4662.61
4662.61
4662.61
4662.61
4662.61
4662.61
4662.61
4662.61
4662.61
4662.61
4662.61
4662.61
4662.61
4662.61
4662.61
4662.61
4662.61
4662.61
4662.61
4662.61
4662.61
4662.61
4662.61
4662.61
4662.61
4662.61
4662.61
4662.61
4662.61
4662.61
4662.61
4662.61
4662.61
4662.61
4662.61
4662.61
4662.61
4662.61
4662.61
4662.61
4662.61
4662.61
4662.61
4662.61
4662.61
4662.61
4662.61
4662.61
4662.61
4662.61
4662.61
4662.61
4662.61
4662.61
4662.61
4662.61
4662.61
4662.61
4662.61
4662.61
4662.61
4662.61
4662.61
4662.61
4662.61
4662.61
4662.61
4662.61
4662.61
4662.61
4662.61
4662.61
4662.61
4662.61
4662.61
4662.61
4662.61
4662.61
4662.61
4662.61
4662.61
4662.61
4662.61
4662.61
4662.61
4662.61
4662.61
4662.61
4662.61
4662.61
4662.61
4662.61
4662.61
4662.61
4662.61
4662.61
4662.61
4662.61
4662.61
4662.61
4662.61
4662.61
4662.61
4662.61
4662.61
4662.61
4662.61
4662.61
4662.61
4662.61
4662.61
4662.61
4662.61
4662.61
4662.61
4662.61
4662.61
4660.99
4660.99
4660.99
4660.99
4660.99
4660.99
4660.99
4660.99
4660.99
4660.99
4660.99
4660.99
4660.99
4660.99
4660.99
4660.99
4660.99
4660.99
4660.99
4660.99
4660.99
4660.99
4660.99
4660.99
4660.99
4660.99
4660.99
4660.99
4660.99
4660.99
4660.99
4660.99
4660.99
4660.99
4660.99
4660.99
4660.99
4660.99
4660.99
4660.99
4660.99
4660.99
4660.99
4660.99
4660.99
4660.99
4660.99
4660.99
4660.99
4660.99
4660.99
4660.99
4660.99
4660.99
4660.99
4660.99
4660.99
4660.99
4660.99
4660.99
4660.99
4660.99
4660.99
4660.99
4660.99
4660.99
4660.99
4647.13
4647.13
4647.13
4647.13
4647.13
4647.13
4645.38
4645.38
4645.38
4645.38
4645.38
4645.38
4640.66
4640.66
4640.66
4640.66
4640.66
4640.66
4640.66
4640.66
4640.66
4640.66
4640.66
4640.66
4640.66
4640.66
4640.66
4640.66
4640.66
4640.66
4640.66
4640.66
4640.66
4640.66
4640.66
4640.66
4640.66
4640.66
4640.66
4640.66
4640.66
4640.66
4640.66
4640.66
4640.66
4640.66
4640.66
4640.66
4640.66
4640.66
4630.85
4630.85
4630.85
4630.85
4630.85
4630.85
4630.85
4630.85
4630.85
4630.85
4630.85
4630.85
4630.85
4630.85
4630.85
4630.85
4630.85
4630.85
4630.85
4630.85
4630.85
4630.85
4630.85
4630.85
4630.85
4630.85
4630.85
4630.85
4630.85
4630.85
4630.85
4630.85
4630.85
4630.85
4630.85
4630.85
4630.85
4630.85
4630.85
4630.85
4630.85
4630.85
4630.85
4630.85
4630.85
4630.85
4630.85
4630.85
4630.85
4630.85
4630.85
4630.85
4630.85
4630.85
4630.85
4630.85
4630.85
4630.85
4630.85
4630.85
4630.85
4630.85
4630.85
4630.85
4630.85
4630.85
4630.85
4630.85
4630.85
4630.85
4630.85
4630.85
4630.85
4630.85
4630.85
4630.85
4630.85
4630.85
4630.85
4630.85
4630.85
4630.85
4630.85
4630.85
4630.85
4630.85
4630.85
4630.85
4630.85
4630.85
4630.85
4630.85
4630.85
4630.85
4630.85
4629.38
4629.38
4629.38
4629.38
4629.38
4629.38
4629.38
4629.38
4629.38
4629.38
4629.38
4629.38
4629.38
4629.38
4629.38
4629.38
4629.38
4629.38
4629.38
4629.38
4629.38
4629.38
4629.38
4629.38
4629.38
4629.38
4629.38
4629.38
4629.38
4629.38
4629.38
4629.38
4629.38
4629.38
4629.38
4629.38
4629.38
4629.38
4629.38
4629.38
4629.38
4629.38
4629.38
4629.38
4620.05
4620.05
4620.05
4620.05
4620.05
4620.05
4620.05
4620.05
4620.05
4620.05
4620.05
4620.05
4620.05
4620.05
4620.05
4620.05
4620.05
4620.05
4620.05
4620.05
4620.05
4620.05
4620.05
4620.05
4620.05
4620.05
4620.05
4620.05
4620.05
4620.05
4620.05
4620.05
4620.05
4620.05
4620.05
4620.05
4620.05
4620.05
4620.05
4620.05
4620.05
4620.05
4620.05
4620.05
4620.05
4620.05
4620.05
4620.05
4620.05
4620.05
4620.05
4620.05
4620.05
4620.05
4620.05
4620.05
4620.05
4620.05
4620.05
4620.05
4620.05
4620.05
4620.05
4620.05
4620.05
4620.05
4620.05
4620.05
4620.05
4620.05
4620.05
4620.05
4620.05
4620.05
4620.05
4620.05
4620.05
4620.05
4620.05
4620.05
4620.05
4620.05
4620.05
4620.05
4620.05
4620.05
4620.05
4620.05
4620.05
4620.05
4620.05
4620.05
4620.05
4620.05
4620.05
4620.05
4620.05
4620.05
4620.05
4620.05
4620.05
4620.05
4620.05
4620.05
4620.05
4620.05
4620.05
4620.05
4620.05
4620.05
4620.05
4620.05
4620.05
4620.05
4620.05
4620.05
4620.05
4620.05
4620.05
4620.05
4620.05
4620.05
4620.05
4620.05
4620.05
4620.05
4620.05
4620.05
4620.05
4620.05
4620.05
4620.05
4620.05
4620.05
4620.05
4620.05
4620.05
4620.05
4620.05
4620.05
4620.05
4620.05
4620.05
4620.05
4620.05
4620.05
4620.05
4620.05
4620.05
4620.05
4620.05
4620.05
4620.05
4620.05
4620.05
4620.05
4620.05
4620.05
4620.05
4620.05
4620.05
4620.05
4620.05
4620.05
4620.05
4620.05
4620.05
4620.05
4620.05
4620.05
4620.05
4620.05
4620.05
4620.05
4620.05
4620.05
4620.05
4620.05
4620.05
4620.05
4620.05
4620.05
4620.05
4620.05
4620.05
4620.05
4620.05
4620.05
4620.05
4620.05
4620.05
4620.05
4620.05
4620.05
4610.68
4610.68
4610.68
4610.68
4610.68
4610.68
4610.68
4610.68
4610.68
4610.68
4610.68
4610.68
4610.68
4610.68
4610.68
4610.68
4610.68
4610.68
4610.68
4610.68
4610.68
4610.68
4610.68
4610.68
4610.68
4610.68
4610.68
4610.68
4610.68
4610.68
4610.68
4610.68
4610.68
4610.68
4610.68
4610.68
4610.68
4610.68
4610.68
4610.68
4610.68
4610.68
4610.68
4610.68
4610.68
4610.68
4610.68
4610.68
4610.68
4610.68
4610.68
4610.68
4610.68
4610.68
4610.68
4610.68
4610.68
4610.68
4610.68
4610.68
4610.68
4610.68
4610.68
4610.68
4610.68
4610.68
4610.68
4610.68
4610.68
4610.68
4610.68
4610.68
4610.68
4610.68
4610.68
4610.68
4610.68
4610.68
4610.68
4610.68
4610.68
4610.68
4610.68
4610.68
4610.68
4610.68
4610.68
4610.68
4610.68
4610.68
4610.68
4610.68
4610.68
4610.68
4610.68
4610.68
4610.68
4610.68
4610.68
4610.68
4610.68
