27073.4
25479.8
23460.6
22412.7
21090.3
20189.9
19326.7
18886.7
17158.7
17114.7
16229.4
15177
15067.3
14297.2
13944.7
13943.6
13286.7
13046.2
12957.5
12834.5
12513.5
12237.8
11743.4
11734.7
10618.1
10618.1
10541
9447.12
9368.41
9152.82
9066.83
8966.39
8773.44
8521.74
8521.74
8466.11
8438.39
8438.39
8211.84
8206.18
8081.55
8038.04
8005.03
7968.18
7709.05
7709.05
7530.51
7237.26
7237.26
7237.26
7217.04
7217.04
7217.04
7076.9
7059.16
7057.04
7057.04
7040.22
7030.92
7028.51
6957.89
6957.89
6957.89
6904.14
6904.14
6904.14
6893.01
6874.96
6701.41
6701.41
6701.41
6651.33
6646.2
6629.27
6313.28
6051.31
6051.31
6051.31
6015.9
6015.9
6015.9
6002.42
6002.42
5964.64
5937.7
5937.7
5905.43
5905.43
5870.02
5870.02
5870.02
5870.02
5867.16
5851.75
5814.23
5814.23
5763.41
5763.41
5723.34
5445.4
5445.4
5445.4
5443.32
5443.32
5443.32
5424.36
5424.36
5424.36
5424.36
5387.61
5369.43
5369.43
5368.65
5368.65
5368.65
5354.08
5300.94
5300.94
5300.16
5300.16
5274.32
5274.32
5237.97
5237.97
5213.39
5213.39
5110.3
5110.3
5110.3
5109.14
5006.04
5006.04
5006.04
5006.04
5006.04
5006.04
5006.04
4974.73
4974.73
4974.73
4972.64
4972.64
4972.64
4972.64
4972.64
4972.64
4972.64
4972.64
4972.64
4972.64
4971.49
4971.49
4971.49
4971.49
4925.27
4925.27
4925.27
4925.27
4925.27
4925.27
4925.27
4925.27
4925.27
4925.27
4925.27
4925.27
4925.27
4925.27
4925.27
4925.27
4925.27
4925.27
4925.27
4925.27
4925.27
4925.27
4925.27
4925.27
4925.27
4925.27
4925.27
4900.69
4900.69
4900.69
4900.69
4856.85
4856.85
4856.85
4856.85
4856.85
4856.85
4856.85
4852.99
4852.99
4850.23
4850.23
4850.23
4850.23
4850.23
4850.23
4850.23
4850.23
4850.23
4850.23
4850.23
4850.23
4850.23
4850.23
4840.94
4840.94
4840.94
4829.67
4829.67
4829.67
4802.32
4802.32
4791.04
4717.71
4706.43
4706.43
4706.43
4706.43
4706.43
4706.43
4706.43
4706.43
4706.43
4706.43
4706.43
4706.43
4706.43
4706.43
4703.14
4703.14
4703.14
4703.14
4703.14
4703.14
4703.14
4703.14
4703.14
4703.14
4703.14
4703.14
4703.14
4703.14
4703.14
4703.14
4703.14
4703.14
4703.14
4703.14
4703.14
4703.14
4703.14
4702.01
4702.01
4702.01
4702.01
4702.01
4702.01
4702.01
4702.01
4702.01
4702.01
4702.01
4702.01
4702.01
4702.01
4702.01
4702.01
4702.01
4702.01
4702.01
4702.01
4702.01
4702.01
4702.01
4702.01
4702.01
4702.01
4702.01
4702.01
4702.01
4702.01
4702.01
4702.01
4702.01
4702.01
4702.01
4702.01
4702.01
4702.01
4678.48
4678.48
4664.96
4664.96
4664.96
4664.96
4664.96
4664.96
4664.96
4664.96
4664.96
4664.96
4664.96
4664.96
4664.96
4664.96
4664.96
4664.96
4664.96
4664.96
4664.96
4664.96
4664.96
4664.96
4664.96
4664.96
4664.96
4664.96
4664.96
4664.96
4664.96
4664.96
4664.96
4664.96
4664.96
4664.96
4664.96
4664.96
4664.96
4664.96
4664.96
4664.96
4664.96
4664.96
4664.96
4664.96
4664.96
4664.96
4664.96
4664.96
4664.96
4664.96
4664.96
4664.96
4664.96
4664.96
4662.61
4662.61
4662.61
4662.61
4662.61
4662.61
4662.61
4662.61
4662.61
4662.61
4662.61
4662.61
4662.61
4662.61
4662.61
4662.61
4662.61
4662.61
4662.61
4662.61
4662.61
4662.61
4662.61
4662.61
4662.61
4662.61
4662.61
4662.61
4662.61
4662.61
4662.61
4662.61
4662.61
4662.61
4662.61
4662.61
4662.61
4662.61
4662.61
4662.61
4662.61
4662.61
4662.61
4662.61
4662.61
4662.61
4662.61
4662.61
4662.61
4662.61
4662.61
4662.61
4662.61
4662.61
4662.61
4662.61
4662.61
4662.61
4662.61
4662.61
4662.61
4662.61
4662.61
4662.61
4662.61
4662.61
4662.61
4662.61
4662.61
4662.61
4662.61
4662.61
4662.61
4662.61
4662.61
4662.61
4662.61
4662.61
4662.61
4662.61
4662.61
4662.61
4662.61
4662.61
4662.61
4662.61
4662.61
4662.61
4662.61
4662.61
4662.61
4662.61
4660.99
4660.99
4660.99
4660.99
4660.99
4660.99
4660.99
4660.99
4660.99
4660.99
4660.99
4660.99
4660.99
4660.99
4660.99
4660.99
4660.99
4660.99
4660.99
4660.99
4660.99
4660.99
4660.99
4660.99
4660.99
4660.99
4660.99
4660.99
4660.99
4660.99
4660.99
4660.99
4660.99
4660.99
4660.99
4660.99
4660.99
4660.99
4660.99
4660.99
4660.99
4660.99
4660.99
4660.99
4660.99
4660.99
4660.99
4660.99
4660.99
4660.99
4660.99
4660.99
4660.99
4660.99
4660.99
4660.99
4660.99
4660.99
4660.99
4660.99
4660.99
4660.99
4660.99
4660.99
4660.99
4660.99
4660.99
4660.99
4660.99
4660.99
4660.99
4660.99
4660.99
4660.99
4660.99
4660.99
4660.99
4660.99
4660.99
4660.99
4660.99
4660.99
4660.99
4660.99
4660.99
4660.99
4660.99
4660.99
4660.99
4660.99
4660.99
4660.99
4660.99
4660.99
4660.99
4660.99
4660.99
4660.99
4660.99
4660.99
4660.99
4660.99
4660.99
4660.99
4660.99
4660.99
4660.99
4660.99
4660.99
4660.99
4660.99
4660.99
4660.99
4660.99
4660.99
4660.99
4660.99
4660.99
4660.99
4660.99
4660.99
4660.99
4660.99
4660.99
4660.99
4660.99
4660.99
4660.99
4660.99
4660.99
4660.99
4660.99
4660.99
4660.99
4660.99
4660.99
4660.99
4660.99
4660.99
4660.99
4660.99
4660.99
4660.99
4660.99
4660.99
4660.99
4660.99
4660.99
4660.99
4660.99
4660.99
4660.99
4660.99
4660.99
4660.99
4660.99
4660.99
4660.99
4660.99
4660.99
4660.99
4660.99
4660.99
4660.99
4660.99
4660.99
4660.99
4660.99
4660.99
4660.99
4660.99
4660.99
4660.99
4660.99
4660.99
4660.99
4660.99
4660.99
4660.99
4660.99
4660.99
4660.99
4660.99
4660.99
4660.99
4660.99
4660.99
4660.99
4660.99
4660.99
4660.99
4660.99
4660.99
4660.99
4660.99
4660.99
4660.99
4660.99
4660.99
4660.99
4660.99
4660.99
4660.99
4660.99
4660.99
4660.99
4660.99
4660.99
4660.99
4660.99
4660.99
4660.99
4660.99
4660.99
4660.99
4660.99
4660.99
4660.99
4660.99
4660.99
4660.99
4660.99
4660.99
4660.99
4660.99
4660.99
4660.99
4660.99
4660.99
4660.99
4660.99
4660.99
4660.99
4660.99
4660.99
4660.99
4660.99
4660.99
4660.99
4660.99
4660.99
4660.99
4660.99
4660.99
4660.99
4660.99
4660.99
4660.99
4660.99
4660.99
4660.99
4660.99
4660.99
4660.99
4660.99
4660.99
4660.99
4660.99
4624.94
4624.94
4624.94
4624.94
4624.94
4624.94
4624.94
4624.94
4623.89
4623.89
4623.89
4623.89
4623.89
4623.89
4623.89
4623.89
4623.89
4623.89
4623.89
4623.89
4623.89
4623.89
4623.89
4623.89
4623.89
4623.89
4623.89
4623.89
4623.89
4623.89
4623.89
4623.89
4623.89
4623.89
4623.89
4623.89
4623.89
4623.89
4623.89
4623.89
4623.89
4623.89
4623.89
4623.89
4623.89
4623.89
4623.89
4623.89
4623.89
4623.89
4620.05
4620.05
4620.05
4620.05
4610.68
4610.68
4610.68
4610.68
4610.68
4610.68
4610.68
4610.68
4610.68
4610.68
4610.68
4610.68
4610.68
4610.68
4610.68
4610.68
4610.68
4610.68
4610.68
4610.68
4610.68
4610.68
4610.68
4610.68
4610.68
4610.68
4610.68
4610.68
4610.68
4610.68
4610.68
4610.68
4610.68
4610.68
4610.68
4610.68
4610.68
4610.68
4610.68
4610.68
4610.68
4610.68
4610.68
4610.68
4610.68
4610.68
4610.68
4610.68
4610.68
4610.68
4610.68
4610.68
4610.68
4610.68
4610.68
4610.68
4610.68
4610.68
4610.68
4610.68
4610.68
4610.68
4610.68
4610.68
4610.68
4610.68
4610.68
4610.68
4610.68
4610.68
4610.68
4610.68
4610.68
4610.68
4610.68
4610.68
4610.68
4610.68
4610.68
4610.68
4610.68
4610.68
4610.68
4610.68
4610.68
4610.68
4610.68
4610.68
4610.68
4610.68
4610.68
4610.68
4610.68
4610.68
4610.68
4610.68
4610.68
4610.68
4610.68
4610.68
4610.68
4610.68
4610.68
4610.68
4610.68
4610.68
4610.68
4610.68
4610.68
4610.68
4610.68
4610.68
4610.68
4610.68
4610.68
4610.68
4610.68
4610.68
4610.68
4610.68
4610.68
4610.68
4610.68
4610.68
4610.68
4610.68
4610.68
4610.68
4610.68
4610.68
4610.68
4610.68
4610.68
4610.68
4610.68
4610.68
4610.68
4610.68
4610.68
4610.68
4610.68
4610.68
4610.68
4610.68
4610.68
4610.68
4610.68
4610.68
4610.68
4610.68
4610.68
4610.68
4610.68
4610.68
4610.68
4610.68
4610.68
4610.68
4610.68
4610.68
4610.68
4610.68
4610.68
4610.68
4610.68
4610.68
4610.68
4610.68
4610.68
4610.68
4610.68
4610.68
4610.68
4610.68
4610.68
4610.68
4610.68
4610.68
4610.68
4610.68
4610.68
4610.68
4610.68
4610.68
4610.68
4610.68
4610.68
4610.68
4610.68
4610.68
4610.68
4610.68
4610.68
4610.68
4610.68
4610.68
4610.68
4610.68
4610.68
4610.68
4610.68
4610.68
4610.68
4610.68
4610.68
4610.68
4610.68
4610.68
4610.68
4610.68
4610.68
4610.68
4610.68
4610.68
4610.68
4610.68
4610.68
4610.68
4610.68
4610.68
4610.68
4610.68
4610.68
4610.68
4610.68
4610.68
4610.68
4610.68
4610.68
4610.68
4610.68
4610.68
4610.68
4610.68
4610.68
4610.68
4610.68
4610.68
4610.68
4610.68
4610.68
4610.68
4610.68
4610.68
4610.68
4610.68
4610.68
