26502.8
24814.9
23225.9
20357.2
20357.2
17498.2
17094.6
16418
14803.4
14228
14121.8
13167.3
12805
12729.9
12468.4
12022.9
10905.2
10905.2
10811.3
10108.8
10108.8
10108.8
10074
9898.03
9898.03
9700.94
9474.92
9474.92
9445.77
9304.41
9265.18
9060.84
9060.84
9008.55
8664.63
8664.63
8644.95
8389.92
8370.25
8351.12
8351.12
8056.31
8056.31
7972.15
7972.15
7972.15
7875.06
7800.71
7664.3
7664.3
7394.96
7212.6
7048.73
7048.73
7048.73
7048.73
7021.57
6895.33
6895.33
6895.33
6760.92
6760.92
6760.92
6702.74
6694.44
6681.02
6661.84
6651.83
6603.42
6565.89
6565.89
6472.07
6472.07
6455.8
6455.8
6455.8
6454.12
6433.2
6360.31
6345.41
6345.41
6325.61
6216.18
6163.68
6163.68
6036.14
6016.34
6015.89
5993.44
5993.44
5960.04
5960.04
5960.04
5950.99
5923.86
5923.86
5923.86
5923.86
5923.86
5855.47
5855.47
5855.47
5855.47
5826.71
5826.71
5826.71
5826.71
5826.71
5811.69
5788.08
5779.47
5745.14
5745.14
5745.14
5745.14
5745.14
5708.45
5708.45
5700.87
5700.87
5700.87
5700.87
5694.33
5694.33
5694.33
5694.33
5694.33
5694.33
5644.38
5644.38
5542.2
5542.2
5542.2
5542.2
5539.23
5539.23
5539.23
5474.33
5474.33
5474.33
5471.36
5470.66
5470.66
5470.66
5470.66
5467.69
5457.54
5408.37
5408.37
5408.37
5408.37
5373.1
5373.1
5373.1
5373.1
5319.43
5319.43
5301.97
5301.97
5301.97
5263.52
5263.52
5263.52
5263.52
5263.52
5263.52
5255.87
5255.87
5255.87
5255.87
5255.87
5255.87
5229.72
5229.72
5229.72
5229.72
5221.77
5221.77
5221.77
5221.77
5221.77
5221.77
5221.77
5221.77
5206.65
5193.84
5193.84
5191.22
5191.22
5191.22
5191.22
5191.22
5191.22
5191.22
5180.76
5180.76
5152.17
5152.17
5152.17
4850.23
4850.23
4850.23
4850.23
4850.23
4850.23
4850.23
4850.23
4850.23
4850.23
4850.23
4850.23
4833.79
4830.5
4830.5
4830.5
4830.5
4830.5
4830.5
4830.5
4830.5
4830.5
4830.5
4830.5
4830.5
4830.5
4830.5
4830.5
4830.5
4830.5
4830.5
4830.5
4830.5
4830.5
4830.5
4830.5
4830.5
4783.58
4783.58
4783.58
4783.58
4783.58
4783.58
4783.58
4783.58
4783.58
4783.58
4783.58
4783.58
4783.58
4783.58
4783.58
4783.58
4783.58
4783.58
4783.58
4783.58
4783.58
4746.53
4746.53
4746.53
4746.53
4746.53
4746.53
4746.53
4746.53
4746.53
4746.53
4746.53
4746.53
4746.53
4746.53
4746.53
4746.53
4746.53
4744.35
4744.35
4744.35
4744.35
4744.35
4744.35
4744.35
4742.71
4742.71
4742.05
4742.05
4742.05
4742.05
4742.05
4742.05
4742.05
4742.05
4742.05
4742.05
4742.05
4742.05
4742.05
4682.18
4682.18
4682.18
4682.18
4682.18
4682.18
4682.18
4682.18
4682.18
4682.18
4682.18
4682.18
4682.18
4676.17
4676.17
4676.17
4676.17
4676.17
4676.17
4676.17
4676.17
4676.17
4676.17
4676.17
4676.17
4676.17
4676.17
4676.17
4676.17
4676.17
4676.17
4676.17
4676.17
4673.55
4673.55
4673.55
4673.55
4673.55
4673.55
4673.55
4673.55
4673.55
4672.41
4672.41
4672.41
4672.41
4672.41
4672.41
4672.41
4672.41
4672.41
4672.41
4672.41
4672.41
4672.41
4672.41
4672.41
4672.41
4672.41
4672.41
4672.41
4672.41
4672.41
4672.41
4672.41
4672.41
4672.41
4672.41
4672.41
4672.41
4672.41
4672.41
4672.41
4672.41
4672.41
4672.41
4672.41
4672.41
4672.41
4672.41
4672.41
4672.41
4672.41
4672.41
4672.41
4672.41
4672.41
4672.41
4672.41
4672.41
4672.41
4672.41
4672.41
4672.41
4672.41
4672.41
4672.41
4672.41
4672.41
4672.41
4672.41
4672.41
4672.41
4672.41
4672.41
4672.41
4672.41
4672.41
4672.41
4672.41
4672.41
4672.41
4672.41
4672.41
4672.41
4672.41
4672.41
4672.41
4672.41
4672.41
4672.41
4672.41
4672.41
4672.41
4672.41
4672.41
4672.41
4672.41
4672.41
4672.41
4672.41
4672.41
4672.41
4670.06
4670.06
4670.06
4670.06
4670.06
4670.06
4670.06
4670.06
4670.06
4670.06
4670.06
4670.06
4670.06
4670.06
4670.06
4670.06
4670.06
4670.06
4670.06
4670.06
4670.06
4670.06
4670.06
4670.06
4670.06
4670.06
4670.06
4670.06
4670.06
4670.06
4670.06
4670.06
4670.06
4670.06
4670.06
4670.06
4670.06
4670.06
4670.06
4670.06
4670.06
4670.06
4670.06
4670.06
4670.06
4670.06
4670.06
4670.06
4670.06
4670.06
4670.06
4670.06
4670.06
4670.06
4670.06
4670.06
4670.06
4670.06
4670.06
4670.06
4670.06
4670.06
4670.06
4670.06
4670.06
4670.06
4670.06
4670.06
4670.06
4670.06
4660.99
4660.99
4660.99
4660.99
4660.99
4660.99
4660.99
4660.99
4660.99
4660.99
4660.99
4660.99
4660.99
4660.99
4660.99
4660.99
4660.99
4660.99
4660.99
4660.99
4660.99
4660.99
4660.99
4660.99
4660.99
4660.99
4660.99
4660.99
4660.99
4660.99
4660.99
4660.99
4660.99
4660.99
4660.99
4660.99
4660.99
4660.99
4660.99
4660.99
4660.99
4650.1
4650.1
4650.1
4650.1
4650.1
4650.1
4650.1
4650.1
4650.1
4650.1
4650.1
4650.1
4650.1
4650.1
4650.1
4650.1
4650.1
4650.1
4650.1
4650.1
4650.1
4650.1
4650.1
4650.1
4650.1
4650.1
4650.1
4650.1
4650.1
4650.1
4650.1
4650.1
4650.1
4650.1
4650.1
4650.1
4650.1
4650.1
4650.1
4650.1
4650.1
4650.1
4650.1
4650.1
4650.1
4650.1
4650.1
4650.1
4650.1
4650.1
4650.1
4650.1
4650.1
4650.1
4650.1
4650.1
4650.1
4650.1
4650.1
4640.66
4640.66
4640.66
4640.66
4640.66
4640.66
4640.66
4640.66
4640.66
4640.66
4640.66
4640.66
4640.66
4640.66
4640.66
4640.66
4640.66
4640.66
4640.66
4640.66
4640.66
4640.66
4640.66
4640.66
4640.66
4640.66
4640.66
4640.66
4640.66
4640.66
4640.66
4640.66
4640.66
4640.66
4640.66
4640.66
4640.66
4640.66
4640.66
4640.66
4640.66
4640.66
4640.66
4640.66
4640.66
4640.66
4640.66
4640.66
4640.66
4640.66
4640.66
4640.66
4640.66
4640.66
4640.66
4640.66
4640.66
4640.66
4640.66
4640.66
4640.66
4640.66
4640.66
4640.66
4640.66
4640.66
4640.66
4640.66
4640.66
4640.66
4640.66
4640.66
4640.66
4640.66
4640.66
4640.66
4640.66
4640.66
4640.66
4640.66
4640.66
4640.66
4640.66
4640.66
4640.66
4640.66
4640.66
4640.66
4640.66
4640.66
4640.66
4640.66
4640.66
4640.66
4640.66
4640.66
4640.66
4640.66
4640.66
4640.66
4640.66
4640.66
4640.66
4640.66
4640.66
4640.66
4640.66
4640.66
4640.66
4640.66
4640.66
4640.66
4640.66
4640.66
4640.66
4640.66
4640.66
4640.66
4640.66
4640.66
4640.66
4640.66
4640.66
4640.66
4640.66
4640.66
4640.66
4640.66
4640.66
4640.66
4640.66
4640.66
4640.66
4640.66
4640.66
4640.66
4640.66
4640.66
4640.66
4640.66
4640.66
4640.66
4640.66
4640.66
4640.66
4640.66
4640.66
4640.66
4640.66
4640.66
4640.66
4640.66
4640.66
4640.66
4640.66
4640.66
4640.66
4640.66
4640.66
4630.85
4630.85
4630.85
4630.85
4630.85
4630.85
4630.85
4629.38
4629.38
4629.38
4629.38
4629.38
4629.38
4629.38
4629.38
4629.38
4629.38
4629.38
4629.38
4629.38
4629.38
4629.38
4629.38
4629.38
4629.38
4629.38
4629.38
4629.38
4629.38
4629.38
4629.38
4629.38
4629.38
4629.38
4629.38
4629.38
4629.38
4629.38
4629.38
4629.38
4629.38
4620.05
4620.05
4620.05
4620.05
4620.05
4620.05
4620.05
4620.05
4620.05
4620.05
4620.05
4620.05
4620.05
4620.05
4620.05
4620.05
4620.05
4620.05
4620.05
4620.05
4620.05
4620.05
4620.05
4620.05
4620.05
4620.05
4620.05
4620.05
4620.05
4620.05
4620.05
4620.05
4620.05
4620.05
4620.05
4620.05
4620.05
4620.05
4620.05
4620.05
4620.05
4620.05
4620.05
4620.05
4620.05
4620.05
4620.05
4620.05
4620.05
4620.05
4610.68
4610.68
4610.68
4610.68
4610.68
4610.68
4610.68
4610.68
4610.68
4610.68
4610.68
4610.68
4610.68
4610.68
4610.68
4610.68
4610.68
4610.68
4610.68
4610.68
4610.68
4610.68
4610.68
4610.68
4610.68
4610.68
4610.68
4610.68
4610.68
4610.68
4610.68
4610.68
4610.68
4610.68
4610.68
4610.68
4610.68
4610.68
4610.68
4610.68
4610.68
4610.68
4610.68
4610.68
4610.68
4610.68
4610.68
4610.68
4610.68
4610.68
4610.68
4610.68
4610.68
4610.68
4610.68
4610.68
4610.68
4610.68
4610.68
4610.68
4610.68
4610.68
4610.68
4610.68
4610.68
4610.68
4610.68
4610.68
4610.68
4610.68
4610.68
4610.68
4610.68
4610.68
4610.68
4610.68
4610.68
4610.68
4610.68
4610.68
4610.68
4610.68
4610.68
4610.68
4610.68
4610.68
4610.68
4610.68
4610.68
4610.68
4610.68
4610.68
4610.68
4610.68
4610.68
4610.68
4610.68
4610.68
4610.68
4610.68
4610.68
4610.68
4610.68
4610.68
4610.68
4610.68
4610.68
4610.68
4610.68
4610.68
4610.68
4610.68
4610.68
4610.68
4610.68
4610.68
4610.68
4610.68
4610.68
4610.68
4610.68
4610.68
4610.68
4610.68
4610.68
4610.68
4610.68
4610.68
4610.68
4610.68
4610.68
4610.68
4610.68
4610.68
4610.68
4610.68
4610.68
4610.68
4610.68
4610.68
4610.68
4610.68
4610.68
4610.68
4610.68
4610.68
4610.68
4610.68
4610.68
4610.68
4610.68
