0 26 27 28 29 30 31 32 33 34 35 36 37 38 39 6 41 42 43 44 45 46 47 48 49 1 2 3 4 5 40 7 8 9 10 11 12 13 14 15 16 17 18 19 20 21 22 23 24 25 
0 7 8 9 10 11 12 13 14 15 16 17 18 19 20 21 22 23 24 25 26 27 28 31 30 29 32 33 34 35 36 37 38 46 40 41 42 43 44 45 39 47 48 49 1 2 3 4 5 6 
0 1 2 3 4 5 40 7 8 9 10 11 12 13 14 15 16 17 18 19 20 21 22 23 24 25 26 27 28 29 30 31 32 33 34 35 36 37 38 39 6 41 42 43 44 45 46 47 48 49 
0 6 7 8 9 10 11 12 13 14 15 16 17 18 19 20 21 22 23 24 25 26 27 28 31 30 29 32 33 34 35 36 37 38 46 40 41 42 43 44 45 39 47 48 49 1 2 3 4 5 
0 8 9 10 11 12 13 14 15 25 17 18 19 20 21 36 23 24 16 26 27 28 29 30 33 32 31 34 35 22 37 38 39 40 41 42 43 44 45 46 47 48 49 1 2 3 4 5 6 7 
0 1 2 3 4 5 6 7 8 9 10 11 12 13 14 15 16 41 18 19 20 21 22 23 24 25 26 27 28 29 30 31 32 33 34 35 36 37 38 39 40 17 42 43 44 45 46 47 48 49 
0 4 5 6 7 8 9 10 11 12 13 14 15 16 17 18 19 20 21 22 23 24 25 26 27 28 31 30 29 32 33 34 35 36 37 38 46 40 41 42 43 44 45 39 47 48 49 1 2 3 
0 40 41 42 43 44 45 46 47 48 49 1 2 3 4 5 6 7 8 9 10 11 12 13 14 15 25 17 18 19 20 21 36 23 24 16 26 27 28 29 30 31 32 33 34 35 22 37 38 39 
0 26 27 28 29 21 31 32 33 17 35 36 37 38 39 40 41 42 43 44 45 46 47 48 49 6 2 3 4 5 1 7 8 9 10 11 12 13 14 15 16 34 18 19 20 30 22 23 24 25 
0 8 9 10 11 12 13 14 15 16 34 18 19 20 21 22 23 24 25 26 27 28 29 30 31 32 33 17 35 36 37 38 39 40 41 42 43 44 45 46 47 48 49 6 2 3 4 5 1 7 
0 44 45 41 47 48 49 1 2 3 4 5 31 7 8 9 10 11 12 13 14 15 16 17 18 19 20 21 22 23 24 25 26 27 28 29 30 6 32 33 34 35 36 37 38 39 40 46 42 43 
0 47 48 49 6 2 3 4 5 1 7 8 9 10 11 12 13 14 15 16 34 18 19 20 21 22 23 24 25 26 27 28 29 30 31 32 33 17 35 36 37 38 39 40 41 42 43 44 45 46 
0 4 5 6 7 8 9 10 11 12 13 14 15 16 47 18 19 20 21 22 23 24 25 26 27 28 29 37 31 32 33 34 35 36 30 38 39 40 41 42 43 44 45 46 17 48 49 1 2 3 
0 14 15 16 17 18 19 3 21 22 23 24 25 26 27 28 29 30 31 32 33 34 35 36 37 38 39 40 41 42 43 44 45 46 47 48 49 1 2 20 4 5 6 7 8 9 10 11 12 13 
0 1 2 3 4 5 6 7 8 9 10 11 12 13 14 15 16 17 18 19 20 21 22 26 24 25 23 27 46 29 30 31 32 33 34 35 36 37 38 39 40 41 42 43 44 45 28 47 48 49 
0 6 2 3 4 5 1 7 8 9 10 11 12 13 14 15 16 34 18 19 20 21 22 23 24 25 26 27 28 29 30 31 32 33 17 35 36 37 38 39 40 41 42 43 44 45 46 47 48 49 
0 6 7 8 9 10 11 12 13 14 15 16 19 18 17 30 21 22 23 24 25 26 27 28 29 20 31 32 33 34 35 36 37 38 39 40 41 42 43 44 45 46 47 48 49 1 2 3 4 5 
0 34 35 36 37 38 39 40 41 42 43 44 46 45 47 48 49 1 2 3 4 5 6 7 8 9 10 11 12 13 14 15 16 17 18 19 20 21 22 23 24 25 26 27 28 29 30 31 32 33 
0 12 13 14 44 16 17 18 19 20 21 22 23 24 25 26 27 28 29 30 31 32 33 34 35 36 37 6 39 40 41 42 43 15 45 46 47 48 49 1 2 3 4 5 38 7 8 9 10 11 
0 1 2 3 4 5 33 7 8 9 10 11 12 13 14 15 16 17 18 19 20 21 22 23 24 25 26 27 28 29 30 31 32 6 34 35 36 37 38 39 40 41 42 43 44 45 46 47 48 49 
0 35 36 37 38 39 40 41 42 43 44 45 46 22 48 49 1 2 20 4 5 6 7 8 9 10 11 12 13 14 15 16 17 18 19 3 21 47 23 24 25 26 27 28 29 30 31 32 33 34 
0 11 12 13 14 15 16 17 20 19 18 21 22 23 24 25 26 27 28 29 30 31 32 33 34 35 36 37 38 39 40 41 42 43 44 45 46 47 48 49 1 2 3 4 5 6 7 8 9 10 
0 8 9 10 11 12 13 14 15 16 17 18 19 20 21 22 23 24 25 26 27 28 29 30 31 32 33 34 35 36 37 38 39 40 41 42 43 44 46 45 47 48 49 1 2 3 4 5 6 7 
0 31 32 33 34 35 36 37 38 39 40 1 42 43 44 45 46 47 48 49 41 2 3 4 5 6 7 8 9 10 11 12 13 14 15 16 17 18 19 20 21 22 23 24 25 26 27 28 29 30 
0 9 11 12 13 14 15 16 17 18 19 20 21 22 23 24 25 26 27 28 29 30 31 32 33 34 35 36 37 38 39 40 41 42 43 44 46 45 47 48 49 1 2 3 4 5 6 7 8 10 
0 47 48 49 1 2 3 4 5 6 7 8 9 10 11 12 13 14 15 16 17 18 19 20 21 22 23 24 25 26 27 28 31 30 29 32 33 34 35 36 37 38 46 40 41 42 43 44 45 39 
0 10 11 12 13 14 15 16 17 18 19 3 21 22 23 24 25 26 27 28 29 30 31 32 33 34 35 36 37 38 39 40 41 42 43 44 45 46 47 48 49 1 2 20 4 5 6 7 8 9 
0 12 13 14 15 16 17 18 19 20 21 22 23 24 25 26 27 28 29 30 31 32 33 34 35 36 37 38 39 40 1 42 43 44 45 46 47 48 49 41 2 3 4 5 6 7 8 9 10 11 
0 1 2 3 4 5 6 7 8 9 10 11 12 13 14 15 16 47 18 19 20 21 22 23 24 25 26 27 28 29 37 31 32 33 34 35 36 30 38 39 40 41 42 43 44 45 46 17 48 49 
0 1 2 3 4 5 6 7 8 9 10 11 12 13 36 15 16 17 18 19 20 21 22 23 24 25 26 27 28 31 30 29 32 33 34 35 14 37 38 46 40 41 42 43 44 45 39 47 48 49 
0 2 20 4 5 6 7 8 9 10 11 12 13 14 15 16 17 18 19 3 21 22 23 24 25 26 27 28 29 30 31 32 33 34 35 36 37 38 39 40 41 42 43 44 45 46 47 48 49 1 
0 15 16 17 18 19 20 21 22 23 24 25 26 27 28 29 30 31 32 33 34 35 36 37 38 39 40 1 42 43 44 45 46 47 48 49 41 2 3 4 5 6 7 8 9 10 11 12 13 14 
0 4 5 6 7 8 9 10 11 12 13 14 15 16 17 18 19 20 21 22 23 24 25 26 27 28 29 30 31 32 33 34 35 36 37 38 39 40 41 42 43 44 46 45 47 48 49 1 2 3 
0 34 35 36 37 38 39 40 41 42 43 44 45 4 47 48 49 1 2 3 46 5 6 7 8 9 10 11 12 13 14 15 16 17 18 19 20 21 22 23 24 25 26 27 28 29 30 31 32 33 
0 18 19 20 21 22 23 24 25 26 27 28 29 30 31 32 33 34 35 36 37 38 39 40 41 42 43 44 45 46 47 48 49 1 2 3 4 5 6 7 8 9 10 11 12 13 14 15 16 17 
0 7 8 9 10 11 12 13 14 15 16 17 18 19 20 21 22 23 24 25 26 27 28 29 30 31 32 33 34 35 36 37 38 39 40 41 42 43 44 45 46 47 48 49 1 2 3 4 5 6 
0 33 34 35 36 37 38 39 40 41 42 43 44 45 46 47 48 49 1 2 3 4 5 6 7 8 9 10 11 12 13 14 15 16 17 20 19 18 21 22 23 24 25 26 27 28 29 30 31 32 
0 38 39 40 41 42 43 44 45 46 47 48 49 1 2 3 4 5 6 7 8 9 10 11 12 13 14 15 16 17 18 19 20 21 22 23 24 25 26 27 28 29 30 31 32 33 34 35 36 37 
0 24 25 26 27 28 29 30 31 32 33 34 35 36 37 38 39 40 41 42 43 44 45 46 47 48 49 1 2 20 4 5 6 7 8 9 10 11 12 13 14 15 16 17 18 19 3 21 22 23 
0 44 45 46 47 48 49 41 2 3 4 5 6 7 8 9 10 11 12 13 14 15 16 17 18 19 20 21 22 23 24 25 26 27 28 29 30 31 32 33 34 35 36 37 38 39 40 1 42 43 
0 1 2 3 4 5 6 7 8 9 10 11 12 13 14 15 25 17 18 19 20 21 36 23 24 16 26 27 28 29 30 31 32 33 34 35 22 37 38 39 40 41 42 43 44 45 46 47 48 49 
0 39 47 48 49 1 2 3 4 5 6 7 8 9 10 11 12 13 14 15 16 17 18 19 20 21 22 23 24 25 26 27 28 31 30 29 32 33 34 35 36 37 38 46 40 41 42 43 44 45 
0 31 32 33 34 35 36 37 38 39 40 41 42 43 44 45 46 47 48 49 1 2 3 4 5 6 7 8 9 10 11 12 13 14 15 16 17 18 19 20 21 22 23 24 25 26 27 28 29 30 
0 1 2 48 4 5 6 7 8 9 10 16 12 13 14 15 11 17 18 19 20 21 22 23 24 25 26 27 28 29 30 31 32 33 34 35 36 37 38 39 40 41 42 43 44 45 46 47 3 49 
0 12 13 14 15 16 17 18 19 20 21 22 23 24 25 26 27 28 29 30 31 32 33 34 35 36 37 38 39 40 41 42 43 44 45 46 47 48 49 1 2 3 4 5 6 7 8 9 10 11 
0 26 27 28 29 30 31 32 33 34 35 36 37 38 39 40 41 42 43 44 45 4 47 48 49 1 2 3 46 5 6 7 8 9 10 11 12 13 14 15 16 17 18 19 20 21 22 23 24 25 
0 6 7 8 9 10 11 12 13 14 15 16 17 18 19 20 21 22 23 24 25 26 27 28 29 30 31 32 33 34 35 36 37 38 39 40 41 42 43 44 45 46 47 48 49 1 2 3 4 5 
0 34 35 36 37 38 39 40 41 42 43 44 45 46 47 48 49 1 2 3 4 5 6 7 8 9 10 11 12 13 14 15 16 17 18 19 20 21 22 23 24 25 26 27 28 29 30 31 32 33 
0 34 35 36 37 38 39 40 41 42 43 44 45 46 47 48 49 1 2 3 4 5 6 7 8 9 10 11 12 13 14 15 16 17 18 19 20 21 22 23 24 25 26 27 28 29 30 31 32 33 
0 41 42 43 44 46 45 47 48 49 1 2 3 4 5 6 7 8 9 10 11 12 13 14 15 16 17 18 19 20 21 22 23 24 25 26 27 28 29 30 31 32 33 34 35 36 37 38 39 40 
0 15 16 17 18 19 20 21 22 23 24 25 26 27 28 29 30 31 32 33 34 35 36 37 38 39 40 41 42 43 44 45 46 47 48 49 1 2 3 4 5 6 7 8 9 10 11 12 13 14 
0 31 32 33 34 35 36 37 38 39 40 41 42 43 44 45 46 47 48 49 1 2 3 4 5 6 7 8 12 10 11 9 13 14 15 16 17 18 19 20 21 22 23 24 25 26 27 28 29 30 
0 47 48 33 1 2 41 4 5 6 7 8 9 10 11 12 13 14 15 16 17 18 19 20 21 22 23 24 25 26 27 28 29 30 31 32 49 34 35 36 37 38 39 40 3 42 43 44 45 46 
0 1 2 3 4 5 6 7 8 9 10 11 12 13 14 15 16 17 18 19 46 21 22 23 24 25 26 27 28 45 30 31 32 33 34 35 36 37 49 39 40 41 42 43 44 29 20 47 48 38 
0 1 2 28 4 5 6 7 8 9 10 11 12 38 14 15 16 17 18 19 20 21 22 23 24 25 26 27 3 29 30 31 32 33 34 35 36 37 13 39 40 41 42 43 44 45 46 47 48 49 
0 1 2 20 4 5 6 7 8 9 10 11 12 13 14 15 16 17 18 19 3 21 22 23 24 25 26 27 28 29 30 31 32 33 34 35 36 37 38 39 40 41 42 43 44 45 46 47 48 49 
0 30 31 32 33 34 35 36 37 38 39 40 41 42 43 44 45 47 46 48 49 1 2 3 4 5 6 7 8 9 10 11 12 13 14 15 16 17 18 19 20 21 22 23 24 25 26 27 28 29 
0 4 5 6 1 8 9 10 11 12 13 14 15 16 17 18 19 20 21 22 23 24 25 26 27 28 29 30 31 32 33 34 35 36 37 38 39 40 41 42 43 44 45 46 47 48 49 7 2 3 
0 13 15 16 17 18 19 20 21 22 23 24 25 26 27 28 29 30 31 32 33 34 35 36 37 38 39 40 41 42 43 44 45 46 47 48 49 1 2 3 4 5 6 7 8 9 10 11 12 14 
0 22 23 24 25 26 27 28 29 30 31 32 33 34 35 36 37 38 39 40 41 42 43 44 45 46 47 48 49 1 2 3 4 5 6 7 8 9 10 11 12 13 14 15 16 17 20 19 18 21 
0 42 43 44 45 47 46 48 49 1 2 3 4 5 6 7 8 9 10 11 12 13 14 15 16 17 18 19 20 21 22 23 24 25 26 27 28 29 30 31 32 33 34 35 36 37 38 39 40 41 
0 35 36 37 38 39 40 41 42 43 44 45 46 47 48 49 1 2 3 4 5 6 7 8 9 10 11 12 13 14 15 16 17 18 19 20 21 22 23 24 25 26 27 28 29 30 31 32 33 34 
0 44 45 46 47 48 49 1 2 3 4 5 6 7 8 9 10 11 12 13 14 15 16 17 18 19 20 21 22 23 24 25 26 27 28 29 30 31 32 33 34 35 36 37 38 39 40 41 42 43 
0 34 35 36 37 38 39 40 41 42 43 44 45 46 47 48 49 1 2 3 4 5 6 7 8 12 10 11 9 13 14 15 16 17 18 19 20 21 22 23 24 25 26 27 28 29 30 31 32 33 
0 2 3 4 5 6 7 8 9 10 11 12 39 14 15 16 17 18 19 20 21 22 23 24 25 26 27 28 29 30 31 32 33 34 44 36 37 38 13 40 41 42 43 35 45 46 47 48 49 1 
0 33 34 35 36 37 38 39 40 41 42 43 44 45 46 47 48 49 1 2 3 4 5 6 7 8 9 10 11 12 13 14 15 16 17 18 19 20 21 22 23 24 25 26 27 28 29 30 31 32 
0 39 40 41 42 43 44 45 46 47 48 49 1 2 3 4 5 6 7 8 9 10 11 12 14 13 15 16 17 18 19 20 21 22 23 24 25 26 27 28 29 30 31 32 33 34 35 36 37 38 
0 25 26 27 28 29 30 31 32 33 34 35 36 37 38 39 40 41 42 43 44 45 46 47 48 49 1 2 3 4 5 6 7 8 9 10 11 12 13 14 15 16 17 18 19 20 21 22 23 24 
0 31 32 33 34 35 36 37 38 8 40 41 42 43 44 45 46 47 48 49 1 2 3 4 5 6 7 39 9 10 11 22 13 14 15 16 17 18 19 20 21 12 23 24 25 26 27 28 29 30 
0 7 2 3 4 5 6 1 8 9 10 11 12 13 14 15 16 17 18 19 20 21 22 23 24 25 26 27 28 29 30 31 32 33 34 35 36 37 38 39 40 41 42 43 44 45 46 47 48 49 
0 3 4 5 6 7 8 9 10 11 12 13 14 15 16 17 18 19 20 21 22 23 24 25 26 27 28 29 30 31 32 33 34 35 36 37 38 39 40 41 42 43 44 45 46 47 48 49 1 2 
0 1 2 3 4 5 38 7 8 9 10 11 12 13 14 44 16 17 18 19 20 21 22 23 24 25 26 27 28 29 30 31 32 33 34 35 36 37 6 39 40 41 42 43 15 45 46 47 48 49 
0 19 1 21 22 23 24 25 26 27 28 29 30 31 32 33 34 35 36 37 38 39 40 41 42 43 44 45 46 47 48 49 20 2 3 4 5 6 7 8 9 10 11 12 13 14 15 16 17 18 
0 1 2 3 4 5 6 7 8 9 10 11 12 13 14 15 16 17 18 19 20 21 22 23 24 25 26 27 28 29 30 31 32 33 42 35 36 37 38 39 40 41 34 43 44 45 46 47 48 49 
0 20 21 22 23 24 25 26 27 28 29 30 31 32 33 34 35 36 37 38 39 40 41 42 43 44 45 46 47 48 49 1 2 3 4 5 6 7 8 9 10 11 12 13 14 15 16 17 18 19 
0 20 21 22 23 24 25 26 27 28 29 30 31 32 33 34 35 36 37 38 39 40 41 42 43 44 45 46 47 48 49 1 2 3 4 5 6 7 8 9 10 11 12 13 14 15 16 17 18 19 
0 46 47 48 49 1 2 3 4 5 6 7 8 9 10 11 12 29 14 15 16 17 20 19 18 21 22 23 24 25 26 27 28 13 30 31 32 33 34 35 36 37 38 39 40 41 42 43 44 45 
0 33 2 3 4 5 6 7 8 9 13 11 12 10 14 15 16 17 18 19 20 21 22 23 24 25 26 27 28 29 30 31 32 1 34 35 36 37 38 39 40 41 42 43 44 45 46 47 48 49 
0 4 5 6 7 8 9 10 11 12 13 14 15 16 17 18 19 20 21 22 23 24 25 26 27 28 29 30 31 32 33 34 44 36 37 38 39 40 41 42 43 35 45 46 47 48 49 1 2 3 
0 8 9 10 11 12 13 14 15 16 17 18 19 20 21 22 34 24 25 26 27 28 29 30 31 32 33 23 35 36 37 38 49 40 41 42 43 44 45 46 47 48 39 1 2 3 4 5 6 7 
0 1 2 3 4 5 31 43 8 9 10 11 12 13 14 15 16 17 18 19 20 21 22 23 24 25 26 27 28 29 30 6 32 33 34 35 36 37 38 39 40 41 42 7 44 45 46 47 48 49 
0 47 48 39 1 2 3 4 5 6 7 8 9 10 11 12 13 14 15 16 17 18 19 20 21 22 34 24 25 26 27 28 29 30 31 32 33 23 35 36 37 38 49 40 41 42 43 44 45 46 
0 1 2 3 4 5 6 7 42 9 10 11 12 13 14 15 16 19 18 17 30 21 22 23 24 25 26 27 28 29 20 31 32 33 34 35 36 37 38 39 40 41 8 43 44 45 46 47 48 49 
0 10 11 12 13 14 15 16 17 18 19 20 21 22 23 24 25 26 27 28 29 30 31 32 33 34 35 36 37 38 39 40 41 42 43 44 45 46 47 48 49 1 2 3 4 5 6 7 8 9 
0 6 2 3 4 5 1 7 8 9 10 11 12 13 14 15 16 17 18 19 20 21 22 23 24 25 26 27 28 29 30 31 32 33 34 35 36 37 38 39 40 41 42 43 44 45 46 47 48 49 
0 20 21 22 23 24 25 26 27 28 29 30 31 32 33 34 35 36 37 38 39 40 41 42 43 44 45 46 47 48 49 1 2 3 4 5 6 7 8 12 10 11 9 13 14 15 16 17 18 19 
0 41 42 43 44 45 46 47 48 49 1 2 3 4 5 31 7 8 9 10 11 12 13 14 15 16 17 18 19 20 21 22 23 24 25 26 27 28 29 30 6 32 33 34 35 36 37 38 39 40 
0 1 11 3 4 5 6 7 8 9 10 2 12 13 14 15 16 17 18 19 20 21 22 23 24 25 26 27 28 29 30 31 32 33 34 35 36 37 38 39 40 41 42 43 44 45 46 47 48 49 
0 1 2 3 4 5 6 7 16 9 10 11 12 13 14 15 8 17 18 19 20 21 22 23 24 25 26 27 40 29 30 31 32 33 34 35 36 37 38 39 28 41 42 43 44 45 47 46 48 49 
0 2 3 4 5 6 7 8 9 10 11 12 13 14 15 16 17 18 19 20 21 22 23 24 25 26 27 28 29 30 31 32 33 34 35 36 37 38 39 40 41 42 43 44 45 46 47 48 49 1 
0 1 2 3 4 5 6 7 8 9 10 11 12 13 14 15 16 17 20 19 18 21 22 23 24 25 26 27 28 29 30 31 32 33 34 35 36 37 38 39 40 41 42 43 44 45 46 47 48 49 
0 38 39 40 41 42 43 44 45 46 47 48 49 1 2 3 4 5 6 7 8 9 33 11 12 13 14 15 16 17 18 19 20 21 22 23 24 25 26 27 28 29 30 31 32 10 34 35 36 37 
0 1 2 3 4 5 6 7 8 9 10 11 12 13 14 15 16 17 18 19 20 21 22 23 24 25 26 27 28 29 30 31 32 49 34 35 36 37 38 39 40 41 42 43 44 45 46 47 48 33 
0 1 2 3 4 5 6 7 8 9 10 11 12 13 14 15 16 17 18 19 20 21 22 23 24 25 26 27 28 29 30 33 32 31 34 35 36 37 38 39 40 41 42 43 44 45 46 47 48 49 
0 1 2 3 4 5 6 7 8 9 10 11 12 13 14 15 16 17 18 19 20 21 22 23 24 25 26 27 28 29 30 33 32 31 34 35 36 37 38 39 40 41 42 43 44 45 46 47 48 49 
0 1 2 3 4 5 6 7 8 9 10 11 12 13 17 15 16 14 18 19 20 21 22 23 24 25 26 27 28 29 30 31 32 33 34 35 36 37 38 39 40 41 42 43 44 45 46 47 48 49 
0 24 25 26 27 28 29 30 31 32 33 34 35 36 37 38 39 40 41 42 43 44 45 46 47 48 49 1 2 3 4 5 6 7 8 9 10 11 12 13 14 15 16 17 18 19 20 21 22 23 
0 1 2 3 46 5 6 7 8 9 10 11 12 13 14 15 16 17 18 19 20 21 22 23 24 25 26 27 28 29 30 31 32 33 34 35 36 37 38 39 40 41 42 43 44 45 4 47 48 49 
0 16 17 18 19 20 21 22 23 24 25 26 27 28 29 30 31 32 33 34 35 36 37 38 39 40 41 42 43 44 45 46 47 48 49 1 2 3 4 5 6 7 8 9 10 11 12 13 14 15 
0 13 14 15 16 17 18 19 20 21 22 23 24 25 26 27 39 29 30 31 32 33 34 35 36 37 38 28 40 41 42 43 44 45 46 47 48 49 1 2 3 4 5 6 7 8 9 10 11 12 
0 28 29 30 31 32 33 34 35 36 37 38 39 40 41 42 43 44 45 46 47 48 49 1 2 20 4 5 6 7 8 9 10 11 12 13 14 15 16 17 18 19 3 21 22 23 24 25 26 27 
0 1 31 3 4 5 6 7 8 9 10 11 12 13 14 15 16 17 18 19 20 21 22 23 24 25 26 27 28 29 30 2 32 33 34 35 36 37 38 39 40 41 42 43 44 45 46 47 48 49 
0 21 22 23 24 25 26 27 28 14 30 31 32 33 34 35 36 37 38 39 40 41 42 43 44 45 46 47 48 49 1 2 3 4 5 6 7 8 9 10 11 12 13 29 15 16 17 18 19 20 
0 1 2 3 4 5 6 7 8 9 23 11 12 17 14 15 16 13 18 19 20 21 22 10 24 25 47 27 28 29 30 31 32 33 34 35 36 37 38 39 40 41 42 43 44 45 46 26 48 49 
0 45 46 47 48 49 1 2 3 4 5 6 7 8 9 10 11 12 13 14 15 43 17 18 19 20 21 22 23 24 25 26 27 28 29 30 31 32 33 34 35 36 37 38 39 40 41 42 16 44 
0 9 10 11 12 13 14 40 16 17 18 19 20 21 22 23 24 25 26 15 28 29 30 31 32 33 34 35 36 37 38 39 27 41 42 43 44 45 46 47 48 49 1 2 3 4 5 6 7 8 
0 1 2 3 14 5 6 7 8 9 10 11 12 13 4 15 16 17 18 19 20 21 22 23 24 25 26 27 28 29 30 31 32 33 34 35 36 37 38 39 40 41 42 43 44 45 46 47 48 49 
0 20 2 3 4 5 6 7 8 9 10 11 12 13 14 15 16 17 18 19 1 21 22 23 24 25 26 27 28 29 30 31 32 33 34 35 36 37 38 39 40 41 42 43 44 45 46 47 48 49 
0 25 38 27 28 29 30 31 32 33 34 35 36 37 26 39 40 41 42 43 44 45 46 47 48 49 1 2 3 4 5 6 7 8 9 10 11 12 13 14 15 16 17 18 19 20 21 22 23 24 
0 1 2 3 4 5 6 7 8 9 10 11 12 13 14 15 16 17 18 19 20 21 22 23 24 25 26 27 28 29 30 31 32 33 34 44 36 37 38 39 40 41 42 43 35 45 46 47 48 49 
0 1 2 3 4 5 6 7 8 9 10 11 12 13 14 29 16 17 18 19 20 21 22 23 24 25 26 27 28 15 30 31 32 33 34 35 36 37 38 39 40 41 42 43 44 45 46 47 48 49 
0 3 4 5 6 7 8 9 10 11 12 13 14 15 16 17 18 19 20 21 22 23 24 25 38 27 28 29 30 31 32 33 34 35 36 37 26 39 40 41 42 43 44 45 46 47 48 49 1 2 
0 1 48 3 4 5 6 7 8 9 10 11 12 13 14 15 16 17 18 19 20 21 22 23 24 25 26 27 28 29 30 31 32 33 34 35 36 37 38 39 40 41 42 43 44 46 45 47 2 49 
0 41 42 43 44 45 46 47 48 49 1 2 3 4 5 6 7 8 9 10 11 12 13 29 15 16 17 18 19 20 21 22 23 24 25 26 27 28 14 30 31 32 33 34 35 36 37 38 39 40 
0 1 2 3 4 5 6 7 8 9 10 11 12 13 14 15 16 17 18 19 20 21 22 23 24 25 26 27 28 29 30 31 32 33 34 35 36 37 38 39 40 41 42 43 44 45 46 47 48 49 
0 1 2 3 4 5 6 7 8 9 10 11 12 13 14 15 16 17 18 19 20 21 22 23 24 25 26 27 28 29 30 31 32 33 34 35 36 37 38 39 40 41 42 43 44 45 46 47 48 49 
0 1 2 3 4 5 6 7 8 9 10 11 12 13 14 15 16 17 18 19 20 21 22 23 24 25 26 27 28 29 30 31 32 33 34 35 36 37 38 39 40 41 42 43 44 45 46 47 48 49 
0 1 2 3 4 5 6 7 8 9 10 11 12 13 14 15 16 17 18 19 20 21 22 23 24 25 26 27 28 29 30 31 32 33 34 35 36 37 38 39 40 41 42 43 44 45 46 47 48 49 
0 1 2 3 4 5 6 7 8 9 10 11 12 13 14 15 16 17 18 19 20 21 22 23 24 25 26 27 28 29 30 31 32 33 34 35 36 37 38 39 40 41 42 43 44 45 46 47 48 49 
0 1 2 3 4 5 6 7 8 9 10 11 12 13 14 15 16 17 18 19 20 21 22 23 24 25 26 27 28 29 30 31 32 33 34 35 36 37 38 39 40 41 42 43 44 45 46 47 48 49 
0 1 2 3 4 5 6 7 8 9 10 11 12 13 14 15 16 17 18 19 20 21 22 23 24 25 26 27 28 29 30 31 32 33 34 35 36 37 38 39 40 41 42 43 44 45 46 47 48 49 
0 1 2 3 4 5 6 7 8 9 10 11 12 13 14 15 16 17 18 19 20 21 22 23 24 25 26 27 28 29 30 31 32 33 34 35 36 37 38 39 40 41 42 43 44 45 46 47 48 49 
0 1 2 3 4 5 6 7 8 9 10 11 12 13 14 15 16 17 18 19 20 21 22 23 24 25 26 27 28 29 30 31 32 33 34 35 36 37 38 39 40 41 42 43 44 45 46 47 48 49 
0 1 2 3 4 5 6 7 8 9 10 11 12 13 14 15 16 17 18 19 20 21 22 23 24 25 26 27 28 29 30 31 32 33 34 35 36 37 38 39 40 41 42 43 44 45 46 47 48 49 
0 1 2 3 4 5 6 7 8 9 10 11 12 13 14 15 16 17 18 19 20 21 22 23 24 25 26 27 28 29 30 31 32 33 34 35 36 37 38 39 40 41 42 43 44 45 46 47 48 49 
0 1 2 3 4 5 6 7 8 9 10 11 12 13 14 15 16 17 18 19 20 21 22 23 24 25 26 27 28 29 30 31 32 33 34 35 36 37 38 39 40 41 42 43 44 45 46 47 48 49 
0 1 2 3 4 5 6 7 8 9 10 11 12 13 14 15 16 17 18 19 20 21 22 23 24 25 26 27 28 29 30 31 32 33 34 35 36 37 38 39 40 41 42 43 44 45 46 47 48 49 
0 1 2 3 4 5 6 7 8 9 10 11 12 13 14 15 16 17 18 19 20 21 22 23 24 25 26 27 28 29 30 31 32 33 34 35 36 37 38 39 40 41 42 43 44 45 46 47 48 49 
0 1 2 3 4 5 6 7 8 9 10 11 12 13 14 15 16 17 18 19 20 21 22 23 24 25 26 27 28 29 30 31 32 33 34 35 36 37 38 39 40 41 42 43 44 45 46 47 48 49 
0 1 2 3 4 5 6 7 8 9 10 11 12 13 14 15 16 17 18 19 20 21 22 23 24 25 26 27 28 29 30 31 32 33 34 35 36 37 38 39 40 41 42 43 44 45 46 47 48 49 
0 1 2 3 4 5 6 7 8 9 10 11 12 13 14 15 16 17 18 19 20 21 22 23 24 25 26 27 28 29 30 31 32 33 34 35 36 37 38 39 40 41 42 43 44 45 46 47 48 49 
0 1 2 3 4 5 6 7 8 9 10 11 12 13 14 15 16 17 18 19 20 21 22 23 24 25 26 27 28 29 30 31 32 33 34 35 36 37 38 39 40 41 42 43 44 45 46 47 48 49 
0 1 2 3 4 5 6 7 8 9 10 11 12 13 14 15 16 17 18 19 20 21 22 23 24 25 26 27 28 29 30 31 32 33 34 35 36 37 38 39 40 41 42 43 44 45 46 47 48 49 
0 1 2 3 4 5 6 7 8 9 10 11 12 13 14 15 16 17 18 19 20 21 22 23 24 25 26 27 28 29 30 31 32 33 34 35 36 37 38 39 40 41 42 43 44 45 46 47 48 49 
0 1 2 3 4 5 6 7 8 9 10 11 12 13 14 15 16 17 18 19 20 21 22 23 24 25 26 27 28 29 30 31 32 33 34 35 36 37 38 39 40 41 42 43 44 45 46 47 48 49 
0 1 2 3 4 5 6 7 8 9 10 11 12 13 14 15 16 17 18 19 20 21 22 23 24 25 26 27 28 29 30 31 32 33 34 35 36 37 38 39 40 41 42 43 44 45 46 47 48 49 
0 1 2 3 4 5 6 7 8 9 10 11 12 13 14 15 16 17 18 19 20 21 22 23 24 25 26 27 28 29 30 31 32 33 34 35 36 37 38 39 40 41 42 43 44 45 46 47 48 49 
0 1 2 3 4 5 6 7 8 9 10 11 12 13 14 15 16 17 18 19 20 21 22 23 24 25 26 27 28 29 30 31 32 33 34 35 36 37 38 39 40 41 42 43 44 45 46 47 48 49 
0 1 2 3 4 5 6 7 8 9 10 11 12 13 14 15 16 17 18 19 20 21 22 23 24 25 26 27 28 29 30 31 32 33 34 35 36 37 38 39 40 41 42 43 44 45 46 47 48 49 
0 1 2 3 4 5 6 7 8 9 10 11 12 13 14 15 16 17 18 19 20 21 22 23 24 25 26 27 28 29 30 31 32 33 34 35 36 37 38 39 40 41 42 43 44 45 46 47 48 49 
0 1 2 3 4 5 6 7 8 9 10 11 12 13 14 15 16 17 18 19 20 21 22 23 24 25 26 27 28 29 30 31 32 33 34 35 36 37 38 39 40 41 42 43 44 45 46 47 48 49 
0 1 2 3 4 5 6 7 8 9 10 11 12 13 14 15 16 17 18 19 20 21 22 23 24 25 26 27 28 29 30 31 32 33 34 35 36 37 38 39 40 41 42 43 44 45 46 47 48 49 
0 1 2 3 4 5 6 7 8 9 10 11 12 13 14 15 16 17 18 19 20 21 22 23 24 25 26 27 28 29 30 31 32 46 34 35 36 37 38 39 40 41 42 43 44 45 33 47 48 49 
0 29 30 31 32 33 17 35 36 37 38 39 40 41 42 43 44 45 46 10 48 49 6 2 3 4 5 1 7 8 9 47 11 12 13 14 15 16 34 18 19 20 21 22 23 24 25 26 27 28 
0 1 2 3 4 5 6 7 8 9 47 39 12 13 14 15 16 17 18 19 20 21 22 23 24 25 26 27 28 29 30 31 32 33 34 35 36 37 38 11 40 41 42 43 44 45 46 10 48 49 
0 1 2 3 4 5 6 7 8 9 10 11 49 13 14 15 16 17 18 19 20 21 22 23 24 25 26 27 28 29 30 31 32 33 34 35 36 37 38 39 40 41 42 43 44 45 46 47 48 12 
0 1 2 3 4 5 6 7 8 9 10 11 12 13 14 15 16 17 18 19 20 21 47 23 24 25 26 27 28 29 30 31 32 33 34 35 36 37 38 39 40 41 42 43 44 45 46 22 48 49 
0 1 2 3 4 5 6 37 8 9 10 11 12 13 14 15 16 17 18 19 20 21 22 23 24 25 26 27 28 29 30 31 32 33 34 35 36 7 38 39 40 41 42 43 44 45 46 47 48 49 
0 1 2 3 4 5 6 7 8 9 10 11 12 13 14 15 16 17 18 19 20 21 22 23 24 25 26 27 39 29 30 31 32 33 34 35 36 37 38 28 40 41 42 43 44 45 46 47 48 49 
0 1 2 3 4 5 6 7 8 9 10 11 12 14 13 15 16 17 18 19 20 21 22 23 24 25 26 27 28 29 30 31 32 33 34 35 36 37 38 39 40 41 42 43 44 45 46 47 48 49 
0 1 2 3 4 5 6 7 8 41 10 11 12 13 14 15 16 17 18 19 20 21 22 23 24 25 26 27 28 29 30 31 32 33 34 35 36 37 38 39 40 9 42 43 44 45 46 47 48 49 
0 1 2 3 4 5 6 35 8 9 10 11 12 13 14 15 16 17 18 19 20 21 22 23 24 25 26 27 28 29 30 31 32 33 34 7 36 37 38 39 40 41 42 43 44 45 46 47 48 49 
0 1 2 3 4 5 6 7 8 9 10 11 12 13 14 15 16 17 18 19 20 21 22 34 24 25 26 27 28 29 30 31 32 33 23 35 36 37 38 49 40 41 42 43 44 45 46 47 48 39 
0 30 31 32 33 34 35 36 37 38 39 40 41 42 43 44 45 46 47 48 49 1 2 3 4 5 6 7 8 9 10 11 12 13 14 15 16 27 18 19 20 21 22 23 24 25 26 17 28 29 
0 1 2 3 4 5 6 7 8 12 10 11 9 13 14 15 16 17 18 19 20 21 22 23 24 25 26 27 28 29 30 31 32 33 34 35 36 37 38 39 40 41 42 43 44 45 46 47 48 49 
0 41 2 3 4 5 6 7 8 9 10 11 12 13 14 15 16 17 18 19 20 21 22 23 24 25 26 27 28 29 30 31 32 33 34 35 36 37 38 39 40 1 42 43 44 45 46 47 48 49 
0 1 2 3 4 5 6 7 8 9 10 11 12 13 14 15 16 17 18 19 20 21 22 23 24 25 26 27 28 29 30 31 32 33 34 35 36 37 38 39 40 41 42 43 44 45 47 46 48 49 
0 24 25 26 27 28 29 30 31 32 49 34 35 36 37 38 39 40 41 42 43 44 45 46 47 48 33 1 2 3 4 5 6 7 8 9 10 11 12 13 14 15 16 17 18 19 20 21 22 23 
0 32 33 34 7 36 37 38 39 40 41 42 43 44 45 46 47 48 49 1 2 3 4 5 6 35 8 9 10 11 12 13 14 15 16 17 18 19 20 21 22 23 24 25 26 27 28 29 30 31 
0 46 47 48 49 1 2 3 4 5 6 7 8 9 10 11 45 13 14 15 16 17 18 19 20 21 22 23 24 42 26 27 28 29 30 31 32 33 34 35 36 37 38 39 40 41 25 43 44 12 
0 1 2 3 4 5 6 7 8 9 10 11 12 13 14 15 16 17 18 19 30 21 22 23 28 25 26 27 24 29 20 31 32 33 34 35 36 37 38 39 40 41 42 43 44 45 46 47 48 49 
0 29 30 31 32 33 34 35 36 37 38 28 40 41 42 43 44 45 46 47 48 49 1 2 3 4 5 6 7 8 9 10 11 12 13 14 15 16 17 18 19 20 21 22 23 24 25 26 27 39 
0 1 2 3 4 5 6 7 8 9 10 11 12 13 14 15 34 17 18 19 20 21 22 23 24 25 26 27 28 29 30 31 32 33 16 35 36 37 38 39 40 41 42 43 44 45 46 47 48 49 
0 1 2 3 4 5 6 7 8 9 10 11 12 13 14 15 43 17 18 19 20 21 22 23 24 25 26 27 28 29 30 31 32 33 34 35 36 37 38 39 40 41 42 16 44 45 46 47 48 49 
0 27 28 29 30 6 32 33 34 35 36 37 38 39 40 41 42 43 44 45 46 47 48 49 1 2 3 4 5 31 7 8 9 10 11 12 13 14 15 16 17 18 19 20 21 22 23 24 25 26 
0 1 2 3 4 5 6 7 8 9 10 11 12 13 14 40 16 17 18 19 20 21 28 23 24 25 26 15 22 29 30 31 32 33 34 35 36 37 38 39 27 41 42 43 44 45 46 47 48 49 
0 1 2 3 4 5 6 7 39 9 10 11 22 13 14 15 16 17 18 19 20 21 12 23 24 25 26 27 28 29 30 31 32 33 34 35 36 37 38 8 40 41 42 43 44 45 46 47 48 49 
0 48 49 1 2 3 4 5 6 7 8 9 10 11 12 13 14 15 16 17 18 19 20 21 22 23 24 25 26 27 39 29 30 31 32 33 34 35 36 37 38 28 40 41 42 43 44 45 46 47 
0 1 2 3 4 5 6 7 8 9 33 11 12 13 14 15 16 17 18 19 20 29 22 23 24 25 26 27 28 21 30 31 32 10 34 35 36 37 38 39 40 41 42 43 44 45 46 47 48 49 
0 5 6 7 8 9 10 11 12 13 14 15 16 17 18 19 20 21 22 23 24 25 26 27 28 29 30 31 32 33 34 35 36 37 38 39 40 41 42 43 44 45 46 47 48 49 1 2 3 4 
0 1 2 4 3 5 6 7 8 9 10 11 12 13 14 15 16 17 18 19 20 21 22 23 24 25 26 27 28 29 30 31 32 33 34 35 36 37 38 39 40 41 42 43 44 45 46 47 48 49 
0 1 2 3 4 5 6 7 8 9 10 11 12 13 14 15 16 17 18 19 20 21 22 23 24 25 26 27 28 29 30 31 32 33 34 35 36 37 38 39 40 41 42 43 44 48 46 47 45 49 
0 1 2 3 4 5 6 7 27 9 10 11 12 13 14 15 16 17 18 19 20 21 22 23 24 25 26 8 28 29 30 31 32 33 34 35 36 37 38 39 40 41 42 43 44 45 46 47 48 49 
0 1 2 3 4 5 6 7 8 9 10 11 12 13 14 15 16 17 18 19 20 21 22 23 24 25 38 27 28 29 30 31 32 33 34 35 36 37 26 39 40 41 42 43 44 45 46 47 48 49 
0 21 22 23 24 25 26 27 28 29 30 31 32 33 34 35 36 37 38 39 40 41 42 43 44 45 46 47 48 49 1 2 3 4 5 6 7 8 20 10 11 12 13 14 15 16 17 18 19 9 
0 28 29 30 31 32 33 34 35 36 7 38 39 40 41 42 43 44 45 46 47 48 49 1 2 3 4 5 6 37 8 9 10 11 12 13 14 15 16 17 18 19 20 21 22 23 24 25 26 27 
0 1 2 3 4 5 6 7 8 9 10 11 12 13 14 35 16 17 18 19 20 21 22 23 24 25 26 27 28 29 30 31 32 33 34 15 36 37 38 39 40 41 42 43 44 45 46 47 48 49 
0 1 2 3 4 5 6 33 43 9 10 11 12 13 14 15 16 17 18 19 20 21 22 23 24 25 26 27 28 29 30 31 32 7 34 35 36 37 38 39 40 41 42 8 44 45 46 47 48 49 
0 46 10 48 49 1 2 3 4 5 6 7 8 9 47 11 12 13 14 15 16 17 18 19 20 21 22 23 24 25 26 27 28 29 30 31 32 33 34 35 36 37 38 39 40 41 42 43 44 45 
0 1 2 3 4 5 6 7 8 9 10 11 12 13 14 15 16 17 18 19 20 21 22 23 24 25 26 27 28 29 30 31 32 33 34 47 36 37 38 39 40 41 42 43 44 45 46 35 48 49 
0 48 49 1 2 3 4 5 6 7 8 9 33 11 12 13 14 15 16 17 18 19 20 21 22 23 24 25 26 27 28 29 30 31 32 10 34 35 36 37 38 39 40 41 42 43 44 45 46 47 
0 1 2 3 4 5 6 7 8 9 10 11 12 13 29 15 16 17 18 19 20 21 22 27 24 25 26 23 28 14 30 31 32 33 34 35 36 37 38 39 40 41 42 43 44 45 46 47 48 49 
0 1 2 3 4 5 6 33 8 9 10 11 12 13 14 15 16 17 18 25 20 21 22 23 24 19 26 27 28 29 30 31 32 7 34 35 36 37 38 39 40 41 42 43 44 45 46 47 48 49 
0 13 14 15 16 17 18 19 20 21 22 23 24 25 26 27 28 29 30 31 32 33 34 35 36 37 38 39 40 41 42 43 44 45 46 10 48 49 1 2 3 4 5 6 7 8 9 47 11 12 
0 1 2 3 4 5 6 7 48 9 10 11 12 13 14 15 16 17 18 19 20 21 22 23 24 25 26 27 28 29 30 31 32 33 34 35 36 37 38 39 40 41 42 43 44 45 46 47 8 49 
0 1 2 3 4 5 6 7 8 9 10 11 12 13 14 15 16 17 18 19 20 21 27 23 24 25 26 22 28 29 30 31 32 33 34 35 36 37 38 39 40 41 42 43 44 45 46 47 48 49 
0 1 2 3 4 5 6 7 8 9 10 11 12 13 14 15 16 27 18 19 20 21 22 23 24 25 26 17 28 29 30 31 32 33 34 35 36 37 38 39 40 41 42 43 44 45 46 47 48 49 
0 32 33 34 35 36 37 38 39 40 41 42 43 44 45 46 47 8 49 1 2 3 4 5 6 7 48 9 10 11 12 13 14 15 16 17 18 19 20 21 22 23 24 25 26 27 28 29 30 31 
0 1 2 3 4 5 6 7 8 9 10 11 45 13 14 15 16 17 18 19 20 21 22 23 24 42 26 27 28 29 30 31 32 33 34 35 36 37 38 39 40 41 25 43 44 12 46 47 48 49 
0 1 2 3 4 5 6 7 37 9 44 11 12 13 14 15 16 17 18 19 20 21 22 23 24 25 26 27 28 29 30 31 32 33 34 35 36 8 38 39 40 41 42 43 10 45 46 47 48 49 
0 13 14 2 16 17 18 19 20 21 22 23 24 25 26 27 28 29 5 31 32 33 41 35 36 37 38 39 40 34 42 43 44 45 46 47 48 49 1 15 3 4 30 6 7 8 9 10 11 12 
0 4 5 6 7 8 9 10 11 12 13 14 15 16 17 18 27 20 35 22 23 24 25 26 19 28 29 30 31 32 33 34 21 36 37 38 39 40 41 42 43 44 45 46 47 48 49 1 2 3 
0 1 2 3 4 36 6 7 8 9 10 11 12 13 14 15 16 17 18 19 20 21 22 23 24 44 26 27 28 29 30 31 32 33 34 35 5 37 38 39 40 41 42 43 25 45 46 47 48 49 
0 1 2 3 4 5 6 7 8 9 10 11 12 13 14 15 16 17 18 27 20 21 22 23 24 25 26 19 28 29 30 31 32 33 34 35 36 37 38 39 40 41 42 43 44 45 46 47 48 49 
0 9 2 3 4 5 6 7 8 1 10 11 12 13 14 15 16 17 18 19 20 21 22 23 24 36 26 27 28 29 30 31 32 33 34 35 25 37 38 39 40 41 42 43 44 45 46 47 48 49 
0 1 2 3 4 5 6 7 8 20 10 11 12 13 14 15 16 17 18 19 9 21 22 23 24 25 26 27 28 29 30 31 32 33 34 35 36 37 38 39 40 41 42 43 44 45 46 47 48 49 
0 1 15 3 4 30 6 7 8 9 10 11 12 13 14 2 16 17 18 19 20 21 22 23 24 25 26 27 28 29 5 31 32 33 41 35 36 37 38 39 40 34 42 43 44 45 46 47 48 49 
0 1 2 3 46 5 6 7 8 9 4 11 12 13 14 15 16 17 18 19 20 21 22 23 24 25 26 27 28 29 30 31 32 33 34 35 36 37 38 39 40 41 42 43 44 45 10 47 48 49 
0 1 2 3 4 5 6 7 8 9 45 11 12 13 14 15 16 17 18 19 20 21 22 23 24 25 26 27 28 29 30 31 47 33 34 35 36 37 38 39 10 41 42 43 44 32 46 40 48 49 
0 1 2 3 4 5 6 7 8 9 10 11 12 13 14 15 16 17 18 19 20 21 22 23 24 25 26 42 28 29 30 31 32 33 34 35 36 37 38 39 40 41 27 43 44 45 46 47 48 49 
