10.4079
9.1797
8.14953
7.67362
7.67362
6.77261
6.08288
5.87065
5.58124
4.73409
4.61458
4.26401
4.26401
3.83133
3.41933
3.41933
3.09417
3.09417
2.71871
2.71871
2.67107
2.67107
2.67107
2.627
2.48754
2.48754
2.46727
2.46145
2.3265
2.17857
2.15831
2.01754
2.01754
1.95886
1.898
1.76448
1.76448
1.76448
1.76448
1.74945
1.74712
1.74301
1.68691
1.68691
1.62396
1.60612
1.6025
1.56857
1.56857
1.56857
1.55073
1.51225
1.47817
1.47817
1.42455
1.39963
1.39963
1.33314
1.33314
1.33314
1.31143
1.31143
1.30683
1.30683
1.21045
1.21045
1.20811
1.20811
1.20811
1.20811
1.20811
1.17191
1.17191
1.17191
1.17191
1.17191
1.17191
1.17191
1.17191
1.17191
1.17191
1.17145
1.17145
1.17145
1.17145
1.15362
1.15362
1.15362
1.14972
1.14972
1.14972
1.13278
1.0618
1.0618
1.0618
1.0618
1.0618
1.04683
1.04683
1.04683
1.04683
1.04683
1.04683
1.04683
1.04683
1.04683
1.04683
1.04683
1.04683
1.04683
1.04683
1.04683
1.04683
1.04683
1.04683
1.04683
1.04683
1.04683
1.04683
1.04683
1.04683
1.04683
1.04683
1.04683
1.04683
1.04683
1.04683
1.04683
1.04683
1.04683
1.04683
1.04683
1.04683
1.04683
1.04683
1.04683
1.04683
1.0424
1.0424
1.0424
1.0424
1.0424
1.0424
1.0424
1.0424
1.04006
1.04006
1.04006
1.04006
1.04006
1.04006
1.04006
1.04006
1.04006
1.04006
1.04006
1.04006
1.04006
1.04006
1.04006
1.04006
1.04006
1.04006
1.04006
1.04006
1.04006
1.04006
1.04006
1.04006
1.04006
1.04006
1.04006
1.04006
1.04006
1.04006
1.04006
1.04006
1.04006
1.04006
1.04006
1.04006
1.04006
1.03669
1.03669
1.03669
1.03669
1.03669
1.03669
1.03669
1.03669
1.03117
1.03117
1.03117
1.03117
1.03117
1.03117
1.03117
1.03117
1.03117
1.03117
1.03117
1.03117
1.03117
1.03117
1.03117
1.03117
1.03117
1.03117
1.03117
1.03117
1.03117
1.03117
1.03117
1.03117
1.03117
1.03117
1.03117
1.03117
1.03117
1.03117
1.03117
1.03117
1.03117
1.03117
1.03117
1.03117
1.03117
1.03117
1.03117
1.03117
1.03117
1.03117
1.03117
1.03117
1.03117
1.03117
1.03117
1.03117
1.03117
1.03117
1.03117
1.03117
1.03117
1.03117
1.03117
1.03117
1.03117
1.03117
1.03117
1.03117
1.03117
1.03117
1.03117
1.03117
1.03117
1.03117
1.03117
1.03117
1.03117
1.03117
1.03117
1.03117
1.03117
1.03117
1.03117
1.03117
1.03117
1.03117
1.03117
1.03117
1.03117
1.03117
1.03117
1.03117
1.03117
1.03117
1.03117
1.03117
1.03117
1.03117
1.03117
1.03117
1.03117
1.03117
1.03117
1.01754
1.01754
1.01754
1.01754
1.01754
1.01754
1.01754
1.01754
1.01754
1.01754
1.01754
1.01754
1.01754
1.01754
1.01754
1.01754
1.01754
1.01754
1.01754
1.01754
1.01754
1.01754
1.01754
1.01754
1.01754
1.01754
1.01754
1.01754
1.01754
1.01754
1.01754
1.01754
1.01754
1.01754
1.01754
1.01754
1.01754
1.01754
1.01754
1.01754
1.01754
1.01754
1.01754
1.01754
1.01754
1.01754
1.01754
1.01754
1.01754
1.01754
1.01754
1.01754
1.01754
1.01754
1.01754
1.01754
1.01754
1.01754
1.01754
1.01754
1.01754
1.01754
1.01754
1.01754
1.01754
1.01754
1.01754
1.01754
1.01754
1.01754
1.01754
1.01754
1.01754
1.01754
1.01754
1.01754
1.01754
1.01754
1.01754
1.01754
1.01754
1.01754
1.01754
1.01754
1.01754
1.01754
1.01754
1.01754
1.01754
1.01754
1.01754
1.01754
1.01754
1.01754
1.01754
1.01754
1.01754
1.01754
1.01754
1.01754
1.01754
1.01754
1.01754
1.01754
1.01754
1.01754
1.01754
1.01754
1.01754
1.01754
1.01754
1.01754
1.01754
1.01754
1.01754
1.01754
1.01754
1.01754
1.01754
1.01754
1.01754
1.01754
1.01754
1.01754
1.01754
1.01754
1.01754
1.01754
1.01754
1.01754
1.01754
1.01754
1.01754
1.01754
1.01754
1.01754
1.01754
1.01754
1.01754
1.01754
1.01754
1.01754
1.01754
1.01754
1.01754
1.01754
1.01754
1.01754
1.01754
1.01754
1.01754
1.01754
1.01754
1.01754
1.01754
1.01754
1.01754
1.01754
1.01754
1.01754
1.01754
1.01754
1.01754
1.01754
1.01754
1.01754
1.01754
1.01754
1.01754
1.01754
1.01754
1.01754
1.01754
1.01754
1.01754
1.01754
1.01754
1.01754
1.01754
1.01754
1.01754
1.01754
1.01754
1.01754
1.01754
1.01754
1.01754
1.01754
1.01754
1.01754
1.01754
1.01754
1.01754
1.01754
1.01754
1.01754
1.01754
1.01754
1.01754
1.01754
1.01754
1.01754
1.01754
1.01754
1.01754
1.01754
1.01754
1.01754
1.01754
1.01754
1.01754
1.01754
1.01754
1.01754
1.01754
1.01754
1.01754
1.01754
1.01754
1.01754
1.01754
1.01754
1.01754
1.01754
1.01754
1.01754
1.01754
1.01754
1.01754
1.01754
1.01754
1.01754
1.01754
1.01754
1.01754
1.01754
1.01754
1.01754
1.01754
1.01754
1.01754
1.01754
1.01754
1.01754
1.01754
1.01754
1.01754
1.01754
1.01754
1.01754
1.01754
1.01754
1.01754
1.01754
1.01754
1.01754
1.01754
1.01754
1.01754
1.01754
1.01754
1.01754
1.01754
1.01754
1.01754
1.01754
1.01754
1.01754
1.01754
1.01754
1.01754
1.01754
1.01754
1.01754
1.01754
1.01754
1.01754
1.01754
1.01754
1.01754
1.01754
1.01754
1.01754
1.01754
1.01754
1.01754
1.01754
1.01754
1.01754
1.01754
1.01754
1.01754
1.01754
1.01754
1.01754
1.01754
1.01754
1.01754
1.01754
1.01754
1.01754
1.01754
1.01754
1.01754
1.01754
1.01754
1.01754
1.01754
1.01754
1.01754
1.01754
1.01754
1.01754
1.01754
1.01754
1.01754
1.01754
1.01754
1.01754
1.01754
1.01754
1.01754
1.01754
1.01754
1.01754
1.01754
1.01754
1.01754
1.01754
1.01754
1.01754
1.01754
1.01754
1.01754
1.01754
1.01754
1.01754
1.01754
1.01754
1.01754
1.01754
1.01754
1.01754
1.01754
1.01754
1.01754
1.01754
1.01754
1.01754
1.01754
1.01754
1.01754
1.01754
1.01754
1.01754
1.01754
1.01754
1.01754
1.01754
1.01754
1.01754
1.01754
1.01754
1.01754
1.01754
1.01754
1.01754
1.01754
1.01754
1.01754
1.01754
1.01754
1.01754
1.01754
1.01754
1.01754
1.01754
1.01754
1.01754
1.01754
1.01754
1.01754
1.01754
1.01754
1.01754
1.01754
1.01754
1.01754
1.01754
1.01754
1.01754
1.01754
1.01754
1.01754
1.01754
1.01754
1.01754
1.01754
1.01754
1.01754
1.01754
1.01754
1.01754
1.01754
1.01754
1.01754
1.01754
1.01754
1.01754
1.01754
1.01754
1.01754
1.01754
1.01754
1.01754
1.01754
1.01754
1.01754
1.01754
1.01754
1.01754
1.01754
1.01754
1.01754
1.01754
1.01754
1.01754
1.01754
1.01754
1.01754
1.01754
1.01754
1.01754
1.01754
1.01754
1.01754
1.01754
1.01754
1.01754
1.01754
1.01754
1.01754
1.01754
1.01754
1.01754
1.01754
1.01754
1.01754
1.01754
1.01754
1.01754
1.01754
1.01754
1.01754
1.01754
1.01754
1.01754
1.01754
1.01754
1.01754
1.01754
1.01754
1.01754
1.01754
1.01754
1.01754
1.01754
1.01754
1.01754
1.01754
1.01754
1.01754
1.01754
1.01754
1.01754
1.01754
1.01754
1.01754
1.01754
1.01754
1.01754
1.01754
1.01754
1.01754
1.01754
1.01754
1.01754
1.01754
1.01754
1.01754
1.01754
1.01754
1.01754
1.01754
1.01754
1.01754
1.01754
1.01754
1.01754
1.01754
1.01754
1.01754
1.01754
1.01754
1.01754
1.01754
1.01754
1.01754
1.01754
1.01754
1.01754
1.01754
1.01754
1.01754
1.01754
1.01754
1.01754
1.01754
1.01754
1.01754
1.01754
1.01754
1.01754
1.01754
1.01754
1.01754
1.01754
1.01754
1.01754
1.01754
1.01754
1.01754
1.01754
1.01754
1.01754
1.01754
1.01754
1.01754
1.01754
1.01754
1.01754
1.01754
1.01754
1.01754
1.01754
1.01754
1.01754
1.01754
1.01754
1.01754
1.01754
1.01754
1.01754
1.01754
1.01754
1.01754
1.01754
1.01754
1.01754
1.01754
1.01754
1.01754
1.01754
1.01754
1.01754
1.01754
1.01754
1.01754
1.01754
1.01754
1.01754
1.01754
1.01754
1.01754
1.01754
1.01754
1.01754
1.01754
1.01754
1.01754
1.01754
1.01754
1.01754
1.01754
1.01754
1.01754
1.01754
1.01754
1.01754
1.01754
1.01754
1.01754
1.01754
1.01754
1.01754
1.01754
1.01754
1.01754
1.01754
1.01754
1.01754
1.01754
1.01754
1.01754
1.01754
1.01754
1.01754
1.01754
1.01754
1.01754
1.01754
1.01754
1.01754
1.01754
1.01754
1.01754
1.01754
1.01754
1.01754
1.01754
1.01754
1.01754
1.01754
1.01754
1.01754
1.01754
1.01754
1.01754
1.01754
1.01754
1.01754
1.01754
1.01754
1.01754
1.01754
1.01754
1.01754
1.01754
1.01754
1.01754
1.01754
1.01754
1.01754
1.01754
1.01754
1.01754
1.01754
1.01754
1.01754
1.01754
1.01754
1.01754
1.01754
1.01754
1.01754
1.01754
1.01754
1.01754
1.01754
1.01754
1.01754
1.01754
1.01754
1.01754
1.01754
1.01754
1.01754
1.01754
1.01754
1.01754
1.01754
1.01754
1.01754
1.01754
1.01754
1.01754
1.01754
1.01754
1.01754
1.01754
1.01754
1.01754
1.01754
1.01754
1.01754
1.01754
1.01754
1.01754
1.01754
1.01754
1.01754
1.01754
1.01754
1.01754
1.01754
1.01754
1.01754
1.01754
1.01754
1.01754
1.01754
1.01754
1.01754
1.01754
1.01754
1.01754
1.01754
1.01754
1.01754
1.01754
1.01754
1.01754
1.01754
1.01754
1.01754
1.01754
