7.94872
7.90119
7.76633
6.76858
6.59165
6.0147
6.0147
5.54373
5.1478
5.06969
4.78183
4.67203
4.67203
4.5824
4.36664
4.36664
4.2498
4.20585
4.02645
4.02645
3.88514
3.72193
3.65174
3.41837
3.38592
3.38592
3.3037
3.3037
3.107
3.0834
3.06009
3.06009
2.86339
2.86339
2.86339
2.86211
2.86211
2.83979
2.82912
2.82912
2.82912
2.70681
2.68623
2.68623
2.68623
2.67429
2.60825
2.60825
2.46804
2.46804
2.4502
2.4502
2.20032
2.20032
2.13765
2.13765
2.05388
2.05388
2.05388
2.03604
2.03604
2.01375
2.01375
2.01375
1.9133
1.9133
1.9133
1.89833
1.89238
1.89238
1.8438
1.8438
1.8438
1.8438
1.8436
1.8436
1.8436
1.82339
1.82339
1.81182
1.79832
1.79813
1.64957
1.64957
1.64957
1.64711
1.64711
1.60802
1.60802
1.60802
1.56887
1.56887
1.56887
1.54221
1.54221
1.53421
1.53421
1.53421
1.44554
1.37752
1.37752
1.37752
1.37752
1.37752
1.27988
1.27988
1.27988
1.27988
1.27988
1.26856
1.26856
1.26856
1.26856
1.26856
1.26856
1.26856
1.26856
1.26856
1.26681
1.26681
1.26681
1.24221
1.24045
1.24045
1.24045
1.24045
1.24045
1.24045
1.24045
1.24045
1.20961
1.20961
1.20961
1.20961
1.20961
1.20961
1.20961
1.20961
1.20961
1.20961
1.20961
1.20961
1.20961
1.20961
1.20961
1.20961
1.17181
1.17181
1.17181
1.17181
1.17181
1.17181
1.17181
1.17181
1.17181
1.17054
1.17054
1.17054
1.17054
1.17054
1.17054
1.17054
1.17054
1.17054
1.17054
1.17054
1.17054
1.17054
1.17054
1.17054
1.16956
1.16956
1.16956
1.16956
1.16956
1.16956
1.16956
1.16956
1.16956
1.16956
1.16956
1.16956
1.16956
1.16956
1.16956
1.16956
1.16956
1.16956
1.15173
1.15173
1.15173
1.15173
1.15173
1.15173
1.15173
1.15173
1.13295
1.13295
1.13295
1.02328
1.02328
1.02328
1.02328
1.02328
1.02328
1.02328
1.02328
1.02328
1.02328
1.02328
1.02328
1.02328
1.02328
1.02328
1.02328
1.02328
1.02328
1.02328
1.02328
1.02328
1.02328
1.02328
1.02328
1.02328
1.02328
1.02328
1.02328
1.02328
1.02328
1.02328
1.01754
1.01754
1.01754
1.01754
1.01754
1.01754
1.01754
1.01754
1.01754
1.01754
1.01754
1.01754
1.01754
1.01754
1.01754
1.01754
1.01754
1.01754
1.01754
1.01754
1.01754
1.01754
1.01754
1.01754
1.01754
1.01754
1.01754
1.01754
1.01754
1.01754
1.01754
1.01754
1.01754
1.01754
1.01754
1.01754
1.01754
1.01754
1.01754
1.01754
1.01754
1.01754
1.01754
1.01754
1.01754
1.01754
1.01754
1.01754
1.01754
1.01754
1.01754
1.01754
1.01754
1.01754
1.01754
1.01754
1.01754
1.01754
1.01754
1.01754
1.01754
1.01754
1.01754
1.01754
1.01754
1.01754
1.01754
1.01754
1.01754
1.01754
1.01754
1.01754
1.01754
1.01754
1.01754
1.01754
1.01754
1.01754
1.01754
1.01754
1.01754
1.01754
1.01754
1.01754
1.01754
1.01754
1.01754
1.01754
1.01754
1.01754
1.01754
1.01754
1.01754
1.01754
1.01754
1.01754
1.01754
1.01754
1.01754
1.01754
1.01754
1.01754
1.01754
1.01754
1.01754
1.01754
1.01754
1.01754
1.01754
1.01754
1.01754
1.01754
1.01754
1.01754
1.01754
1.01754
1.01754
1.01754
1.01754
1.01754
1.01754
1.01754
1.01754
1.01754
1.01754
1.01754
1.01754
1.01754
1.01754
1.01754
1.01754
1.01754
1.01754
1.01754
1.01754
1.01754
1.01754
1.01754
1.01754
1.01754
1.01754
1.01754
1.01754
1.01754
1.01754
1.01754
1.01754
1.01754
1.01754
1.01754
1.01754
1.01754
1.01754
1.01754
1.01754
1.01754
1.01754
1.01754
1.01754
1.01754
1.01754
1.01754
1.01754
1.01754
1.01754
1.01754
1.01754
1.01754
1.01754
1.01754
1.01754
1.01754
1.01754
1.01754
1.01754
1.01754
1.01754
1.01754
1.01754
1.01754
1.01754
1.01754
1.01754
1.01754
1.01754
1.01754
1.01754
1.01754
1.01754
1.01754
1.01754
1.01754
1.01754
1.01754
1.01754
1.01754
1.01754
1.01754
1.01754
1.01754
1.01754
1.01754
1.01754
1.01754
1.01754
1.01754
1.01754
1.01754
1.01754
1.01754
1.01754
1.01754
1.01754
1.01754
1.01754
1.01754
1.01754
1.01754
1.01754
1.01754
1.01754
1.01754
1.01754
1.01754
1.01754
1.01754
1.01754
1.01754
1.01754
1.01754
1.01754
1.01754
1.01754
1.01754
1.01754
1.01754
1.01754
1.01754
1.01754
1.01754
1.01754
1.01754
1.01754
1.01754
1.01754
1.01754
1.01754
1.01754
1.01754
1.01754
1.01754
1.01754
1.01754
1.01754
1.01754
1.01754
1.01754
1.01754
1.01754
1.01754
1.01754
1.01754
1.01754
1.01754
1.01754
1.01754
1.01754
1.01754
1.01754
1.01754
1.01754
1.01754
1.01754
1.01754
1.01754
1.01754
1.01754
1.01754
1.01754
1.01754
1.01754
1.01754
1.01754
1.01754
1.01754
1.01754
1.01754
1.01754
1.01754
1.01754
1.01754
1.01754
1.01754
1.01754
1.01754
1.01754
1.01754
1.01754
1.01754
1.01754
1.01754
1.01754
1.01754
1.01754
1.01754
1.01754
1.01754
1.01754
1.01754
1.01754
1.01754
1.01754
1.01754
1.01754
1.01754
1.01754
1.01754
1.01754
1.01754
1.01754
1.01754
1.01754
1.01754
1.01754
1.01754
1.01754
1.01754
1.01754
1.01754
1.01754
1.01754
1.01754
1.01754
1.01754
1.01754
1.01754
1.01754
1.01754
1.01754
1.01754
1.01754
1.01754
1.01754
1.01754
1.01754
1.01754
1.01754
1.01754
1.01754
1.01754
1.01754
1.01754
1.01754
1.01754
1.01754
1.01754
1.01754
1.01754
1.01754
1.01754
1.01754
1.01754
1.01754
1.01754
1.01754
1.01754
1.01754
1.01754
1.01754
1.01754
1.01754
1.01754
1.01754
1.01754
1.01754
1.01754
1.01754
1.01754
1.01754
1.01754
1.01754
1.01754
1.01754
1.01754
1.01754
1.01754
1.01754
1.01754
1.01754
1.01754
1.01754
1.01754
1.01754
1.01754
1.01754
1.01754
1.01754
1.01754
1.01754
1.01754
1.01754
1.01754
1.01754
1.01754
1.01754
1.01754
1.01754
1.01754
1.01754
1.01754
1.01754
1.01754
1.01754
1.01754
1.01754
1.01754
1.01754
1.01754
1.01754
1.01754
1.01754
1.01754
1.01754
1.01754
1.01754
1.01754
1.01754
1.01754
1.01754
1.01754
1.01754
1.01754
1.01754
1.01754
1.01754
1.01754
1.01754
1.01754
1.01754
1.01754
1.01754
1.01754
1.01754
1.01754
1.01754
1.01754
1.01754
1.01754
1.01754
1.01754
1.01754
1.01754
1.01754
1.01754
1.01754
1.01754
1.01754
1.01754
1.01754
1.01754
1.01754
1.01754
1.01754
1.01754
1.01754
1.01754
1.01754
1.01754
1.01754
1.01754
1.01754
1.01754
1.01754
1.01754
1.01754
1.01754
1.01754
1.01754
1.01754
1.01754
1.01754
1.01754
1.01754
1.01754
1.01754
1.01754
1.01754
1.01754
1.01754
1.01754
1.01754
1.01754
1.01754
1.01754
1.01754
1.01754
1.01754
1.01754
1.01754
1.01754
1.01754
1.01754
1.01754
1.01754
1.01754
1.01754
1.01754
1.01754
1.01754
1.01754
1.01754
1.01754
1.01754
1.01754
1.01754
1.01754
1.01754
1.01754
1.01754
1.01754
1.01754
1.01754
1.01754
1.01754
1.01754
1.01754
1.01754
1.01754
1.01754
1.01754
1.01754
1.01754
1.01754
1.01754
1.01754
1.01754
1.01754
1.01754
1.01754
1.01754
1.01754
1.01754
1.01754
1.01754
1.01754
1.01754
1.01754
1.01754
1.01754
1.01754
1.01754
1.01754
1.01754
1.01754
1.01754
1.01754
1.01754
1.01754
1.01754
1.01754
1.01754
1.01754
1.01754
1.01754
1.01754
1.01754
1.01754
1.01754
1.01754
1.01754
1.01754
1.01754
1.01754
1.01754
1.01754
1.01754
1.01754
1.01754
1.01754
1.01754
1.01754
1.01754
1.01754
1.01754
1.01754
1.01754
1.01754
1.01754
1.01754
1.01754
1.01754
1.01754
1.01754
1.01754
1.01754
1.01754
1.01754
1.01754
1.01754
1.01754
1.01754
1.01754
1.01754
1.01754
1.01754
1.01754
1.01754
1.01754
1.01754
1.01754
1.01754
1.01754
1.01754
1.01754
1.01754
1.01754
1.01754
1.01754
1.01754
1.01754
1.01754
1.01754
1.01754
1.01754
1.01754
1.01754
1.01754
1.01754
1.01754
1.01754
1.01754
1.01754
1.01754
1.01754
1.01754
1.01754
1.01754
1.01754
1.01754
1.01754
1.01754
1.01754
1.01754
1.01754
1.01754
1.01754
1.01754
1.01754
1.01754
1.01754
1.01754
1.01754
1.01754
1.01754
1.01754
1.01754
1.01754
1.01754
1.01754
1.01754
1.01754
1.01754
1.01754
1.01754
1.01754
1.01754
1.01754
1.01754
1.01754
1.01754
1.01754
1.01754
1.01754
1.01754
1.01754
1.01754
1.01754
1.01754
1.01754
1.01754
1.01754
1.01754
1.01754
1.01754
1.01754
1.01754
1.01754
1.01754
1.01754
1.01754
1.01754
1.01754
1.01754
1.01754
1.01754
1.01754
1.01754
1.01754
1.01754
1.01754
1.01754
1.01754
1.01754
1.01754
1.01754
1.01754
1.01754
1.01754
1.01754
1.01754
1.01754
1.01754
1.01754
1.01754
1.01754
1.01754
1.01754
1.01754
1.01754
1.01754
1.01754
1.01754
1.01754
1.01754
1.01754
1.01754
1.01754
1.01754
1.01754
1.01754
1.01754
1.01754
1.01754
1.01754
1.01754
1.01754
1.01754
1.01754
1.01754
1.01754
1.01754
1.01754
1.01754
1.01754
1.01754
1.01754
1.01754
1.01754
1.01754
1.01754
1.01754
1.01754
1.01754
1.01754
1.01754
1.01754
1.01754
1.01754
1.01754
1.01754
1.01754
1.01754
1.01754
1.01754
1.01754
1.01754
1.01754
1.01754
1.01754
1.01754
