9.1797
8.14953
7.67362
7.67362
6.77261
6.08288
5.87065
5.58124
4.73409
4.61457
4.264
4.264
3.83133
3.41933
3.41933
3.09417
3.09417
2.7187
2.7187
2.67107
2.67107
2.67107
2.627
2.48754
2.48754
2.39374
2.39374
2.32372
2.17857
2.17857
2.10855
2.10855
2.08951
2.08951
2.00428
1.98523
1.98523
1.94842
1.94842
1.8961
1.8961
1.87887
1.87887
1.87887
1.86411
1.86411
1.86411
1.86411
1.82871
1.82871
1.82382
1.81395
1.81395
1.67658
1.67658
1.67658
1.61637
1.61637
1.61637
1.61637
1.61637
1.61637
1.61637
1.58991
1.58017
1.58017
1.58017
1.56706
1.56706
1.56706
1.56706
1.51483
1.47075
1.42584
1.42584
1.42584
1.33569
1.33569
1.30979
1.30979
1.30611
1.28602
1.24046
1.24046
1.23678
1.22036
1.21668
1.21668
1.21668
1.21668
1.21668
1.21668
1.21668
1.21668
1.21668
1.21668
1.19478
1.19478
1.19478
1.19478
1.15698
1.15698
1.15698
1.1238
1.1238
1.086
1.086
1.06233
1.06233
1.06233
1.06135
1.06135
1.06135
1.04351
1.04351
1.04351
1.04176
1.04011
1.04011
1.04011
1.03245
1.03117
1.03117
1.03117
1.03117
1.03117
1.03117
1.03117
1.03117
1.03117
1.03117
1.03117
1.03117
1.03117
1.03117
1.03117
1.03117
1.03117
1.03117
1.03117
1.03117
1.03117
1.03117
1.03117
1.03117
1.03117
1.03117
1.03117
1.03117
1.03117
1.03117
1.03117
1.01754
1.01754
1.01754
1.01754
1.01754
1.01754
1.01754
1.01754
1.01754
1.01754
1.01754
1.01754
1.01754
1.01754
1.01754
1.01754
1.01754
1.01754
1.01754
1.01754
1.01754
1.01754
1.01754
1.01754
1.01754
1.01754
1.01754
1.01754
1.01754
1.01754
1.01754
1.01754
1.01754
1.01754
1.01754
1.01754
1.01754
1.01754
1.01754
1.01754
1.01754
1.01754
1.01754
1.01754
1.01754
1.01754
1.01754
1.01754
1.01754
1.01754
1.01754
1.01754
1.01754
1.01754
1.01754
1.01754
1.01754
1.01754
1.01754
1.01754
1.01754
1.01754
1.01754
1.01754
1.01754
1.01754
1.01754
1.01754
1.01754
1.01754
1.01754
1.01754
1.01754
1.01754
1.01754
1.01754
1.01754
1.01754
1.01754
1.01754
1.01754
1.01754
1.01754
1.01754
1.01754
1.01754
1.01754
1.01754
1.01754
1.01754
1.01754
1.01754
1.01754
1.01754
1.01754
1.01754
1.01754
1.01754
1.01754
1.01754
1.01754
1.01754
1.01754
1.01754
1.01754
1.01754
1.01754
1.01754
1.01754
1.01754
1.01754
1.01754
1.01754
1.01754
1.01754
1.01754
1.01754
1.01754
1.01754
1.01754
1.01754
1.01754
1.01754
1.01754
1.01754
1.01754
1.01754
1.01754
1.01754
1.01754
1.01754
1.01754
1.01754
1.01754
1.01754
1.01754
1.01754
1.01754
1.01754
1.01754
1.01754
1.01754
1.01754
1.01754
1.01754
1.01754
1.01754
1.01754
1.01754
1.01754
1.01754
1.01754
1.01754
1.01754
1.01754
1.01754
1.01754
1.01754
1.01754
1.01754
1.01754
1.01754
1.01754
1.01754
1.01754
1.01754
1.01754
1.01754
1.01754
1.01754
1.01754
1.01754
1.01754
1.01754
1.01754
1.01754
1.01754
1.01754
1.01754
1.01754
1.01754
1.01754
1.01754
1.01754
1.01754
1.01754
1.01754
1.01754
1.01754
1.01754
1.01754
1.01754
1.01754
1.01754
1.01754
1.01754
1.01754
1.01754
1.01754
1.01754
1.01754
1.01754
1.01754
1.01754
1.01754
1.01754
1.01754
1.01754
1.01754
1.01754
1.01754
1.01754
1.01754
1.01754
1.01754
1.01754
1.01754
1.01754
1.01754
1.01754
1.01754
1.01754
1.01754
1.01754
1.01754
1.01754
1.01754
1.01754
1.01754
1.01754
1.01754
1.01754
1.01754
1.01754
1.01754
1.01754
1.01754
1.01754
1.01754
1.01754
1.01754
1.01754
1.01754
1.01754
1.01754
1.01754
1.01754
1.01754
1.01754
1.01754
1.01754
1.01754
1.01754
1.01754
1.01754
1.01754
1.01754
1.01754
1.01754
1.01754
1.01754
1.01754
1.01754
1.01754
1.01754
1.01754
1.01754
1.01754
1.01754
1.01754
1.01754
1.01754
1.01754
1.01754
1.01754
1.01754
1.01754
1.01754
1.01754
1.01754
1.01754
1.01754
1.01754
1.01754
1.01754
1.01754
1.01754
1.01754
1.01754
1.01754
1.01754
1.01754
1.01754
1.01754
1.01754
1.01754
1.01754
1.01754
1.01754
1.01754
1.01754
1.01754
1.01754
1.01754
1.01754
1.01754
1.01754
1.01754
1.01754
1.01754
1.01754
1.01754
1.01754
1.01754
1.01754
1.01754
1.01754
1.01754
1.01754
1.01754
1.01754
1.01754
1.01754
1.01754
1.01754
1.01754
1.01754
1.01754
1.01754
1.01754
1.01754
1.01754
1.01754
1.01754
1.01754
1.01754
1.01754
1.01754
1.01754
1.01754
1.01754
1.01754
1.01754
1.01754
1.01754
1.01754
1.01754
1.01754
1.01754
1.01754
1.01754
1.01754
1.01754
1.01754
1.01754
1.01754
1.01754
1.01754
1.01754
1.01754
1.01754
1.01754
1.01754
1.01754
1.01754
1.01754
1.01754
1.01754
1.01754
1.01754
1.01754
1.01754
1.01754
1.01754
1.01754
1.01754
1.01754
1.01754
1.01754
1.01754
1.01754
1.01754
1.01754
1.01754
1.01754
1.01754
1.01754
1.01754
1.01754
1.01754
1.01754
1.01754
1.01754
1.01754
1.01754
1.01754
1.01754
1.01754
1.01754
1.01754
1.01754
1.01754
1.01754
1.01754
1.01754
1.01754
1.01754
1.01754
1.01754
1.01754
1.01754
1.01754
1.01754
1.01754
1.01754
1.01754
1.01754
1.01754
1.01754
1.01754
1.01754
1.01754
1.01754
1.01754
1.01754
1.01754
1.01754
1.01754
1.01754
1.01754
1.01754
1.01754
1.01754
1.01754
1.01754
1.01754
1.01754
1.01754
1.01754
1.01754
1.01754
1.01754
1.01754
1.01754
1.01754
1.01754
1.01754
1.01754
1.01754
1.01754
1.01754
1.01754
1.01754
1.01754
1.01754
1.01754
1.01754
1.01754
1.01754
1.01754
1.01754
1.01754
1.01754
1.01754
1.01754
1.01754
1.01754
1.01754
1.01754
1.01754
1.01754
1.01754
1.01754
1.01754
1.01754
1.01754
1.01754
1.01754
1.01754
1.01754
1.01754
1.01754
1.01754
1.01754
1.01754
1.01754
1.01754
1.01754
1.01754
1.01754
1.01754
1.01754
1.01754
1.01754
1.01754
1.01754
1.01754
1.01754
1.01754
1.01754
1.01754
1.01754
1.01754
1.01754
1.01754
1.01754
1.01754
1.01754
1.01754
1.01754
1.01754
1.01754
1.01754
1.01754
1.01754
1.01754
1.01754
1.01754
1.01754
1.01754
1.01754
1.01754
1.01754
1.01754
1.01754
1.01754
1.01754
1.01754
1.01754
1.01754
1.01754
1.01754
1.01754
1.01754
1.01754
1.01754
1.01754
1.01754
1.01754
1.01754
1.01754
1.01754
1.01754
1.01754
1.01754
1.01754
1.01754
1.01754
1.01754
1.01754
1.01754
1.01754
1.01754
1.01754
1.01754
1.01754
1.01754
1.01754
1.01754
1.01754
1.01754
1.01754
1.01754
1.01754
1.01754
1.01754
1.01754
1.01754
1.01754
1.01754
1.01754
1.01754
1.01754
1.01754
1.01754
1.01754
1.01754
1.01754
1.01754
1.01754
1.01754
1.01754
1.01754
1.01754
1.01754
1.01754
1.01754
1.01754
1.01754
1.01754
1.01754
1.01754
1.01754
1.01754
1.01754
1.01754
1.01754
1.01754
1.01754
1.01754
1.01754
1.01754
1.01754
1.01754
1.01754
1.01754
1.01754
1.01754
1.01754
1.01754
1.01754
1.01754
1.01754
1.01754
1.01754
1.01754
1.01754
1.01754
1.01754
1.01754
1.01754
1.01754
1.01754
1.01754
1.01754
1.01754
1.01754
1.01754
1.01754
1.01754
1.01754
1.01754
1.01754
1.01754
1.01754
1.01754
1.01754
1.01754
1.01754
1.01754
1.01754
1.01754
1.01754
1.01754
1.01754
1.01754
1.01754
1.01754
1.01754
1.01754
1.01754
1.01754
1.01754
1.01754
1.01754
1.01754
1.01754
1.01754
1.01754
1.01754
1.01754
1.01754
1.01754
1.01754
1.01754
1.01754
1.01754
1.01754
1.01754
1.01754
1.01754
1.01754
1.01754
1.01754
1.01754
1.01754
1.01754
1.01754
1.01754
1.01754
1.01754
1.01754
1.01754
1.01754
1.01754
1.01754
1.01754
1.01754
1.01754
1.01754
1.01754
1.01754
1.01754
1.01754
1.01754
1.01754
1.01754
1.01754
1.01754
1.01754
1.01754
1.01754
1.01754
1.01754
1.01754
1.01754
1.01754
1.01754
1.01754
1.01754
1.01754
1.01754
1.01754
1.01754
1.01754
1.01754
1.01754
1.01754
1.01754
1.01754
1.01754
1.01754
1.01754
1.01754
1.01754
1.01754
1.01754
1.01754
1.01754
1.01754
1.01754
1.01754
1.01754
1.01754
1.01754
1.01754
1.01754
1.01754
1.01754
1.01754
1.01754
1.01754
1.01754
1.01754
1.01754
1.01754
1.01754
1.01754
1.01754
1.01754
1.01754
1.01754
1.01754
1.01754
1.01754
1.01754
1.01754
1.01754
1.01754
1.01754
1.01754
1.01754
1.01754
1.01754
1.01754
1.01754
1.01754
1.01754
1.01754
1.01754
1.01754
1.01754
1.01754
1.01754
1.01754
1.01754
1.01754
1.01754
1.01754
1.01754
1.01754
1.01754
1.01754
1.01754
1.01754
1.01754
1.01754
1.01754
1.01754
1.01754
1.01754
1.01754
1.01754
1.01754
1.01754
1.01754
1.01754
1.01754
1.01754
1.01754
1.01754
1.01754
1.01754
1.01754
1.01754
1.01754
1.01754
1.01754
1.01754
1.01754
1.01754
1.01754
1.01754
1.01754
1.01754
1.01754
1.01754
1.01754
1.01754
1.01754
1.01754
1.01754
1.01754
1.01754
1.01754
1.01754
1.01754
1.01754
1.01754
1.01754
1.01754
1.01754
1.01754
1.01754
1.01754
1.01754
1.01754
1.01754
1.01754
1.01754
1.01754
1.01754
1.01754
1.01754
1.01754
1.01754
1.01754
1.01754
