9.21839
8.26777
8.26777
7.60743
7.43721
6.70133
6.70133
6.70133
5.99587
5.99587
5.93796
5.59665
5.57373
5.35163
5.25392
5.19163
4.78693
4.78693
4.77662
4.58204
4.41024
4.31373
4.17711
4.15083
4.01422
3.82456
3.69559
3.69559
3.42103
3.42103
3.37636
3.37636
3.13089
3.13089
3.13089
3.02252
3.02252
3.02252
2.83821
2.83821
2.83821
2.78062
2.78062
2.68844
2.68844
2.68844
2.42413
2.34099
2.34099
1.81395
1.81395
1.81395
1.80933
1.80933
1.80933
1.74666
1.71137
1.63335
1.62873
1.62873
1.5907
1.5907
1.57986
1.57986
1.57986
1.57938
1.48885
1.48885
1.44944
1.41324
1.41324
1.41324
1.41098
1.41098
1.40864
1.40864
1.40864
1.40864
1.40765
1.40765
1.40765
1.40765
1.40765
1.40531
1.40531
1.40531
1.40531
1.40531
1.40531
1.40531
1.40531
1.40531
1.40531
1.40531
1.40531
1.40531
1.40531
1.40531
1.37752
1.37752
1.37752
1.37577
1.33973
1.24309
1.24309
1.20529
1.20529
1.20529
1.20529
1.20529
1.20529
1.20529
1.20529
1.20529
1.20529
1.20529
1.19744
1.19744
1.19744
1.19744
1.19581
1.17154
1.17154
1.16182
1.16182
1.09817
1.0739
1.0739
1.07339
1.07339
1.06366
1.06366
1.06366
1.06366
1.06366
1.06366
1.06366
1.06366
1.06366
1.06366
1.06366
1.06366
1.06366
1.06366
1.06366
1.06366
1.06366
1.06366
1.05998
1.03117
1.03117
1.03117
1.03117
1.03117
1.03117
1.03117
1.03117
1.03117
1.03117
1.03117
1.03117
1.03117
1.03117
1.03117
1.03117
1.03117
1.03117
1.03117
1.03117
1.03117
1.01754
1.01754
1.01754
1.01754
1.01754
1.01754
1.01754
1.01754
1.01754
1.01754
1.01754
1.01754
1.01754
1.01754
1.01754
1.01754
1.01754
1.01754
1.01754
1.01754
1.01754
1.01754
1.01754
1.01754
1.01754
1.01754
1.01754
1.01754
1.01754
1.01754
1.01754
1.01754
1.01754
1.01754
1.01754
1.01754
1.01754
1.01754
1.01754
1.01754
1.01754
1.01754
1.01754
1.01754
1.01754
1.01754
1.01754
1.01754
1.01754
1.01754
1.01754
1.01754
1.01754
1.01754
1.01754
1.01754
1.01754
1.01754
1.01754
1.01754
1.01754
1.01754
1.01754
1.01754
1.01754
1.01754
1.01754
1.01754
1.01754
1.01754
1.01754
1.01754
1.01754
1.01754
1.01754
1.01754
1.01754
1.01754
1.01754
1.01754
1.01754
1.01754
1.01754
1.01754
1.01754
1.01754
1.01754
1.01754
1.01754
1.01754
1.01754
1.01754
1.01754
1.01754
1.01754
1.01754
1.01754
1.01754
1.01754
1.01754
1.01754
1.01754
1.01754
1.01754
1.01754
1.01754
1.01754
1.01754
1.01754
1.01754
1.01754
1.01754
1.01754
1.01754
1.01754
1.01754
1.01754
1.01754
1.01754
1.01754
1.01754
1.01754
1.01754
1.01754
1.01754
1.01754
1.01754
1.01754
1.01754
1.01754
1.01754
1.01754
1.01754
1.01754
1.01754
1.01754
1.01754
1.01754
1.01754
1.01754
1.01754
1.01754
1.01754
1.01754
1.01754
1.01754
1.01754
1.01754
1.01754
1.01754
1.01754
1.01754
1.01754
1.01754
1.01754
1.01754
1.01754
1.01754
1.01754
1.01754
1.01754
1.01754
1.01754
1.01754
1.01754
1.01754
1.01754
1.01754
1.01754
1.01754
1.01754
1.01754
1.01754
1.01754
1.01754
1.01754
1.01754
1.01754
1.01754
1.01754
1.01754
1.01754
1.01754
1.01754
1.01754
1.01754
1.01754
1.01754
1.01754
1.01754
1.01754
1.01754
1.01754
1.01754
1.01754
1.01754
1.01754
1.01754
1.01754
1.01754
1.01754
1.01754
1.01754
1.01754
1.01754
1.01754
1.01754
1.01754
1.01754
1.01754
1.01754
1.01754
1.01754
1.01754
1.01754
1.01754
1.01754
1.01754
1.01754
1.01754
1.01754
1.01754
1.01754
1.01754
1.01754
1.01754
1.01754
1.01754
1.01754
1.01754
1.01754
1.01754
1.01754
1.01754
1.01754
1.01754
1.01754
1.01754
1.01754
1.01754
1.01754
1.01754
1.01754
1.01754
1.01754
1.01754
1.01754
1.01754
1.01754
1.01754
1.01754
1.01754
1.01754
1.01754
1.01754
1.01754
1.01754
1.01754
1.01754
1.01754
1.01754
1.01754
1.01754
1.01754
1.01754
1.01754
1.01754
1.01754
1.01754
1.01754
1.01754
1.01754
1.01754
1.01754
1.01754
1.01754
1.01754
1.01754
1.01754
1.01754
1.01754
1.01754
1.01754
1.01754
1.01754
1.01754
1.01754
1.01754
1.01754
1.01754
1.01754
1.01754
1.01754
1.01754
1.01754
1.01754
1.01754
1.01754
1.01754
1.01754
1.01754
1.01754
1.01754
1.01754
1.01754
1.01754
1.01754
1.01754
1.01754
1.01754
1.01754
1.01754
1.01754
1.01754
1.01754
1.01754
1.01754
1.01754
1.01754
1.01754
1.01754
1.01754
1.01754
1.01754
1.01754
1.01754
1.01754
1.01754
1.01754
1.01754
1.01754
1.01754
1.01754
1.01754
1.01754
1.01754
1.01754
1.01754
1.01754
1.01754
1.01754
1.01754
1.01754
1.01754
1.01754
1.01754
1.01754
1.01754
1.01754
1.01754
1.01754
1.01754
1.01754
1.01754
1.01754
1.01754
1.01754
1.01754
1.01754
1.01754
1.01754
1.01754
1.01754
1.01754
1.01754
1.01754
1.01754
1.01754
1.01754
1.01754
1.01754
1.01754
1.01754
1.01754
1.01754
1.01754
1.01754
1.01754
1.01754
1.01754
1.01754
1.01754
1.01754
1.01754
1.01754
1.01754
1.01754
1.01754
1.01754
1.01754
1.01754
1.01754
1.01754
1.01754
1.01754
1.01754
1.01754
1.01754
1.01754
1.01754
1.01754
1.01754
1.01754
1.01754
1.01754
1.01754
1.01754
1.01754
1.01754
1.01754
1.01754
1.01754
1.01754
1.01754
1.01754
1.01754
1.01754
1.01754
1.01754
1.01754
1.01754
1.01754
1.01754
1.01754
1.01754
1.01754
1.01754
1.01754
1.01754
1.01754
1.01754
1.01754
1.01754
1.01754
1.01754
1.01754
1.01754
1.01754
1.01754
1.01754
1.01754
1.01754
1.01754
1.01754
1.01754
1.01754
1.01754
1.01754
1.01754
1.01754
1.01754
1.01754
1.01754
1.01754
1.01754
1.01754
1.01754
1.01754
1.01754
1.01754
1.01754
1.01754
1.01754
1.01754
1.01754
1.01754
1.01754
1.01754
1.01754
1.01754
1.01754
1.01754
1.01754
1.01754
1.01754
1.01754
1.01754
1.01754
1.01754
1.01754
1.01754
1.01754
1.01754
1.01754
1.01754
1.01754
1.01754
1.01754
1.01754
1.01754
1.01754
1.01754
1.01754
1.01754
1.01754
1.01754
1.01754
1.01754
1.01754
1.01754
1.01754
1.01754
1.01754
1.01754
1.01754
1.01754
1.01754
1.01754
1.01754
1.01754
1.01754
1.01754
1.01754
1.01754
1.01754
1.01754
1.01754
1.01754
1.01754
1.01754
1.01754
1.01754
1.01754
1.01754
1.01754
1.01754
1.01754
1.01754
1.01754
1.01754
1.01754
1.01754
1.01754
1.01754
1.01754
1.01754
1.01754
1.01754
1.01754
1.01754
1.01754
1.01754
1.01754
1.01754
1.01754
1.01754
1.01754
1.01754
1.01754
1.01754
1.01754
1.01754
1.01754
1.01754
1.01754
1.01754
1.01754
1.01754
1.01754
1.01754
1.01754
1.01754
1.01754
1.01754
1.01754
1.01754
1.01754
1.01754
1.01754
1.01754
1.01754
1.01754
1.01754
1.01754
1.01754
1.01754
1.01754
1.01754
1.01754
1.01754
1.01754
1.01754
1.01754
1.01754
1.01754
1.01754
1.01754
1.01754
1.01754
1.01754
1.01754
1.01754
1.01754
1.01754
1.01754
1.01754
1.01754
1.01754
1.01754
1.01754
1.01754
1.01754
1.01754
1.01754
1.01754
1.01754
1.01754
1.01754
1.01754
1.01754
1.01754
1.01754
1.01754
1.01754
1.01754
1.01754
1.01754
1.01754
1.01754
1.01754
1.01754
1.01754
1.01754
1.01754
1.01754
1.01754
1.01754
1.01754
1.01754
1.01754
1.01754
1.01754
1.01754
1.01754
1.01754
1.01754
1.01754
1.01754
1.01754
1.01754
1.01754
1.01754
1.01754
1.01754
1.01754
1.01754
1.01754
1.01754
1.01754
1.01754
1.01754
1.01754
1.01754
1.01754
1.01754
1.01754
1.01754
1.01754
1.01754
1.01754
1.01754
1.01754
1.01754
1.01754
1.01754
1.01754
1.01754
1.01754
1.01754
1.01754
1.01754
1.01754
1.01754
1.01754
1.01754
1.01754
1.01754
1.01754
1.01754
1.01754
1.01754
1.01754
1.01754
1.01754
1.01754
1.01754
1.01754
1.01754
1.01754
1.01754
1.01754
1.01754
1.01754
1.01754
1.01754
1.01754
1.01754
1.01754
1.01754
1.01754
1.01754
1.01754
1.01754
1.01754
1.01754
1.01754
1.01754
1.01754
1.01754
1.01754
1.01754
1.01754
1.01754
1.01754
1.01754
1.01754
1.01754
1.01754
1.01754
1.01754
1.01754
1.01754
1.01754
1.01754
1.01754
1.01754
1.01754
1.01754
1.01754
1.01754
1.01754
1.01754
1.01754
1.01754
1.01754
1.01754
1.01754
1.01754
1.01754
1.01754
1.01754
1.01754
1.01754
1.01754
1.01754
1.01754
1.01754
1.01754
1.01754
1.01754
1.01754
1.01754
1.01754
1.01754
1.01754
1.01754
1.01754
1.01754
1.01754
1.01754
1.01754
1.01754
1.01754
1.01754
1.01754
1.01754
1.01754
1.01754
1.01754
1.01754
1.01754
1.01754
1.01754
1.01754
1.01754
1.01754
1.01754
1.01754
1.01754
1.01754
1.01754
1.01754
1.01754
1.01754
1.01754
1.01754
1.01754
1.01754
1.01754
1.01754
1.01754
1.01754
1.01754
1.01754
1.01754
1.01754
1.01754
1.01754
1.01754
1.01754
1.01754
1.01754
1.01754
1.01754
1.01754
1.01754
1.01754
1.01754
1.01754
1.01754
1.01754
1.01754
1.01754
1.01754
1.01754
1.01754
1.01754
1.01754
1.01754
1.01754
1.01754
1.01754
1.01754
1.01754
1.01754
1.01754
1.01754
1.01754
1.01754
1.01754
