8.87492
8.31427
7.88333
6.98971
5.9261
5.9261
5.06703
4.63265
4.49079
4.3097
4.21927
4.01249
4.01249
4.01249
3.98149
3.78728
3.61448
3.53002
3.49661
3.48921
3.28472
3.28472
3.13447
3.07005
3.00884
3.00884
3.00884
3.00884
2.61184
2.61184
2.61184
2.60671
2.60605
2.4894
2.48279
2.48279
2.3668
2.3668
2.3668
2.31541
2.31541
2.29336
2.29336
2.27253
2.12705
2.12705
2.09085
2.09085
2.09085
2.06593
2.06593
2.03979
2.03979
2.03979
1.92437
1.92437
1.92437
1.84002
1.84002
1.84002
1.84002
1.79149
1.75129
1.75129
1.75129
1.73047
1.62787
1.62787
1.62787
1.62787
1.60789
1.60789
1.60789
1.57718
1.57718
1.57718
1.57718
1.55635
1.55635
1.55635
1.55635
1.55635
1.55635
1.50148
1.47191
1.45732
1.45732
1.45732
1.45732
1.45252
1.45252
1.45252
1.45252
1.45252
1.45252
1.45252
1.45252
1.41821
1.41821
1.41821
1.41821
1.41821
1.41821
1.41821
1.41618
1.41618
1.41618
1.41618
1.41618
1.41572
1.41572
1.41572
1.41572
1.41572
1.36425
1.36425
1.36425
1.36425
1.36425
1.36425
1.36425
1.36425
1.36425
1.35562
1.35562
1.35562
1.35562
1.34971
1.34971
1.34971
1.34971
1.34971
1.34971
1.34971
1.34971
1.34971
1.34971
1.34971
1.34971
1.34971
1.34971
1.34971
1.34144
1.33919
1.33919
1.33919
1.33919
1.33902
1.33902
1.33902
1.33668
1.33668
1.31331
1.31331
1.31331
1.31331
1.31331
1.31331
1.31331
1.31331
1.31331
1.31331
1.31331
1.31331
1.31331
1.31331
1.31331
1.31331
1.31331
1.31331
1.31331
1.31331
1.31331
1.31331
1.31331
1.31331
1.31331
1.31331
1.31331
1.31331
1.31331
1.31331
1.31331
1.31331
1.31331
1.31331
1.31331
1.31331
1.31331
1.31331
1.31331
1.31331
1.31331
1.31331
1.31331
1.31331
1.31331
1.31331
1.31331
1.01754
1.01754
1.01754
1.01754
1.01754
1.01754
1.01754
1.01754
1.01754
1.01754
1.01754
1.01754
1.01754
1.01754
1.01754
1.01754
1.01754
1.01754
1.01754
1.01754
1.01754
1.01754
1.01754
1.01754
1.01754
1.01754
1.01754
1.01754
1.01754
1.01754
1.01754
1.01754
1.01754
1.01754
1.01754
1.01754
1.01754
1.01754
1.01754
1.01754
1.01754
1.01754
1.01754
1.01754
1.01754
1.01754
1.01754
1.01754
1.01754
1.01754
1.01754
1.01754
1.01754
1.01754
1.01754
1.01754
1.01754
1.01754
1.01754
1.01754
1.01754
1.01754
1.01754
1.01754
1.01754
1.01754
1.01754
1.01754
1.01754
1.01754
1.01754
1.01754
1.01754
1.01754
1.01754
1.01754
1.01754
1.01754
1.01754
1.01754
1.01754
1.01754
1.01754
1.01754
1.01754
1.01754
1.01754
1.01754
1.01754
1.01754
1.01754
1.01754
1.01754
1.01754
1.01754
1.01754
1.01754
1.01754
1.01754
1.01754
1.01754
1.01754
1.01754
1.01754
1.01754
1.01754
1.01754
1.01754
1.01754
1.01754
1.01754
1.01754
1.01754
1.01754
1.01754
1.01754
1.01754
1.01754
1.01754
1.01754
1.01754
1.01754
1.01754
1.01754
1.01754
1.01754
1.01754
1.01754
1.01754
1.01754
1.01754
1.01754
1.01754
1.01754
1.01754
1.01754
1.01754
1.01754
1.01754
1.01754
1.01754
1.01754
1.01754
1.01754
1.01754
1.01754
1.01754
1.01754
1.01754
1.01754
1.01754
1.01754
1.01754
1.01754
1.01754
1.01754
1.01754
1.01754
1.01754
1.01754
1.01754
1.01754
1.01754
1.01754
1.01754
1.01754
1.01754
1.01754
1.01754
1.01754
1.01754
1.01754
1.01754
1.01754
1.01754
1.01754
1.01754
1.01754
1.01754
1.01754
1.01754
1.01754
1.01754
1.01754
1.01754
1.01754
1.01754
1.01754
1.01754
1.01754
1.01754
1.01754
1.01754
1.01754
1.01754
1.01754
1.01754
1.01754
1.01754
1.01754
1.01754
1.01754
1.01754
1.01754
1.01754
1.01754
1.01754
1.01754
1.01754
1.01754
1.01754
1.01754
1.01754
1.01754
1.01754
1.01754
1.01754
1.01754
1.01754
1.01754
1.01754
1.01754
1.01754
1.01754
1.01754
1.01754
1.01754
1.01754
1.01754
1.01754
1.01754
1.01754
1.01754
1.01754
1.01754
1.01754
1.01754
1.01754
1.01754
1.01754
1.01754
1.01754
1.01754
1.01754
1.01754
1.01754
1.01754
1.01754
1.01754
1.01754
1.01754
1.01754
1.01754
1.01754
1.01754
1.01754
1.01754
1.01754
1.01754
1.01754
1.01754
1.01754
1.01754
1.01754
1.01754
1.01754
1.01754
1.01754
1.01754
1.01754
1.01754
1.01754
1.01754
1.01754
1.01754
1.01754
1.01754
1.01754
1.01754
1.01754
1.01754
1.01754
1.01754
1.01754
1.01754
1.01754
1.01754
1.01754
1.01754
1.01754
1.01754
1.01754
1.01754
1.01754
1.01754
1.01754
1.01754
1.01754
1.01754
1.01754
1.01754
1.01754
1.01754
1.01754
1.01754
1.01754
1.01754
1.01754
1.01754
1.01754
1.01754
1.01754
1.01754
1.01754
1.01754
1.01754
1.01754
1.01754
1.01754
1.01754
1.01754
1.01754
1.01754
1.01754
1.01754
1.01754
1.01754
1.01754
1.01754
1.01754
1.01754
1.01754
1.01754
1.01754
1.01754
1.01754
1.01754
1.01754
1.01754
1.01754
1.01754
1.01754
1.01754
1.01754
1.01754
1.01754
1.01754
1.01754
1.01754
1.01754
1.01754
1.01754
1.01754
1.01754
1.01754
1.01754
1.01754
1.01754
1.01754
1.01754
1.01754
1.01754
1.01754
1.01754
1.01754
1.01754
1.01754
1.01754
1.01754
1.01754
1.01754
1.01754
1.01754
1.01754
1.01754
1.01754
1.01754
1.01754
1.01754
1.01754
1.01754
1.01754
1.01754
1.01754
1.01754
1.01754
1.01754
1.01754
1.01754
1.01754
1.01754
1.01754
1.01754
1.01754
1.01754
1.01754
1.01754
1.01754
1.01754
1.01754
1.01754
1.01754
1.01754
1.01754
1.01754
1.01754
1.01754
1.01754
1.01754
1.01754
1.01754
1.01754
1.01754
1.01754
1.01754
1.01754
1.01754
1.01754
1.01754
1.01754
1.01754
1.01754
1.01754
1.01754
1.01754
1.01754
1.01754
1.01754
1.01754
1.01754
1.01754
1.01754
1.01754
1.01754
1.01754
1.01754
1.01754
1.01754
1.01754
1.01754
1.01754
1.01754
1.01754
1.01754
1.01754
1.01754
1.01754
1.01754
1.01754
1.01754
1.01754
1.01754
1.01754
1.01754
1.01754
1.01754
1.01754
1.01754
1.01754
1.01754
1.01754
1.01754
1.01754
1.01754
1.01754
1.01754
1.01754
1.01754
1.01754
1.01754
1.01754
1.01754
1.01754
1.01754
1.01754
1.01754
1.01754
1.01754
1.01754
1.01754
1.01754
1.01754
1.01754
1.01754
1.01754
1.01754
1.01754
1.01754
1.01754
1.01754
1.01754
1.01754
1.01754
1.01754
1.01754
1.01754
1.01754
1.01754
1.01754
1.01754
1.01754
1.01754
1.01754
1.01754
1.01754
1.01754
1.01754
1.01754
1.01754
1.01754
1.01754
1.01754
1.01754
1.01754
1.01754
1.01754
1.01754
1.01754
1.01754
1.01754
1.01754
1.01754
1.01754
1.01754
1.01754
1.01754
1.01754
1.01754
1.01754
1.01754
1.01754
1.01754
1.01754
1.01754
1.01754
1.01754
1.01754
1.01754
1.01754
1.01754
1.01754
1.01754
1.01754
1.01754
1.01754
1.01754
1.01754
1.01754
1.01754
1.01754
1.01754
1.01754
1.01754
1.01754
1.01754
1.01754
1.01754
1.01754
1.01754
1.01754
1.01754
1.01754
1.01754
1.01754
1.01754
1.01754
1.01754
1.01754
1.01754
1.01754
1.01754
1.01754
1.01754
1.01754
1.01754
1.01754
1.01754
1.01754
1.01754
1.01754
1.01754
1.01754
1.01754
1.01754
1.01754
1.01754
1.01754
1.01754
1.01754
1.01754
1.01754
1.01754
1.01754
1.01754
1.01754
1.01754
1.01754
1.01754
1.01754
1.01754
1.01754
1.01754
1.01754
1.01754
1.01754
1.01754
1.01754
1.01754
1.01754
1.01754
1.01754
1.01754
1.01754
1.01754
1.01754
1.01754
1.01754
1.01754
1.01754
1.01754
1.01754
1.01754
1.01754
1.01754
1.01754
1.01754
1.01754
1.01754
1.01754
1.01754
1.01754
1.01754
1.01754
1.01754
1.01754
1.01754
1.01754
1.01754
1.01754
1.01754
1.01754
1.01754
1.01754
1.01754
1.01754
1.01754
1.01754
1.01754
1.01754
1.01754
1.01754
1.01754
1.01754
1.01754
1.01754
1.01754
1.01754
1.01754
1.01754
1.01754
1.01754
1.01754
1.01754
1.01754
1.01754
1.01754
1.01754
1.01754
1.01754
1.01754
1.01754
1.01754
1.01754
1.01754
1.01754
1.01754
1.01754
1.01754
1.01754
1.01754
1.01754
1.01754
1.01754
1.01754
1.01754
1.01754
1.01754
1.01754
1.01754
1.01754
1.01754
1.01754
1.01754
1.01754
1.01754
1.01754
1.01754
1.01754
1.01754
1.01754
1.01754
1.01754
1.01754
1.01754
1.01754
1.01754
1.01754
1.01754
1.01754
1.01754
1.01754
1.01754
1.01754
1.01754
1.01754
1.01754
1.01754
1.01754
1.01754
1.01754
1.01754
1.01754
1.01754
1.01754
1.01754
1.01754
1.01754
1.01754
1.01754
1.01754
1.01754
1.01754
1.01754
1.01754
1.01754
1.01754
1.01754
1.01754
1.01754
1.01754
1.01754
1.01754
1.01754
1.01754
1.01754
1.01754
1.01754
1.01754
1.01754
1.01754
1.01754
1.01754
1.01754
1.01754
1.01754
1.01754
1.01754
1.01754
1.01754
1.01754
1.01754
1.01754
1.01754
1.01754
1.01754
1.01754
1.01754
1.01754
1.01754
1.01754
1.01754
1.01754
1.01754
1.01754
1.01754
1.01754
1.01754
1.01754
1.01754
1.01754
1.01754
1.01754
1.01754
1.01754
1.01754
1.01754
1.01754
1.01754
1.01754
1.01754
1.01754
1.01754
1.01754
1.01754
1.01754
1.01754
1.01754
1.01754
1.01754
1.01754
1.01754
