0           2
1     1.99998
2     1.99993
3     1.99983
4     1.99971
5     1.99954
6     1.99934
7      1.9991
8     1.99882
9     1.99851
10     1.99816
11     1.99777
12     1.99735
13     1.99688
14     1.99638
15     1.99584
16     1.99526
17     1.99464
18     1.99398
19     1.99328
20     1.99253
21     1.99175
22     1.99092
23     1.99005
24     1.98913
25     1.98817
26     1.98717
27     1.98612
28     1.98502
29     1.98387
30     1.98267
31     1.98143
32     1.98013
33     1.97878
34     1.97738
35     1.97593
36     1.97442
37     1.97285
38     1.97123
39     1.96955
40     1.96781
41       1.966
42     1.96414
43     1.96221
44     1.96022
45     1.95816
46     1.95604
47     1.95384
48     1.95158
49     1.94924
50     1.94683
51     1.94434
52     1.94178
53     1.93913
54     1.93641
55      1.9336
56     1.93071
57     1.92773
58     1.92466
59     1.92151
60     1.91826
61     1.91492
62     1.91149
63     1.90796
64     1.90432
65     1.90059
66     1.89675
67     1.89281
68     1.88876
69      1.8846
70     1.88033
71     1.87595
72     1.87145
73     1.86684
74     1.86211
75     1.85726
76     1.85228
77     1.84719
78     1.84196
79     1.83661
80     1.83114
81     1.82553
82     1.81979
83     1.81391
84     1.80791
85     1.80177
86     1.79549
87     1.78907
88     1.78252
89     1.77583
90       1.769
91     1.76203
92     1.75493
93     1.74768
94     1.74029
95     1.73277
96      1.7251
97      1.7173
98     1.70936
99     1.70129
100     1.69308
101     1.68474
102     1.67628
103     1.66768
104     1.65896
105     1.65011
106     1.64115
107     1.63206
108     1.62287
109     1.61357
110     1.60416
111     1.59465
112     1.58504
113     1.57534
114     1.56555
115     1.55568
116     1.54574
117     1.53572
118     1.52564
119      1.5155
120     1.50531
121     1.49507
122      1.4848
123     1.47449
124     1.46416
125     1.45381
126     1.44345
127     1.43309
128     1.42273
129     1.41239
130     1.40207
131     1.39178
132     1.38152
133      1.3713
134     1.36114
135     1.35103
136     1.34099
137     1.33102
138     1.32113
139     1.31133
140     1.30162
141     1.29201
142     1.28251
143     1.27312
144     1.26384
145      1.2547
146     1.24568
147      1.2368
148     1.22807
149     1.21948
150     1.21104
151     1.20275
152     1.19463
153     1.18667
154     1.17887
155     1.17125
156      1.1638
157     1.15653
158     1.14944
159     1.14253
160      1.1358
161     1.12926
162     1.12291
163     1.11674
164     1.11077
165     1.10498
166     1.09939
167     1.09398
168     1.08877
169     1.08375
170     1.07891
171     1.07427
172     1.06982
173     1.06555
174     1.06147
175     1.05758
176     1.05386
177     1.05033
178     1.04697
179      1.0438
180     1.04079
181     1.03796
182     1.03529
183      1.0328
184     1.03046
185     1.02829
186     1.02627
187      1.0244
188     1.02269
189     1.02112
190      1.0197
191     1.01841
192     1.01726
193     1.01624
194     1.01535
195     1.01458
196     1.01394
197     1.01341
198       1.013
199     1.01269
200     1.01249
201     1.01239
202     1.01239
203     1.01249
204     1.01267
205     1.01294
206     1.01329
207     1.01372
208     1.01422
209      1.0148
210     1.01544
211     1.01614
212     1.01691
213     1.01773
214     1.01861
215     1.01953
216      1.0205
217     1.02151
218     1.02256
219     1.02364
220     1.02476
221      1.0259
222     1.02706
223     1.02825
224     1.02946
225     1.03068
226     1.03192
227     1.03316
228     1.03442
229     1.03567
230     1.03693
231     1.03819
232     1.03945
233      1.0407
234     1.04195
235     1.04318
236     1.04441
237     1.04563
238     1.04684
239     1.04803
240     1.04921
241     1.05037
242     1.05152
243     1.05265
244     1.05377
245     1.05487
246     1.05595
247     1.05702
248     1.05807
249     1.05911
250     1.06013
251     1.06114
252     1.06214
253     1.06312
254      1.0641
255     1.06507
256     1.06604
257       1.067
258     1.06795
259     1.06891
260     1.06986
261     1.07082
262     1.07179
263     1.07276
264     1.07374
265     1.07474
266     1.07574
267     1.07676
268     1.07779
269     1.07884
270     1.07991
271       1.081
272     1.08211
273     1.08324
274     1.08439
275     1.08557
276     1.08677
277       1.088
278     1.08924
279     1.09052
280     1.09181
281     1.09313
282     1.09447
283     1.09583
284     1.09721
285     1.09861
286     1.10003
287     1.10147
288     1.10292
289     1.10438
290     1.10586
291     1.10734
292     1.10883
293     1.11033
294     1.11183
295     1.11333
296     1.11483
297     1.11633
298     1.11782
299      1.1193
300     1.12078
301     1.12224
302     1.12369
303     1.12512
304     1.12653
305     1.12793
306      1.1293
307     1.13065
308     1.13197
309     1.13327
310     1.13454
311     1.13578
312     1.13698
313     1.13816
314      1.1393
315     1.14041
316     1.14149
317     1.14253
318     1.14353
319      1.1445
320     1.14543
321     1.14632
322     1.14717
323     1.14798
324     1.14875
325     1.14948
326     1.15018
327     1.15083
328     1.15144
329     1.15201
330     1.15254
331     1.15304
332     1.15349
333      1.1539
334     1.15427
335      1.1546
336     1.15488
337     1.15513
338     1.15534
339     1.15551
340     1.15564
341     1.15573
342     1.15578
343     1.15578
344     1.15575
345     1.15567
346     1.15556
347      1.1554
348     1.15521
349     1.15497
350     1.15469
351     1.15437
352     1.15401
353     1.15361
354     1.15317
355     1.15268
356     1.15215
357     1.15158
358     1.15096
359      1.1503
360      1.1496
361     1.14885
362     1.14806
363     1.14722
364     1.14634
365     1.14541
366     1.14444
367     1.14343
368     1.14237
369     1.14127
370     1.14012
371     1.13893
372     1.13769
373     1.13641
374     1.13509
375     1.13373
376     1.13232
377     1.13087
378     1.12938
379     1.12786
380     1.12629
381     1.12469
382     1.12305
383     1.12138
384     1.11967
385     1.11793
386     1.11616
387     1.11437
388     1.11255
389      1.1107
390     1.10883
391     1.10694
392     1.10504
393     1.10312
394     1.10119
395     1.09924
396     1.09729
397     1.09534
398     1.09338
399     1.09143
400     1.08947
401     1.08753
402     1.08559
403     1.08367
404     1.08176
405     1.07988
406     1.07801
407     1.07617
408     1.07436
409     1.07258
410     1.07083
411     1.06911
412     1.06744
413     1.06581
414     1.06422
415     1.06267
416     1.06118
417     1.05974
418     1.05835
419     1.05702
420     1.05574
421     1.05453
422     1.05337
423     1.05228
424     1.05125
425     1.05029
426     1.04939
427     1.04857
428     1.04781
429     1.04712
430     1.04649
431     1.04594
432     1.04546
433     1.04505
434     1.04472
435     1.04445
436     1.04425
437     1.04413
438     1.04407
439     1.04408
440     1.04416
441     1.04431
442     1.04453
443     1.04481
444     1.04516
445     1.04557
446     1.04605
447     1.04659
448     1.04718
449     1.04784
450     1.04856
451     1.04933
452     1.05015
453     1.05104
454     1.05197
455     1.05296
456     1.05399
457     1.05507
458      1.0562
459     1.05738
460      1.0586
461     1.05986
462     1.06116
463      1.0625
464     1.06388
465     1.06529
466     1.06674
467     1.06823
468     1.06974
469     1.07128
470     1.07285
471     1.07445
472     1.07608
473     1.07773
474      1.0794
475      1.0811
476     1.08281
477     1.08454
478     1.08629
479     1.08806
480     1.08984
481     1.09163
482     1.09344
483     1.09525
484     1.09708
485     1.09891
486     1.10074
487     1.10258
488     1.10443
489     1.10627
490     1.10811
491     1.10995
492     1.11179
493     1.11361
494     1.11544
495     1.11725
496     1.11905
497     1.12083
498      1.1226
499     1.12436
500     1.12609
501      1.1278
502     1.12949
503     1.13115
504     1.13278
505     1.13439
506     1.13596
507      1.1375
508       1.139
509     1.14046
510     1.14188
511     1.14327
512      1.1446
513     1.14589
514     1.14713
515     1.14832
516     1.14946
517     1.15055
518     1.15158
519     1.15255
520     1.15347
521     1.15432
522     1.15512
523     1.15585
524     1.15652
525     1.15712
526     1.15766
527     1.15813
528     1.15854
529     1.15888
530     1.15915
531     1.15935
532     1.15948
533     1.15954
534     1.15953
535     1.15946
536     1.15931
537     1.15909
538      1.1588
539     1.15844
540     1.15802
541     1.15752
542     1.15695
543     1.15632
544     1.15562
545     1.15485
546     1.15402
547     1.15312
548     1.15216
549     1.15113
550     1.15004
551     1.14889
552     1.14769
553     1.14642
554      1.1451
555     1.14372
556     1.14229
557     1.14081
558     1.13927
559     1.13769
560     1.13607
561      1.1344
562     1.13269
563     1.13094
564     1.12916
565     1.12735
566      1.1255
567     1.12363
568     1.12173
569     1.11982
570     1.11788
571     1.11593
572     1.11397
573     1.11201
574     1.11004
575     1.10807
576     1.10611
577     1.10416
578     1.10222
579     1.10029
580     1.09839
581     1.09651
582     1.09467
583     1.09286
584     1.09108
585     1.08935
586     1.08767
587     1.08604
588     1.08447
589     1.08296
590     1.08151
591     1.08013
592     1.07882
593      1.0776
594     1.07645
595      1.0754
596     1.07443
597     1.07355
598     1.07277
599      1.0721
600     1.07152
601     1.07106
602      1.0707
603     1.07045
604     1.07031
605     1.07029
606     1.07038
607     1.07059
608     1.07092
609     1.07136
610     1.07192
611     1.07259
612     1.07337
613     1.07427
614     1.07527
615     1.07638
616      1.0776
617     1.07891
618     1.08032
619     1.08182
620     1.08341
621     1.08509
622     1.08684
623     1.08866
624     1.09056
625     1.09251
626     1.09453
627     1.09659
628     1.09871
629     1.10086
630     1.10306
631     1.10529
632     1.10754
633     1.10982
634     1.11212
635     1.11444
636     1.11676
637     1.11909
638     1.12143
639     1.12377
640      1.1261
641     1.12843
642     1.13075
643     1.13305
644     1.13535
645     1.13763
646     1.13989
647     1.14213
648     1.14435
649     1.14654
650     1.14871
651     1.15086
652     1.15297
653     1.15505
654      1.1571
655     1.15912
656     1.16111
657     1.16305
658     1.16496
659     1.16683
660     1.16866
661     1.17044
662     1.17218
663     1.17387
664     1.17551
665      1.1771
666     1.17864
667     1.18012
668     1.18154
669     1.18291
670     1.18421
671     1.18545
672     1.18663
673     1.18773
674     1.18877
675     1.18974
676     1.19063
677     1.19145
678     1.19219
679     1.19285
680     1.19343
681     1.19393
682     1.19434
683     1.19467
684     1.19491
685     1.19506
686     1.19513
687      1.1951
688     1.19499
689     1.19478
690     1.19449
691      1.1941
692     1.19362
693     1.19305
694     1.19239
695     1.19164
696      1.1908
697     1.18988
698     1.18886
699     1.18776
700     1.18658
701     1.18531
702     1.18396
703     1.18253
704     1.18103
705     1.17945
706     1.17779
707     1.17607
708     1.17428
709     1.17242
710      1.1705
711     1.16852
712     1.16649
713      1.1644
714     1.16225
715     1.16006
716     1.15783
717     1.15555
718     1.15324
719     1.15088
720      1.1485
721     1.14608
722     1.14363
723     1.14116
724     1.13867
725     1.13615
726     1.13362
727     1.13106
728      1.1285
729     1.12592
730     1.12332
731     1.12072
732     1.11812
733      1.1155
734     1.11288
735     1.11026
736     1.10764
737     1.10502
738      1.1024
739     1.09978
740     1.09717
741     1.09456
742     1.09196
743     1.08936
744     1.08678
745     1.08421
746     1.08165
747     1.07911
748     1.07658
749     1.07406
750     1.07157
751      1.0691
752     1.06665
753     1.06422
754     1.06182
755     1.05944
756      1.0571
757     1.05478
758      1.0525
759     1.05026
760     1.04805
761     1.04589
762     1.04376
763     1.04168
764     1.03965
765     1.03766
766     1.03573
767     1.03384
768     1.03201
769     1.03024
770     1.02853
771     1.02687
772     1.02528
773     1.02375
774     1.02228
775     1.02088
776     1.01954
777     1.01828
778     1.01708
779     1.01595
780     1.01489
781      1.0139
782     1.01298
783     1.01214
784     1.01136
785     1.01066
786     1.01002
787     1.00946
788     1.00896
789     1.00853
790     1.00818
791     1.00789
792     1.00766
793      1.0075
794      1.0074
795     1.00736
796     1.00738
797     1.00746
798      1.0076
799     1.00779
800     1.00803
801     1.00833
802     1.00867
803     1.00906
804     1.00949
805     1.00996
806     1.01047
807     1.01103
808     1.01161
809     1.01223
810     1.01288
811     1.01357
812     1.01427
813     1.01501
814     1.01577
815     1.01655
816     1.01735
817     1.01816
818       1.019
819     1.01985
820     1.02071
821     1.02159
822     1.02248
823     1.02338
824     1.02429
825     1.02521
826     1.02613
827     1.02706
828       1.028
829     1.02895
830     1.02989
831     1.03085
832      1.0318
833     1.03276
834     1.03372
835     1.03469
836     1.03566
837     1.03663
838      1.0376
839     1.03857
840     1.03955
841     1.04052
842      1.0415
843     1.04248
844     1.04346
845     1.04445
846     1.04543
847     1.04641
848      1.0474
849     1.04838
850     1.04937
851     1.05036
852     1.05135
853     1.05234
854     1.05333
855     1.05432
856     1.05531
857      1.0563
858     1.05729
859     1.05828
860     1.05927
861     1.06026
862     1.06125
863     1.06224
864     1.06322
865      1.0642
866     1.06518
867     1.06616
868     1.06713
869      1.0681
870     1.06907
871     1.07003
872     1.07098
873     1.07192
874     1.07286
875     1.07379
876     1.07471
877     1.07563
878     1.07653
879     1.07742
880      1.0783
881     1.07917
882     1.08002
883     1.08086
884     1.08169
885      1.0825
886     1.08329
887     1.08406
888     1.08482
889     1.08556
890     1.08628
891     1.08697
892     1.08765
893      1.0883
894     1.08893
895     1.08954
896     1.09012
897     1.09067
898      1.0912
899      1.0917
900     1.09218
901     1.09262
902     1.09303
903     1.09342
904     1.09377
905     1.09409
906     1.09438
907     1.09463
908     1.09485
909     1.09504
910     1.09519
911      1.0953
912     1.09538
913     1.09542
914     1.09542
915     1.09539
916     1.09532
917     1.09521
918     1.09506
919     1.09487
920     1.09464
921     1.09438
922     1.09407
923     1.09372
924     1.09334
925     1.09291
926     1.09245
927     1.09195
928      1.0914
929     1.09082
930     1.09021
931     1.08955
932     1.08886
933     1.08813
934     1.08737
935     1.08657
936     1.08574
937     1.08487
938     1.08398
939     1.08305
940     1.08209
941     1.08111
942     1.08009
943     1.07905
944     1.07799
945      1.0769
946     1.07579
947     1.07466
948     1.07351
949     1.07234
950     1.07116
951     1.06996
952     1.06875
953     1.06754
954     1.06631
955     1.06507
956     1.06384
957     1.06259
958     1.06135
959     1.06011
960     1.05887
961     1.05764
962     1.05641
963     1.05519
964     1.05398
965     1.05279
966      1.0516
967     1.05044
968     1.04929
969     1.04816
970     1.04705
971     1.04597
972     1.04491
973     1.04388
974     1.04287
975      1.0419
976     1.04096
977     1.04005
978     1.03918
979     1.03834
980     1.03754
981     1.03678
982     1.03605
983     1.03537
984     1.03473
985     1.03413
986     1.03358
987     1.03307
988      1.0326
989     1.03217
990     1.03179
991     1.03145
992     1.03115
993      1.0309
994     1.03069
995     1.03052
996      1.0304
997     1.03031
998     1.03027
999     1.03027
1000      1.0303
1001     1.03037
1002     1.03048
1003     1.03062
1004      1.0308
1005     1.03101
1006     1.03125
1007     1.03152
1008     1.03182
1009     1.03215
1010      1.0325
1011     1.03288
1012     1.03328
1013     1.03371
1014     1.03415
1015     1.03462
1016     1.03511
1017     1.03561
1018     1.03614
1019     1.03667
1020     1.03723
1021      1.0378
1022     1.03838
1023     1.03898
1024     1.03959
1025     1.04021
1026     1.04084
1027     1.04149
1028     1.04214
1029     1.04281
1030     1.04348
1031     1.04416
1032     1.04485
1033     1.04555
1034     1.04626
1035     1.04698
1036      1.0477
1037     1.04843
1038     1.04917
1039     1.04991
1040     1.05067
1041     1.05143
1042      1.0522
1043     1.05297
1044     1.05375
1045     1.05454
1046     1.05534
1047     1.05615
1048     1.05696
1049     1.05778
1050     1.05861
1051     1.05945
1052     1.06029
1053     1.06115
1054     1.06202
1055     1.06289
1056     1.06378
1057     1.06467
1058     1.06558
1059      1.0665
1060     1.06743
1061     1.06838
1062     1.06934
1063     1.07031
1064      1.0713
1065      1.0723
1066     1.07332
1067     1.07436
1068     1.07541
1069     1.07648
1070     1.07757
1071     1.07867
1072      1.0798
1073     1.08095
1074     1.08211
1075      1.0833
1076     1.08451
1077     1.08574
1078       1.087
1079     1.08827
1080     1.08957
1081     1.09089
1082     1.09223
1083     1.09359
1084     1.09497
1085     1.09638
1086      1.0978
1087     1.09925
1088     1.10071
1089      1.1022
1090      1.1037
1091     1.10522
1092     1.10675
1093      1.1083
1094     1.10986
1095     1.11143
1096     1.11302
1097     1.11461
1098     1.11621
1099     1.11782
1100     1.11943
1101     1.12104
1102     1.12265
1103     1.12426
1104     1.12587
1105     1.12747
1106     1.12907
1107     1.13065
1108     1.13222
1109     1.13379
1110     1.13533
1111     1.13686
1112     1.13837
1113     1.13986
1114     1.14132
1115     1.14276
1116     1.14418
1117     1.14556
1118     1.14692
1119     1.14824
1120     1.14953
1121     1.15078
1122       1.152
1123     1.15318
1124     1.15432
1125     1.15542
1126     1.15647
1127     1.15748
1128     1.15845
1129     1.15938
1130     1.16025
1131     1.16108
1132     1.16186
1133     1.16259
1134     1.16327
1135      1.1639
1136     1.16448
1137     1.16501
1138     1.16549
1139     1.16592
1140     1.16629
1141     1.16662
1142     1.16689
1143     1.16711
1144     1.16728
1145      1.1674
1146     1.16746
1147     1.16748
1148     1.16745
1149     1.16736
1150     1.16723
1151     1.16705
1152     1.16682
1153     1.16655
1154     1.16623
1155     1.16586
1156     1.16545
1157       1.165
1158     1.16451
1159     1.16397
1160      1.1634
1161     1.16279
1162     1.16215
1163     1.16147
1164     1.16076
1165     1.16002
1166     1.15925
1167     1.15846
1168     1.15764
1169      1.1568
1170     1.15594
1171     1.15506
1172     1.15417
1173     1.15326
1174     1.15235
1175     1.15142
1176     1.15049
1177     1.14956
1178     1.14863
1179      1.1477
1180     1.14678
1181     1.14587
1182     1.14497
1183     1.14409
1184     1.14323
1185     1.14239
1186     1.14157
1187     1.14079
1188     1.14003
1189     1.13931
1190     1.13864
1191       1.138
1192     1.13741
1193     1.13686
1194     1.13637
1195     1.13593
1196     1.13554
1197     1.13521
1198     1.13494
1199     1.13473
1200     1.13458
1201      1.1345
1202     1.13448
1203     1.13452
1204     1.13463
1205     1.13481
1206     1.13504
1207     1.13534
1208      1.1357
1209     1.13613
1210     1.13661
1211     1.13714
1212     1.13773
1213     1.13837
1214     1.13906
1215      1.1398
1216     1.14057
1217     1.14138
1218     1.14223
1219      1.1431
1220       1.144
1221     1.14492
1222     1.14585
1223     1.14679
1224     1.14774
1225     1.14869
1226     1.14964
1227     1.15058
1228     1.15151
1229     1.15241
1230      1.1533
1231     1.15416
1232       1.155
1233      1.1558
1234     1.15656
1235     1.15728
1236     1.15795
1237     1.15857
1238     1.15915
1239     1.15967
1240     1.16013
1241     1.16054
1242     1.16088
1243     1.16116
1244     1.16137
1245     1.16151
1246     1.16159
1247     1.16159
1248     1.16152
1249     1.16137
1250     1.16115
1251     1.16086
1252     1.16049
1253     1.16004
1254     1.15951
1255      1.1589
1256     1.15821
1257     1.15744
1258      1.1566
1259     1.15567
1260     1.15466
1261     1.15357
1262     1.15241
1263     1.15116
1264     1.14983
1265     1.14843
1266     1.14695
1267     1.14539
1268     1.14376
1269     1.14205
1270     1.14027
1271     1.13841
1272     1.13649
1273     1.13449
1274     1.13243
1275      1.1303
1276      1.1281
1277     1.12585
1278     1.12353
1279     1.12116
1280     1.11873
1281     1.11625
1282     1.11372
1283     1.11114
1284     1.10852
1285     1.10586
1286     1.10316
1287     1.10044
1288     1.09768
1289      1.0949
1290      1.0921
1291     1.08929
1292     1.08646
1293     1.08363
1294     1.08079
1295     1.07796
1296     1.07514
1297     1.07232
1298     1.06953
1299     1.06676
1300     1.06401
1301      1.0613
1302     1.05863
1303       1.056
1304     1.05342
1305     1.05089
1306     1.04841
1307       1.046
1308     1.04366
1309     1.04139
1310      1.0392
1311     1.03708
1312     1.03505
1313     1.03311
1314     1.03125
1315      1.0295
1316     1.02783
1317     1.02627
1318     1.02481
1319     1.02346
1320     1.02221
1321     1.02106
1322     1.02003
1323      1.0191
1324     1.01828
1325     1.01758
1326     1.01698
1327     1.01649
1328      1.0161
1329     1.01583
1330     1.01565
1331     1.01558
1332     1.01561
1333     1.01574
1334     1.01596
1335     1.01628
1336     1.01668
1337     1.01717
1338     1.01775
1339      1.0184
1340     1.01913
1341     1.01993
1342      1.0208
1343     1.02174
1344     1.02273
1345     1.02379
1346     1.02489
1347     1.02605
1348     1.02725
1349     1.02849
1350     1.02977
1351     1.03108
1352     1.03243
1353      1.0338
1354      1.0352
1355     1.03661
1356     1.03805
1357      1.0395
1358     1.04096
1359     1.04243
1360     1.04391
1361     1.04539
1362     1.04687
1363     1.04836
1364     1.04984
1365     1.05132
1366     1.05279
1367     1.05425
1368      1.0557
1369     1.05714
1370     1.05857
1371     1.05999
1372     1.06139
1373     1.06278
1374     1.06414
1375     1.06549
1376     1.06682
1377     1.06813
1378     1.06942
1379     1.07068
1380     1.07193
1381     1.07315
1382     1.07434
1383     1.07551
1384     1.07666
1385     1.07778
1386     1.07887
1387     1.07994
1388     1.08098
1389     1.08199
1390     1.08297
1391     1.08392
1392     1.08484
1393     1.08574
1394      1.0866
1395     1.08743
1396     1.08823
1397     1.08901
1398     1.08975
1399     1.09046
1400     1.09113
1401     1.09178
1402     1.09239
1403     1.09298
1404     1.09353
1405     1.09405
1406     1.09454
1407     1.09499
1408     1.09542
1409     1.09581
1410     1.09617
1411      1.0965
1412      1.0968
1413     1.09707
1414     1.09731
1415     1.09753
1416     1.09771
1417     1.09786
1418     1.09799
1419     1.09809
1420     1.09816
1421     1.09821
1422     1.09823
1423     1.09822
1424     1.09819
1425     1.09814
1426     1.09806
1427     1.09796
1428     1.09784
1429      1.0977
1430     1.09753
1431     1.09735
1432     1.09715
1433     1.09692
1434     1.09668
1435     1.09642
1436     1.09614
1437     1.09585
1438     1.09554
1439     1.09521
1440     1.09487
1441     1.09451
1442     1.09413
1443     1.09374
1444     1.09334
1445     1.09292
1446     1.09249
1447     1.09204
1448     1.09157
1449      1.0911
1450      1.0906
1451      1.0901
1452     1.08958
1453     1.08905
1454      1.0885
1455     1.08794
1456     1.08737
1457     1.08679
1458     1.08619
1459     1.08558
1460     1.08496
1461     1.08432
1462     1.08367
1463     1.08301
1464     1.08234
1465     1.08166
1466     1.08097
1467     1.08027
1468     1.07955
1469     1.07883
1470      1.0781
1471     1.07736
1472     1.07661
1473     1.07586
1474      1.0751
1475     1.07433
1476     1.07356
1477     1.07278
1478       1.072
1479     1.07122
1480     1.07043
1481     1.06965
1482     1.06886
1483     1.06808
1484     1.06729
1485     1.06651
1486     1.06573
1487     1.06496
1488     1.06419
1489     1.06343
1490     1.06268
1491     1.06193
1492     1.06119
1493     1.06046
1494     1.05974
1495     1.05903
1496     1.05834
1497     1.05766
1498     1.05699
1499     1.05634
1500     1.05571
1501     1.05509
1502      1.0545
1503     1.05392
1504     1.05336
1505     1.05283
1506     1.05232
1507     1.05183
1508     1.05137
1509     1.05094
1510     1.05053
1511     1.05015
1512     1.04981
1513     1.04949
1514     1.04921
1515     1.04896
1516     1.04874
1517     1.04857
1518     1.04843
1519     1.04832
1520     1.04826
1521     1.04824
1522     1.04826
1523     1.04832
1524     1.04842
1525     1.04857
1526     1.04876
1527       1.049
1528     1.04929
1529     1.04962
1530     1.04999
1531     1.05042
1532     1.05088
1533      1.0514
1534     1.05196
1535     1.05256
1536      1.0532
1537     1.05389
1538     1.05462
1539     1.05539
1540      1.0562
1541     1.05705
1542     1.05793
1543     1.05885
1544     1.05979
1545     1.06077
1546     1.06177
1547      1.0628
1548     1.06385
1549     1.06492
1550     1.06601
1551     1.06711
1552     1.06822
1553     1.06934
1554     1.07047
1555      1.0716
1556     1.07273
1557     1.07386
1558     1.07498
1559     1.07609
1560      1.0772
1561     1.07829
1562     1.07936
1563     1.08042
1564     1.08146
1565     1.08247
1566     1.08346
1567     1.08442
1568     1.08536
1569     1.08627
1570     1.08714
1571     1.08798
1572     1.08879
1573     1.08956
1574      1.0903
1575     1.09099
1576     1.09165
1577     1.09227
1578     1.09284
1579     1.09338
1580     1.09388
1581     1.09433
1582     1.09474
1583     1.09511
1584     1.09545
1585     1.09574
1586     1.09599
1587      1.0962
1588     1.09638
1589     1.09651
1590     1.09661
1591     1.09668
1592     1.09671
1593      1.0967
1594     1.09666
1595      1.0966
1596      1.0965
1597     1.09638
1598     1.09623
1599     1.09605
1600     1.09585
1601     1.09563
1602     1.09539
1603     1.09514
1604     1.09486
1605     1.09458
1606     1.09428
1607     1.09397
1608     1.09365
1609     1.09333
1610       1.093
1611     1.09267
1612     1.09234
1613       1.092
1614     1.09168
1615     1.09135
1616     1.09103
1617     1.09072
1618     1.09042
1619     1.09013
1620     1.08985
1621     1.08958
1622     1.08933
1623      1.0891
1624     1.08888
1625     1.08868
1626     1.08849
1627     1.08833
1628     1.08819
1629     1.08807
1630     1.08797
1631      1.0879
1632     1.08784
1633     1.08781
1634     1.08781
1635     1.08782
1636     1.08786
1637     1.08792
1638     1.08801
1639     1.08812
1640     1.08825
1641      1.0884
1642     1.08858
1643     1.08877
1644     1.08899
1645     1.08922
1646     1.08948
1647     1.08975
1648     1.09004
1649     1.09034
1650     1.09066
1651     1.09099
1652     1.09133
1653     1.09169
1654     1.09206
1655     1.09243
1656     1.09281
1657      1.0932
1658     1.09358
1659     1.09398
1660     1.09437
1661     1.09476
1662     1.09516
1663     1.09555
1664     1.09593
1665     1.09631
1666     1.09668
1667     1.09705
1668      1.0974
1669     1.09775
1670     1.09808
1671      1.0984
1672     1.09871
1673       1.099
1674     1.09927
1675     1.09953
1676     1.09978
1677         1.1
1678      1.1002
1679     1.10039
1680     1.10055
1681     1.10069
1682     1.10082
1683     1.10092
1684       1.101
1685     1.10106
1686     1.10109
1687     1.10111
1688      1.1011
1689     1.10108
1690     1.10103
1691     1.10097
1692     1.10088
1693     1.10078
1694     1.10066
1695     1.10052
1696     1.10036
1697     1.10019
1698     1.10001
1699     1.09981
1700      1.0996
1701     1.09938
1702     1.09915
1703      1.0989
1704     1.09865
1705      1.0984
1706     1.09814
1707     1.09787
1708      1.0976
1709     1.09732
1710     1.09704
1711     1.09677
1712     1.09649
1713     1.09621
1714     1.09594
1715     1.09567
1716      1.0954
1717     1.09514
1718     1.09488
1719     1.09463
1720     1.09439
1721     1.09416
1722     1.09393
1723     1.09372
1724     1.09351
1725     1.09331
1726     1.09313
1727     1.09295
1728     1.09279
1729     1.09263
1730     1.09249
1731     1.09237
1732     1.09225
1733     1.09214
1734     1.09205
1735     1.09197
1736      1.0919
1737     1.09185
1738      1.0918
1739     1.09177
1740     1.09175
1741     1.09173
1742     1.09173
1743     1.09174
1744     1.09176
1745     1.09179
1746     1.09182
1747     1.09187
1748     1.09192
1749     1.09198
1750     1.09205
1751     1.09212
1752      1.0922
1753     1.09228
1754     1.09237
1755     1.09246
1756     1.09256
1757     1.09266
1758     1.09276
1759     1.09287
1760     1.09297
1761     1.09308
1762      1.0932
1763     1.09331
1764     1.09342
1765     1.09354
1766     1.09365
1767     1.09377
1768     1.09389
1769     1.09401
1770     1.09412
1771     1.09425
1772     1.09437
1773     1.09449
1774     1.09462
1775     1.09475
1776     1.09488
1777     1.09502
1778     1.09515
1779      1.0953
1780     1.09544
1781     1.09559
1782     1.09575
1783     1.09591
1784     1.09607
1785     1.09624
1786     1.09642
1787     1.09661
1788      1.0968
1789       1.097
1790     1.09721
1791     1.09743
1792     1.09765
1793     1.09789
1794     1.09813
1795     1.09839
1796     1.09865
1797     1.09892
1798      1.0992
1799     1.09949
1800     1.09979
1801      1.1001
1802     1.10042
1803     1.10075
1804     1.10109
1805     1.10143
1806     1.10179
1807     1.10215
1808     1.10251
1809     1.10289
1810     1.10327
1811     1.10365
1812     1.10404
1813     1.10444
1814     1.10483
1815     1.10523
1816     1.10563
1817     1.10604
1818     1.10644
1819     1.10684
1820     1.10725
1821     1.10765
1822     1.10805
1823     1.10844
1824     1.10883
1825     1.10922
1826      1.1096
1827     1.10998
1828     1.11035
1829     1.11072
1830     1.11107
1831     1.11142
1832     1.11176
1833     1.11209
1834     1.11242
1835     1.11273
1836     1.11303
1837     1.11333
1838     1.11361
1839     1.11388
1840     1.11415
1841      1.1144
1842     1.11464
1843     1.11488
1844      1.1151
1845     1.11531
1846     1.11552
1847     1.11571
1848      1.1159
1849     1.11607
1850     1.11624
1851     1.11639
1852     1.11654
1853     1.11668
1854     1.11681
1855     1.11693
1856     1.11705
1857     1.11716
1858     1.11726
1859     1.11736
1860     1.11745
1861     1.11754
1862     1.11762
1863      1.1177
1864     1.11778
1865     1.11785
1866     1.11792
1867     1.11798
1868     1.11805
1869     1.11811
1870     1.11817
1871     1.11823
1872     1.11829
1873     1.11834
1874      1.1184
1875     1.11846
1876     1.11852
1877     1.11858
1878     1.11864
1879      1.1187
1880     1.11877
1881     1.11883
1882      1.1189
1883     1.11896
1884     1.11903
1885     1.11911
1886     1.11918
1887     1.11926
1888     1.11934
1889     1.11942
1890     1.11951
1891     1.11959
1892     1.11968
1893     1.11977
1894     1.11986
1895     1.11996
1896     1.12005
1897     1.12015
1898     1.12025
1899     1.12035
1900     1.12045
1901     1.12055
1902     1.12065
1903     1.12074
1904     1.12084
1905     1.12093
1906     1.12102
1907     1.12111
1908     1.12119
1909     1.12126
1910     1.12133
1911      1.1214
1912     1.12145
1913      1.1215
1914     1.12153
1915     1.12156
1916     1.12157
1917     1.12157
1918     1.12155
1919     1.12152
1920     1.12147
1921     1.12141
1922     1.12132
1923     1.12121
1924     1.12108
1925     1.12093
1926     1.12075
1927     1.12054
1928     1.12031
1929     1.12005
1930     1.11975
1931     1.11943
1932     1.11907
1933     1.11868
1934     1.11826
1935      1.1178
1936      1.1173
1937     1.11677
1938     1.11619
1939     1.11558
1940     1.11493
1941     1.11424
1942     1.11351
1943     1.11274
1944     1.11192
1945     1.11107
1946     1.11018
1947     1.10924
1948     1.10827
1949     1.10726
1950     1.10621
1951     1.10512
1952     1.10399
1953     1.10283
1954     1.10164
1955     1.10041
1956     1.09916
1957     1.09788
1958     1.09657
1959     1.09524
1960     1.09389
1961     1.09253
1962     1.09115
1963     1.08975
1964     1.08835
1965     1.08695
1966     1.08555
1967     1.08414
1968     1.08275
1969     1.08137
1970        1.08
1971     1.07865
1972     1.07733
1973     1.07603
1974     1.07477
1975     1.07354
1976     1.07235
1977     1.07121
1978     1.07011
1979     1.06907
1980     1.06809
1981     1.06716
1982      1.0663
1983     1.06551
1984     1.06479
1985     1.06414
1986     1.06357
1987     1.06308
1988     1.06267
1989     1.06235
1990     1.06211
1991     1.06195
1992     1.06188
1993      1.0619
1994     1.06201
1995     1.06221
1996     1.06249
1997     1.06286
1998     1.06332
1999     1.06386
2000     1.06449
2001      1.0652
2002     1.06599
2003     1.06685
2004      1.0678
2005     1.06881
2006      1.0699
2007     1.07105
2008     1.07226
2009     1.07354
2010     1.07487
2011     1.07626
2012     1.07769
2013     1.07918
2014      1.0807
2015     1.08226
2016     1.08386
2017     1.08549
2018     1.08714
2019     1.08882
2020     1.09052
2021     1.09223
2022     1.09396
2023      1.0957
2024     1.09745
2025      1.0992
2026     1.10095
2027     1.10269
2028     1.10443
2029     1.10617
2030     1.10789
2031      1.1096
2032     1.11129
2033     1.11296
2034     1.11462
2035     1.11625
2036     1.11786
2037     1.11944
2038       1.121
2039     1.12252
2040     1.12402
2041     1.12548
2042      1.1269
2043      1.1283
2044     1.12965
2045     1.13097
2046     1.13225
2047     1.13349
2048     1.13469
2049     1.13584
2050     1.13696
2051     1.13803
2052     1.13907
2053     1.14005
2054     1.14099
2055     1.14189
2056     1.14274
2057     1.14354
2058      1.1443
2059     1.14501
2060     1.14568
2061      1.1463
2062     1.14686
2063     1.14738
2064     1.14786
2065     1.14828
2066     1.14865
2067     1.14897
2068     1.14924
2069     1.14946
2070     1.14963
2071     1.14976
2072     1.14982
2073     1.14984
2074     1.14981
2075     1.14973
2076      1.1496
2077     1.14941
2078     1.14918
2079     1.14889
2080     1.14856
2081     1.14817
2082     1.14774
2083     1.14726
2084     1.14673
2085     1.14615
2086     1.14553
2087     1.14486
2088     1.14415
2089     1.14339
2090      1.1426
2091     1.14176
2092     1.14089
2093     1.13998
2094     1.13903
2095     1.13806
2096     1.13705
2097     1.13602
2098     1.13497
2099      1.1339
2100      1.1328
2101      1.1317
2102     1.13058
2103     1.12946
2104     1.12834
2105     1.12721
2106      1.1261
2107     1.12499
2108     1.12391
2109     1.12284
2110      1.1218
2111     1.12079
2112     1.11982
2113     1.11889
2114       1.118
2115     1.11717
2116      1.1164
2117     1.11569
2118     1.11506
2119     1.11449
2120     1.11401
2121     1.11361
2122      1.1133
2123     1.11308
2124     1.11296
2125     1.11295
2126     1.11303
2127     1.11322
2128     1.11352
2129     1.11394
2130     1.11446
2131      1.1151
2132     1.11585
2133     1.11672
2134     1.11769
2135     1.11878
2136     1.11998
2137     1.12128
2138     1.12269
2139      1.1242
2140     1.12581
2141     1.12751
2142      1.1293
2143     1.13117
2144     1.13311
2145     1.13513
2146     1.13721
2147     1.13935
2148     1.14155
2149     1.14379
2150     1.14607
2151     1.14838
2152     1.15071
2153     1.15307
2154     1.15544
2155     1.15781
2156     1.16019
2157     1.16256
2158     1.16491
2159     1.16725
2160     1.16956
2161     1.17185
2162      1.1741
2163     1.17631
2164     1.17848
2165     1.18059
2166     1.18266
2167     1.18467
2168     1.18662
2169     1.18851
2170     1.19033
2171     1.19209
2172     1.19377
2173     1.19538
2174     1.19692
2175     1.19838
2176     1.19976
2177     1.20106
2178     1.20228
2179     1.20342
2180     1.20447
2181     1.20545
2182     1.20634
2183     1.20715
2184     1.20787
2185     1.20851
2186     1.20907
2187     1.20954
2188     1.20994
2189     1.21024
2190     1.21047
2191     1.21062
2192     1.21068
2193     1.21067
2194     1.21058
2195     1.21041
2196     1.21016
2197     1.20983
2198     1.20943
2199     1.20896
2200     1.20841
2201      1.2078
2202     1.20711
2203     1.20635
2204     1.20553
2205     1.20464
2206     1.20368
2207     1.20266
2208     1.20158
2209     1.20043
2210     1.19923
2211     1.19797
2212     1.19665
2213     1.19528
2214     1.19386
2215     1.19239
2216     1.19086
2217     1.18929
2218     1.18767
2219     1.18601
2220     1.18431
2221     1.18257
2222     1.18079
2223     1.17897
2224     1.17712
2225     1.17524
2226     1.17334
2227      1.1714
2228     1.16945
2229     1.16747
2230     1.16547
2231     1.16346
2232     1.16143
2233     1.15939
2234     1.15734
2235     1.15529
2236     1.15324
2237     1.15118
2238     1.14913
2239     1.14708
2240     1.14504
2241     1.14302
2242     1.14101
2243     1.13901
2244     1.13704
2245     1.13508
2246     1.13316
2247     1.13126
2248     1.12939
2249     1.12756
2250     1.12576
2251     1.12401
2252     1.12229
2253     1.12062
2254       1.119
2255     1.11742
2256      1.1159
2257     1.11443
2258     1.11302
2259     1.11166
2260     1.11036
2261     1.10913
2262     1.10796
2263     1.10685
2264     1.10581
2265     1.10484
2266     1.10393
2267      1.1031
2268     1.10234
2269     1.10165
2270     1.10103
2271     1.10049
2272     1.10002
2273     1.09962
2274      1.0993
2275     1.09906
2276     1.09889
2277      1.0988
2278     1.09878
2279     1.09883
2280     1.09896
2281     1.09916
2282     1.09943
2283     1.09978
2284     1.10019
2285     1.10068
2286     1.10123
2287     1.10185
2288     1.10253
2289     1.10328
2290     1.10409
2291     1.10496
2292     1.10589
2293     1.10687
2294     1.10791
2295       1.109
2296     1.11014
2297     1.11133
2298     1.11256
2299     1.11384
2300     1.11516
2301     1.11651
2302      1.1179
2303     1.11933
2304     1.12078
2305     1.12226
2306     1.12377
2307     1.12529
2308     1.12684
2309      1.1284
2310     1.12998
2311     1.13157
2312     1.13317
2313     1.13478
2314     1.13639
2315       1.138
2316     1.13961
2317     1.14121
2318     1.14281
2319      1.1444
2320     1.14597
2321     1.14754
2322     1.14908
2323     1.15061
2324     1.15211
2325     1.15359
2326     1.15505
2327     1.15647
2328     1.15787
2329     1.15923
2330     1.16056
2331     1.16185
2332      1.1631
2333     1.16431
2334     1.16548
2335      1.1666
2336     1.16768
2337      1.1687
2338     1.16968
2339     1.17061
2340     1.17149
2341     1.17231
2342     1.17308
2343     1.17379
2344     1.17444
2345     1.17504
2346     1.17557
2347     1.17605
2348     1.17646
2349     1.17682
2350     1.17711
2351     1.17733
2352      1.1775
2353      1.1776
2354     1.17763
2355      1.1776
2356      1.1775
2357     1.17734
2358     1.17711
2359     1.17681
2360     1.17645
2361     1.17603
2362     1.17553
2363     1.17498
2364     1.17436
2365     1.17367
2366     1.17293
2367     1.17211
2368     1.17124
2369     1.17031
2370     1.16931
2371     1.16826
2372     1.16715
2373     1.16599
2374     1.16477
2375     1.16349
2376     1.16217
2377     1.16079
2378     1.15937
2379      1.1579
2380      1.1564
2381     1.15485
2382     1.15326
2383     1.15164
2384     1.14998
2385      1.1483
2386     1.14659
2387     1.14485
2388      1.1431
2389     1.14133
2390     1.13954
2391     1.13775
2392     1.13595
2393     1.13414
2394     1.13234
2395     1.13055
2396     1.12876
2397     1.12699
2398     1.12523
2399      1.1235
2400      1.1218
2401     1.12012
2402     1.11848
2403     1.11688
2404     1.11532
2405     1.11381
2406     1.11235
2407     1.11094
2408      1.1096
2409     1.10831
2410     1.10709
2411     1.10594
2412     1.10487
2413     1.10387
2414     1.10295
2415     1.10211
2416     1.10135
2417     1.10068
2418      1.1001
2419     1.09961
2420     1.09921
2421     1.09891
2422      1.0987
2423     1.09858
2424     1.09856
2425     1.09864
2426     1.09881
2427     1.09908
2428     1.09944
2429     1.09989
2430     1.10044
2431     1.10108
2432     1.10182
2433     1.10264
2434     1.10354
2435     1.10454
2436     1.10561
2437     1.10677
2438       1.108
2439     1.10931
2440     1.11069
2441     1.11214
2442     1.11366
2443     1.11524
2444     1.11688
2445     1.11858
2446     1.12033
2447     1.12213
2448     1.12397
2449     1.12586
2450      1.1278
2451     1.12977
2452     1.13177
2453     1.13381
2454     1.13587
2455     1.13796
2456     1.14007
2457      1.1422
2458     1.14435
2459     1.14651
2460     1.14868
2461     1.15086
2462     1.15304
2463     1.15523
2464     1.15742
2465     1.15961
2466      1.1618
2467     1.16398
2468     1.16615
2469     1.16831
2470     1.17046
2471      1.1726
2472     1.17472
2473     1.17683
2474     1.17891
2475     1.18098
2476     1.18303
2477     1.18505
2478     1.18705
2479     1.18902
2480     1.19096
2481     1.19287
2482     1.19476
2483     1.19661
2484     1.19843
2485     1.20022
2486     1.20197
2487     1.20368
2488     1.20536
2489       1.207
2490      1.2086
2491     1.21016
2492     1.21168
2493     1.21316
2494      1.2146
2495     1.21599
2496     1.21734
2497     1.21864
2498      1.2199
2499     1.22111
2500     1.22228
2501      1.2234
2502     1.22447
2503      1.2255
2504     1.22648
2505     1.22741
2506     1.22829
2507     1.22913
2508     1.22992
2509     1.23066
2510     1.23135
2511       1.232
2512      1.2326
2513     1.23315
2514     1.23366
2515     1.23412
2516     1.23454
2517     1.23491
2518     1.23524
2519     1.23552
2520     1.23576
2521     1.23596
2522     1.23612
2523     1.23623
2524     1.23631
2525     1.23635
2526     1.23634
2527      1.2363
2528     1.23623
2529     1.23611
2530     1.23596
2531     1.23578
2532     1.23556
2533      1.2353
2534     1.23502
2535      1.2347
2536     1.23435
2537     1.23397
2538     1.23356
2539     1.23312
2540     1.23265
2541     1.23216
2542     1.23163
2543     1.23108
2544      1.2305
2545     1.22989
2546     1.22926
2547      1.2286
2548     1.22791
2549      1.2272
2550     1.22646
2551      1.2257
2552     1.22491
2553      1.2241
2554     1.22326
2555      1.2224
2556     1.22151
2557      1.2206
2558     1.21966
2559      1.2187
2560     1.21772
2561     1.21672
2562     1.21569
2563     1.21464
2564     1.21357
2565     1.21247
2566     1.21136
2567     1.21022
2568     1.20907
2569     1.20789
2570      1.2067
2571     1.20549
2572     1.20426
2573     1.20301
2574     1.20175
2575     1.20047
2576     1.19918
2577     1.19787
2578     1.19655
2579     1.19522
2580     1.19388
2581     1.19253
2582     1.19117
2583      1.1898
2584     1.18843
2585     1.18705
2586     1.18566
2587     1.18427
2588     1.18288
2589     1.18149
2590      1.1801
2591     1.17871
2592     1.17732
2593     1.17593
2594     1.17454
2595     1.17316
2596     1.17178
2597      1.1704
2598     1.16903
2599     1.16767
2600     1.16631
2601     1.16496
2602     1.16361
2603     1.16228
2604     1.16095
2605     1.15963
2606     1.15831
2607     1.15701
2608     1.15572
2609     1.15443
2610     1.15316
2611     1.15189
2612     1.15064
2613      1.1494
2614     1.14817
2615     1.14695
2616     1.14574
2617     1.14454
2618     1.14336
2619     1.14219
2620     1.14104
2621      1.1399
2622     1.13877
2623     1.13767
2624     1.13658
2625     1.13551
2626     1.13446
2627     1.13343
2628     1.13242
2629     1.13144
2630     1.13048
2631     1.12955
2632     1.12864
2633     1.12777
2634     1.12692
2635     1.12611
2636     1.12533
2637     1.12458
2638     1.12387
2639     1.12319
2640     1.12256
2641     1.12196
2642      1.1214
2643     1.12088
2644     1.12041
2645     1.11998
2646     1.11959
2647     1.11924
2648     1.11893
2649     1.11867
2650     1.11845
2651     1.11828
2652     1.11814
2653     1.11805
2654     1.11799
2655     1.11798
2656       1.118
2657     1.11806
2658     1.11816
2659     1.11829
2660     1.11845
2661     1.11864
2662     1.11885
2663      1.1191
2664     1.11937
2665     1.11965
2666     1.11996
2667     1.12029
2668     1.12063
2669     1.12098
2670     1.12135
2671     1.12172
2672      1.1221
2673     1.12248
2674     1.12287
2675     1.12326
2676     1.12365
2677     1.12404
2678     1.12442
2679     1.12481
2680     1.12518
2681     1.12556
2682     1.12592
2683     1.12628
2684     1.12662
2685     1.12697
2686      1.1273
2687     1.12762
2688     1.12794
2689     1.12825
2690     1.12856
2691     1.12886
2692     1.12915
2693     1.12944
2694     1.12973
2695     1.13001
2696     1.13029
2697     1.13057
2698     1.13085
2699     1.13114
2700     1.13142
2701     1.13171
2702     1.13201
2703     1.13231
2704     1.13262
2705     1.13294
2706     1.13327
2707     1.13361
2708     1.13397
2709     1.13434
2710     1.13472
2711     1.13512
2712     1.13553
2713     1.13596
2714     1.13641
2715     1.13688
2716     1.13737
2717     1.13788
2718     1.13841
2719     1.13896
2720     1.13953
2721     1.14012
2722     1.14073
2723     1.14136
2724     1.14201
2725     1.14269
2726     1.14338
2727     1.14409
2728     1.14482
2729     1.14557
2730     1.14633
2731     1.14712
2732     1.14792
2733     1.14873
2734     1.14956
2735      1.1504
2736     1.15126
2737     1.15212
2738       1.153
2739     1.15388
2740     1.15478
2741     1.15568
2742     1.15659
2743      1.1575
2744     1.15841
2745     1.15932
2746     1.16024
2747     1.16116
2748     1.16207
2749     1.16298
2750     1.16388
2751     1.16478
2752     1.16567
2753     1.16655
2754     1.16743
2755     1.16829
2756     1.16914
2757     1.16997
2758      1.1708
2759      1.1716
2760     1.17239
2761     1.17317
2762     1.17392
2763     1.17466
2764     1.17537
2765     1.17607
2766     1.17674
2767      1.1774
2768     1.17803
2769     1.17863
2770     1.17922
2771     1.17977
2772     1.18031
2773     1.18082
2774      1.1813
2775     1.18176
2776     1.18219
2777      1.1826
2778     1.18298
2779     1.18333
2780     1.18366
2781     1.18396
2782     1.18423
2783     1.18448
2784      1.1847
2785     1.18489
2786     1.18506
2787      1.1852
2788     1.18531
2789     1.18539
2790     1.18545
2791     1.18548
2792     1.18549
2793     1.18547
2794     1.18542
2795     1.18535
2796     1.18525
2797     1.18512
2798     1.18497
2799     1.18479
2800     1.18458
2801     1.18435
2802      1.1841
2803     1.18382
2804     1.18352
2805     1.18319
2806     1.18283
2807     1.18246
2808     1.18206
2809     1.18164
2810      1.1812
2811     1.18074
2812     1.18026
2813     1.17976
2814     1.17924
2815     1.17871
2816     1.17816
2817     1.17759
2818     1.17701
2819     1.17642
2820     1.17582
2821     1.17521
2822     1.17459
2823     1.17396
2824     1.17333
2825      1.1727
2826     1.17206
2827     1.17142
2828     1.17079
2829     1.17015
2830     1.16952
2831      1.1689
2832     1.16828
2833     1.16768
2834     1.16708
2835     1.16649
2836     1.16592
2837     1.16536
2838     1.16481
2839     1.16427
2840     1.16376
2841     1.16325
2842     1.16277
2843     1.16229
2844     1.16184
2845      1.1614
2846     1.16097
2847     1.16056
2848     1.16017
2849     1.15978
2850     1.15941
2851     1.15905
2852      1.1587
2853     1.15836
2854     1.15802
2855     1.15769
2856     1.15736
2857     1.15703
2858     1.15671
2859     1.15638
2860     1.15604
2861      1.1557
2862     1.15535
2863     1.15499
2864     1.15462
2865     1.15423
2866     1.15383
2867      1.1534
2868     1.15296
2869     1.15249
2870       1.152
2871     1.15149
2872     1.15094
2873     1.15037
2874     1.14976
2875     1.14913
2876     1.14847
2877     1.14777
2878     1.14704
2879     1.14627
2880     1.14548
2881     1.14464
2882     1.14378
2883     1.14288
2884     1.14195
2885     1.14098
2886     1.13999
2887     1.13896
2888     1.13791
2889     1.13683
2890     1.13571
2891     1.13458
2892     1.13341
2893     1.13223
2894     1.13102
2895      1.1298
2896     1.12856
2897      1.1273
2898     1.12603
2899     1.12474
2900     1.12345
2901     1.12215
2902     1.12084
2903     1.11954
2904     1.11823
2905     1.11692
2906     1.11561
2907     1.11431
2908     1.11302
2909     1.11173
2910     1.11046
2911      1.1092
2912     1.10795
2913     1.10673
2914     1.10552
2915     1.10433
2916     1.10316
2917     1.10202
2918      1.1009
2919     1.09981
2920     1.09875
2921     1.09771
2922      1.0967
2923     1.09573
2924     1.09478
2925     1.09387
2926     1.09299
2927     1.09214
2928     1.09133
2929     1.09055
2930      1.0898
2931     1.08909
2932     1.08841
2933     1.08776
2934     1.08715
2935     1.08657
2936     1.08603
2937     1.08551
2938     1.08503
2939     1.08458
2940     1.08416
2941     1.08376
2942      1.0834
2943     1.08306
2944     1.08275
2945     1.08247
2946     1.08221
2947     1.08197
2948     1.08176
2949     1.08156
2950     1.08139
2951     1.08123
2952     1.08109
2953     1.08097
2954     1.08086
2955     1.08076
2956     1.08067
2957     1.08059
2958     1.08052
2959     1.08045
2960     1.08039
2961     1.08034
2962     1.08028
2963     1.08023
2964     1.08017
2965     1.08011
2966     1.08004
2967     1.07997
2968      1.0799
2969     1.07981
2970     1.07971
2971     1.07961
2972     1.07949
2973     1.07936
2974     1.07921
2975     1.07905
2976     1.07887
2977     1.07867
2978     1.07846
2979     1.07822
2980     1.07797
2981     1.07769
2982     1.07739
2983     1.07707
2984     1.07673
2985     1.07636
2986     1.07598
2987     1.07557
2988     1.07513
2989     1.07467
2990     1.07419
2991     1.07368
2992     1.07315
2993      1.0726
2994     1.07202
2995     1.07142
2996     1.07079
2997     1.07014
2998     1.06947
2999     1.06878
