0        1.55
1     1.54985
2      1.5494
3     1.54866
4     1.54761
5     1.54627
6     1.54464
7     1.54271
8     1.54048
9     1.53796
10     1.53514
11     1.53204
12     1.52864
13     1.52496
14     1.52098
15     1.51672
16     1.51218
17     1.50736
18     1.50225
19     1.49686
20     1.49119
21     1.48524
22     1.47901
23      1.4725
24     1.46572
25     1.45865
26     1.45131
27      1.4437
28     1.43581
29     1.42765
30     1.41922
31     1.41052
32     1.40155
33     1.39232
34     1.38282
35     1.37307
36     1.36305
37     1.35278
38     1.34227
39      1.3315
40     1.32049
41     1.30924
42     1.29776
43     1.28604
44      1.2741
45     1.26194
46     1.24956
47     1.23698
48     1.22419
49      1.2112
50     1.19802
51     1.18465
52     1.17111
53     1.15741
54     1.14354
55     1.12952
56     1.11535
57     1.10105
58     1.08663
59     1.07209
60     1.05745
61     1.04271
62     1.02789
63       1.013
64    0.998042
65    0.983039
66    0.967999
67    0.952935
68    0.937859
69    0.922785
70    0.907724
71     0.89269
72    0.877697
73    0.862758
74    0.847887
75    0.833097
76    0.818403
77    0.803817
78    0.789354
79    0.775028
80    0.760853
81     0.74684
82    0.733005
83     0.71936
84    0.705918
85    0.692691
86    0.679693
87    0.666934
88    0.654426
89    0.642181
90     0.63021
91    0.618522
92    0.607128
93    0.596037
94    0.585258
95    0.574798
96    0.564666
97    0.554868
98    0.545411
99      0.5363
100     0.52754
101    0.519137
102    0.511092
103     0.50341
104    0.496093
105    0.489142
106    0.482559
107    0.476344
108    0.470496
109    0.465015
110      0.4599
111    0.455148
112    0.450756
113    0.446723
114    0.443044
115    0.439715
116    0.436731
117    0.434087
118    0.431777
119    0.429796
120    0.428136
121    0.426792
122    0.425755
123    0.425019
124    0.424577
125    0.424419
126    0.424539
127    0.424927
128    0.425575
129    0.426475
130    0.427618
131    0.428994
132    0.430596
133    0.432413
134    0.434437
135     0.43666
136    0.439071
137    0.441661
138    0.444422
139    0.447346
140    0.450422
141    0.453643
142    0.457001
143    0.460485
144    0.464089
145    0.467805
146    0.471623
147    0.475536
148    0.479536
149    0.483615
150    0.487767
151    0.491985
152    0.496261
153    0.500588
154     0.50496
155     0.50937
156    0.513813
157    0.518283
158    0.522773
159    0.527278
160    0.531794
161    0.536314
162    0.540834
163    0.545349
164    0.549855
165    0.554347
166    0.558822
167    0.563276
168    0.567706
169    0.572106
170    0.576476
171    0.580809
172    0.585105
173     0.58936
174    0.593571
175    0.597735
176     0.60185
177    0.605915
178    0.609926
179    0.613882
180    0.617781
181     0.62162
182    0.625399
183    0.629116
184    0.632768
185    0.636354
186    0.639873
187    0.643323
188    0.646703
189    0.650013
190     0.65325
191    0.656414
192    0.659503
193    0.662517
194    0.665453
195     0.66831
196    0.671088
197    0.673786
198    0.676402
199    0.678935
200    0.681385
201    0.683752
202    0.686034
203     0.68823
204    0.690339
205    0.692362
206    0.694298
207    0.696146
208    0.697905
209    0.699575
210    0.701156
211    0.702647
212    0.704047
213    0.705357
214    0.706576
215    0.707705
216    0.708742
217    0.709689
218    0.710546
219    0.711314
220    0.711994
221    0.712586
222     0.71309
223    0.713507
224    0.713838
225    0.714084
226    0.714246
227    0.714326
228    0.714324
229    0.714242
230    0.714083
231    0.713848
232    0.713538
233    0.713157
234    0.712707
235     0.71219
236    0.711609
237    0.710965
238    0.710263
239    0.709505
240    0.708693
241    0.707832
242    0.706924
243    0.705971
244    0.704979
245     0.70395
246    0.702889
247      0.7018
248    0.700686
249     0.69955
250    0.698395
251    0.697226
252    0.696046
253    0.694859
254    0.693669
255    0.692479
256    0.691294
257    0.690118
258    0.688954
259    0.687805
260    0.686675
261    0.685566
262    0.684482
263    0.683428
264    0.682406
265    0.681419
266    0.680469
267    0.679561
268    0.678696
269    0.677876
270    0.677105
271    0.676384
272    0.675717
273    0.675104
274    0.674548
275     0.67405
276    0.673614
277    0.673239
278    0.672926
279    0.672678
280    0.672493
281    0.672373
282    0.672319
283    0.672331
284    0.672409
285    0.672554
286    0.672764
287    0.673042
288    0.673387
289    0.673797
290    0.674274
291    0.674815
292     0.67542
293    0.676091
294    0.676826
295    0.677622
296     0.67848
297    0.679398
298    0.680374
299    0.681407
300    0.682495
301    0.683636
302     0.68483
303    0.686075
304    0.687369
305    0.688711
306    0.690099
307    0.691529
308    0.693001
309    0.694513
310    0.696061
311    0.697645
312    0.699264
313    0.700915
314    0.702595
315    0.704303
316    0.706036
317     0.70779
318    0.709565
319    0.711357
320    0.713165
321    0.714986
322    0.716816
323    0.718656
324      0.7205
325    0.722348
326    0.724196
327    0.726042
328    0.727883
329    0.729718
330    0.731543
331    0.733356
332    0.735154
333    0.736935
334    0.738697
335    0.740437
336     0.74215
337    0.743836
338     0.74549
339    0.747111
340    0.748696
341    0.750243
342     0.75175
343    0.753215
344    0.754635
345    0.756009
346    0.757333
347    0.758606
348    0.759825
349     0.76099
350    0.762098
351    0.763149
352     0.76414
353    0.765074
354    0.765947
355     0.76676
356    0.767512
357    0.768202
358     0.76883
359    0.769398
360    0.769905
361    0.770352
362    0.770743
363    0.771076
364    0.771355
365    0.771581
366    0.771755
367    0.771879
368    0.771957
369    0.771991
370    0.771986
371    0.771944
372    0.771869
373    0.771764
374    0.771633
375     0.77148
376     0.77131
377    0.771128
378    0.770937
379    0.770743
380     0.77055
381    0.770362
382    0.770185
383    0.770024
384    0.769882
385    0.769766
386    0.769679
387    0.769626
388    0.769612
389    0.769641
390    0.769716
391    0.769842
392    0.770022
393    0.770258
394    0.770556
395    0.770917
396    0.771342
397    0.771833
398    0.772391
399    0.773018
400    0.773716
401    0.774484
402    0.775323
403    0.776231
404    0.777208
405    0.778251
406    0.779359
407    0.780532
408    0.781766
409     0.78306
410    0.784411
411    0.785815
412    0.787268
413    0.788767
414    0.790309
415     0.79189
416    0.793508
417    0.795157
418    0.796834
419    0.798534
420    0.800254
421     0.80199
422    0.803736
423    0.805491
424     0.80725
425    0.809009
426    0.810765
427    0.812514
428    0.814253
429     0.81598
430     0.81769
431    0.819381
432     0.82105
433    0.822695
434    0.824313
435    0.825903
436    0.827464
437    0.828991
438    0.830484
439    0.831941
440    0.833359
441    0.834739
442    0.836078
443    0.837376
444    0.838631
445    0.839842
446     0.84101
447    0.842133
448    0.843212
449    0.844244
450    0.845231
451     0.84617
452    0.847061
453    0.847904
454      0.8487
455    0.849448
456    0.850147
457    0.850798
458      0.8514
459    0.851953
460    0.852457
461    0.852913
462    0.853321
463    0.853682
464    0.853993
465    0.854254
466    0.854467
467    0.854631
468    0.854746
469    0.854814
470    0.854833
471    0.854804
472    0.854727
473    0.854604
474    0.854434
475    0.854218
476    0.853956
477    0.853646
478    0.853292
479    0.852892
480    0.852447
481    0.851958
482    0.851427
483    0.850852
484    0.850236
485    0.849578
486     0.84888
487    0.848145
488    0.847373
489    0.846564
490     0.84572
491    0.844843
492    0.843935
493    0.842999
494    0.842034
495    0.841045
496    0.840032
497    0.838998
498    0.837946
499    0.836876
500    0.835793
501    0.834698
502    0.833593
503    0.832481
504    0.831366
505     0.83025
506    0.829137
507    0.828029
508    0.826931
509    0.825843
510     0.82477
511    0.823714
512    0.822679
513    0.821667
514    0.820682
515    0.819726
516    0.818803
517    0.817916
518    0.817069
519    0.816263
520    0.815501
521    0.814785
522    0.814119
523    0.813505
524    0.812944
525    0.812439
526    0.811991
527    0.811604
528     0.81128
529    0.811019
530    0.810823
531    0.810693
532    0.810631
533    0.810637
534    0.810712
535    0.810856
536    0.811072
537    0.811357
538    0.811714
539     0.81214
540    0.812637
541    0.813202
542    0.813838
543    0.814541
544    0.815312
545    0.816148
546     0.81705
547    0.818015
548    0.819041
549    0.820127
550    0.821271
551    0.822471
552    0.823725
553    0.825031
554    0.826388
555    0.827792
556    0.829241
557    0.830731
558     0.83226
559    0.833828
560     0.83543
561    0.837062
562    0.838723
563    0.840409
564    0.842119
565    0.843849
566    0.845596
567    0.847358
568    0.849133
569    0.850918
570    0.852711
571    0.854508
572    0.856306
573    0.858103
574    0.859899
575     0.86169
576    0.863472
577    0.865244
578    0.867005
579    0.868752
580    0.870484
581    0.872201
582    0.873899
583    0.875576
584    0.877232
585    0.878863
586    0.880468
587    0.882047
588    0.883598
589    0.885122
590    0.886616
591    0.888081
592    0.889513
593    0.890914
594    0.892282
595    0.893616
596    0.894916
597    0.896182
598    0.897412
599    0.898606
600    0.899765
601    0.900888
602    0.901976
603    0.903029
604    0.904045
605    0.905025
606    0.905969
607    0.906878
608    0.907751
609    0.908591
610    0.909397
611    0.910167
612    0.910901
613    0.911601
614    0.912266
615    0.912898
616    0.913497
617    0.914062
618    0.914594
619    0.915092
620    0.915558
621     0.91599
622    0.916389
623    0.916754
624    0.917086
625    0.917385
626    0.917652
627    0.917886
628    0.918087
629    0.918256
630    0.918392
631    0.918495
632    0.918566
633    0.918604
634    0.918609
635    0.918581
636    0.918521
637    0.918428
638    0.918301
639    0.918142
640     0.91795
641    0.917725
642    0.917468
643    0.917177
644    0.916851
645    0.916491
646    0.916098
647     0.91567
648    0.915206
649    0.914708
650    0.914174
651    0.913605
652       0.913
653    0.912361
654    0.911686
655    0.910976
656     0.91023
657    0.909448
658    0.908631
659    0.907778
660     0.90689
661    0.905965
662    0.905005
663    0.904009
664    0.902979
665    0.901914
666    0.900815
667    0.899683
668    0.898519
669    0.897322
670    0.896095
671    0.894836
672    0.893549
673    0.892233
674     0.89089
675    0.889522
676    0.888131
677    0.886716
678    0.885279
679    0.883822
680    0.882346
681    0.880852
682    0.879343
683    0.877819
684    0.876284
685    0.874739
686    0.873186
687    0.871627
688    0.870064
689    0.868499
690    0.866934
691    0.865371
692    0.863812
693    0.862258
694    0.860711
695    0.859173
696    0.857646
697    0.856133
698    0.854634
699    0.853151
700    0.851686
701    0.850239
702    0.848812
703    0.847406
704    0.846022
705     0.84466
706    0.843322
707    0.842008
708     0.84072
709    0.839458
710    0.838222
711    0.837012
712    0.835826
713    0.834666
714    0.833531
715    0.832419
716    0.831331
717    0.830266
718    0.829224
719    0.828203
720    0.827203
721    0.826223
722    0.825262
723    0.824318
724     0.82339
725    0.822477
726    0.821578
727     0.82069
728    0.819812
729    0.818943
730    0.818081
731    0.817224
732     0.81637
733    0.815518
734    0.814665
735    0.813811
736    0.812954
737    0.812093
738    0.811226
739    0.810352
740    0.809469
741    0.808576
742    0.807671
743    0.806753
744    0.805821
745    0.804874
746     0.80391
747     0.80293
748    0.801931
749    0.800913
750    0.799876
751    0.798818
752    0.797739
753     0.79664
754     0.79552
755    0.794377
756    0.793212
757    0.792025
758    0.790816
759    0.789585
760    0.788332
761    0.787057
762     0.78576
763    0.784442
764    0.783102
765    0.781742
766    0.780362
767    0.778962
768    0.777543
769    0.776107
770    0.774653
771    0.773184
772      0.7717
773    0.770202
774    0.768692
775    0.767172
776    0.765642
777    0.764105
778    0.762563
779    0.761016
780    0.759466
781    0.757915
782    0.756363
783    0.754815
784     0.75327
785    0.751731
786      0.7502
787    0.748677
788    0.747166
789    0.745668
790    0.744186
791    0.742721
792    0.741276
793    0.739851
794    0.738448
795     0.73707
796    0.735718
797    0.734396
798    0.733105
799    0.731846
800    0.730622
801    0.729436
802    0.728287
803    0.727178
804     0.72611
805    0.725086
806    0.724107
807    0.723175
808    0.722291
809    0.721458
810    0.720675
811    0.719946
812    0.719272
813    0.718653
814    0.718094
815    0.717593
816    0.717152
817    0.716771
818    0.716453
819    0.716197
820    0.716004
821    0.715876
822    0.715815
823    0.715818
824    0.715886
825     0.71602
826     0.71622
827    0.716486
828    0.716817
829    0.717215
830    0.717679
831    0.718209
832    0.718804
833    0.719464
834    0.720189
835    0.720976
836    0.721826
837    0.722736
838    0.723707
839    0.724738
840    0.725826
841     0.72697
842    0.728167
843    0.729416
844    0.730713
845    0.732058
846    0.733446
847    0.734878
848    0.736352
849    0.737863
850    0.739409
851    0.740987
852    0.742593
853    0.744225
854    0.745882
855    0.747561
856    0.749258
857     0.75097
858    0.752694
859    0.754425
860    0.756162
861    0.757901
862     0.75964
863    0.761375
864    0.763105
865    0.764827
866    0.766536
867    0.768232
868    0.769912
869    0.771572
870    0.773212
871    0.774828
872    0.776421
873    0.777986
874    0.779524
875    0.781031
876    0.782507
877    0.783951
878     0.78536
879    0.786732
880    0.788068
881    0.789367
882    0.790627
883    0.791847
884    0.793026
885    0.794165
886    0.795263
887    0.796321
888    0.797336
889    0.798307
890    0.799236
891    0.800121
892    0.800965
893    0.801765
894    0.802522
895    0.803236
896    0.803908
897    0.804537
898    0.805126
899    0.805671
900    0.806176
901    0.806639
902    0.807062
903    0.807445
904    0.807788
905     0.80809
906    0.808354
907    0.808579
908    0.808767
909    0.808917
910    0.809031
911     0.80911
912    0.809154
913    0.809163
914     0.80914
915    0.809085
916    0.808999
917    0.808883
918    0.808737
919    0.808563
920    0.808363
921    0.808136
922    0.807883
923    0.807607
924    0.807307
925    0.806987
926    0.806646
927    0.806284
928    0.805905
929     0.80551
930    0.805098
931    0.804673
932    0.804234
933    0.803782
934    0.803319
935    0.802847
936    0.802365
937    0.801877
938    0.801384
939    0.800885
940    0.800382
941    0.799877
942     0.79937
943    0.798862
944    0.798354
945    0.797847
946    0.797343
947    0.796841
948    0.796344
949    0.795851
950    0.795364
951    0.794883
952    0.794408
953     0.79394
954     0.79348
955    0.793028
956    0.792583
957    0.792146
958    0.791716
959    0.791293
960    0.790879
961    0.790474
962    0.790078
963    0.789691
964    0.789312
965    0.788941
966    0.788577
967    0.788221
968    0.787872
969    0.787531
970    0.787198
971    0.786871
972    0.786552
973     0.78624
974    0.785933
975    0.785632
976    0.785336
977    0.785046
978     0.78476
979    0.784479
980    0.784203
981    0.783931
982    0.783663
983    0.783399
984     0.78314
985    0.782884
986    0.782634
987    0.782387
988    0.782145
989    0.781908
990    0.781675
991    0.781447
992    0.781224
993    0.781005
994    0.780792
995    0.780585
996    0.780386
997    0.780192
998    0.780007
999    0.779829
1000    0.779659
1001    0.779498
1002    0.779346
1003    0.779205
1004    0.779073
1005    0.778954
1006    0.778846
1007     0.77875
1008    0.778669
1009    0.778602
1010     0.77855
1011    0.778515
1012    0.778497
1013    0.778496
1014    0.778513
1015     0.77855
1016    0.778608
1017    0.778687
1018    0.778788
1019    0.778913
1020    0.779064
1021    0.779239
1022    0.779439
1023    0.779666
1024    0.779919
1025      0.7802
1026     0.78051
1027    0.780849
1028    0.781217
1029    0.781615
1030    0.782042
1031    0.782498
1032    0.782984
1033    0.783498
1034    0.784041
1035    0.784612
1036    0.785211
1037    0.785836
1038    0.786487
1039    0.787164
1040    0.787865
1041     0.78859
1042    0.789337
1043    0.790104
1044     0.79089
1045    0.791693
1046    0.792512
1047    0.793345
1048    0.794191
1049    0.795046
1050    0.795908
1051    0.796775
1052    0.797647
1053    0.798521
1054    0.799393
1055    0.800263
1056    0.801127
1057    0.801983
1058    0.802827
1059    0.803659
1060    0.804477
1061    0.805277
1062    0.806057
1063    0.806816
1064    0.807552
1065    0.808263
1066    0.808946
1067    0.809599
1068     0.81022
1069    0.810808
1070     0.81136
1071    0.811875
1072    0.812351
1073    0.812788
1074    0.813183
1075    0.813536
1076    0.813846
1077    0.814111
1078     0.81433
1079    0.814501
1080    0.814624
1081    0.814699
1082    0.814725
1083    0.814701
1084    0.814629
1085    0.814506
1086    0.814332
1087    0.814107
1088    0.813831
1089    0.813504
1090    0.813125
1091    0.812697
1092    0.812218
1093    0.811687
1094    0.811107
1095    0.810477
1096    0.809797
1097    0.809069
1098    0.808295
1099    0.807476
1100    0.806612
1101    0.805704
1102    0.804753
1103    0.803759
1104    0.802725
1105    0.801651
1106     0.80054
1107    0.799393
1108    0.798211
1109    0.796997
1110    0.795751
1111    0.794476
1112    0.793174
1113    0.791848
1114      0.7905
1115    0.789131
1116    0.787745
1117    0.786343
1118    0.784927
1119    0.783501
1120    0.782066
1121    0.780625
1122     0.77918
1123    0.777734
1124     0.77629
1125    0.774851
1126     0.77342
1127    0.771999
1128    0.770593
1129    0.769203
1130    0.767833
1131    0.766486
1132    0.765164
1133     0.76387
1134    0.762608
1135    0.761379
1136    0.760187
1137    0.759034
1138    0.757926
1139    0.756863
1140    0.755847
1141    0.754882
1142    0.753969
1143    0.753112
1144    0.752313
1145    0.751573
1146    0.750896
1147    0.750282
1148    0.749734
1149    0.749254
1150    0.748845
1151    0.748508
1152    0.748243
1153    0.748052
1154    0.747937
1155    0.747898
1156    0.747936
1157    0.748052
1158    0.748246
1159    0.748518
1160    0.748869
1161    0.749299
1162    0.749808
1163    0.750396
1164    0.751063
1165    0.751808
1166     0.75263
1167    0.753528
1168    0.754501
1169    0.755549
1170     0.75667
1171    0.757863
1172    0.759126
1173    0.760458
1174    0.761856
1175    0.763319
1176    0.764846
1177    0.766433
1178    0.768079
1179    0.769781
1180    0.771536
1181    0.773341
1182    0.775194
1183    0.777093
1184    0.779033
1185    0.781014
1186    0.783031
1187    0.785083
1188    0.787165
1189    0.789276
1190    0.791412
1191    0.793571
1192    0.795748
1193    0.797941
1194    0.800144
1195    0.802357
1196    0.804576
1197    0.806798
1198     0.80902
1199    0.811239
1200    0.813451
1201    0.815654
1202    0.817845
1203     0.82002
1204    0.822178
1205    0.824314
1206    0.826428
1207    0.828515
1208    0.830573
1209    0.832599
1210    0.834591
1211    0.836545
1212    0.838459
1213    0.840331
1214    0.842159
1215    0.843941
1216    0.845674
1217    0.847357
1218    0.848988
1219    0.850565
1220    0.852086
1221    0.853551
1222    0.854957
1223    0.856304
1224    0.857589
1225    0.858812
1226    0.859973
1227    0.861068
1228      0.8621
1229    0.863067
1230    0.863969
1231    0.864808
1232    0.865582
1233    0.866292
1234    0.866935
1235    0.867513
1236    0.868028
1237    0.868479
1238    0.868868
1239    0.869196
1240    0.869462
1241    0.869668
1242    0.869816
1243    0.869909
1244    0.869947
1245    0.869933
1246    0.869868
1247    0.869754
1248    0.869594
1249     0.86939
1250    0.869144
1251    0.868859
1252     0.86854
1253    0.868187
1254    0.867803
1255     0.86739
1256    0.866952
1257    0.866491
1258    0.866009
1259    0.865511
1260    0.864998
1261    0.864475
1262    0.863946
1263    0.863412
1264    0.862876
1265    0.862342
1266    0.861812
1267    0.861289
1268    0.860775
1269    0.860275
1270    0.859789
1271     0.85932
1272     0.85887
1273    0.858441
1274    0.858035
1275    0.857656
1276    0.857306
1277    0.856987
1278      0.8567
1279    0.856445
1280    0.856227
1281    0.856048
1282    0.855906
1283    0.855804
1284    0.855743
1285    0.855724
1286    0.855746
1287    0.855812
1288    0.855921
1289    0.856074
1290    0.856271
1291    0.856513
1292    0.856799
1293    0.857129
1294    0.857502
1295    0.857918
1296    0.858377
1297    0.858878
1298     0.85942
1299    0.860004
1300    0.860628
1301     0.86129
1302     0.86199
1303    0.862724
1304    0.863491
1305    0.864289
1306    0.865117
1307    0.865971
1308     0.86685
1309    0.867752
1310    0.868675
1311    0.869617
1312    0.870574
1313    0.871543
1314    0.872522
1315    0.873509
1316    0.874501
1317    0.875494
1318    0.876486
1319    0.877475
1320    0.878458
1321    0.879433
1322    0.880395
1323    0.881343
1324    0.882273
1325    0.883183
1326    0.884071
1327    0.884934
1328    0.885768
1329    0.886572
1330    0.887345
1331    0.888082
1332    0.888781
1333     0.88944
1334    0.890059
1335    0.890636
1336    0.891168
1337    0.891652
1338    0.892087
1339    0.892471
1340    0.892803
1341    0.893083
1342    0.893307
1343    0.893477
1344     0.89359
1345    0.893645
1346    0.893641
1347    0.893578
1348    0.893455
1349    0.893271
1350    0.893027
1351    0.892722
1352    0.892355
1353    0.891926
1354    0.891435
1355    0.890881
1356    0.890264
1357    0.889585
1358    0.888844
1359    0.888041
1360    0.887177
1361    0.886251
1362    0.885267
1363    0.884224
1364    0.883122
1365    0.881962
1366    0.880744
1367    0.879471
1368    0.878142
1369     0.87676
1370    0.875324
1371    0.873836
1372    0.872297
1373    0.870708
1374     0.86907
1375    0.867383
1376    0.865649
1377    0.863869
1378    0.862046
1379    0.860182
1380    0.858275
1381    0.856329
1382    0.854344
1383    0.852323
1384    0.850267
1385    0.848179
1386    0.846059
1387    0.843909
1388    0.841731
1389    0.839524
1390    0.837291
1391    0.835034
1392    0.832754
1393    0.830453
1394    0.828132
1395    0.825794
1396    0.823438
1397    0.821069
1398    0.818688
1399    0.816295
1400    0.813892
1401    0.811481
1402    0.809063
1403    0.806641
1404    0.804216
1405    0.801789
1406    0.799361
1407    0.796934
1408     0.79451
1409    0.792091
1410    0.789677
1411    0.787271
1412    0.784875
1413    0.782488
1414    0.780115
1415    0.777755
1416    0.775411
1417    0.773085
1418    0.770777
1419     0.76849
1420    0.766224
1421    0.763982
1422    0.761767
1423    0.759578
1424    0.757417
1425    0.755288
1426    0.753189
1427    0.751122
1428     0.74909
1429    0.747093
1430    0.745134
1431    0.743214
1432    0.741335
1433    0.739498
1434    0.737704
1435    0.735955
1436    0.734253
1437    0.732598
1438    0.730994
1439     0.72944
1440    0.727938
1441    0.726489
1442    0.725093
1443    0.723753
1444    0.722469
1445    0.721244
1446    0.720079
1447    0.718972
1448    0.717926
1449    0.716943
1450    0.716022
1451    0.715164
1452    0.714371
1453    0.713642
1454    0.712978
1455    0.712379
1456    0.711847
1457     0.71138
1458    0.710979
1459    0.710646
1460    0.710379
1461    0.710179
1462    0.710044
1463    0.709976
1464    0.709974
1465    0.710037
1466    0.710165
1467    0.710358
1468    0.710614
1469    0.710934
1470    0.711316
1471     0.71176
1472    0.712264
1473    0.712828
1474     0.71345
1475     0.71413
1476    0.714868
1477    0.715662
1478    0.716511
1479    0.717414
1480    0.718367
1481    0.719371
1482    0.720424
1483    0.721524
1484    0.722671
1485    0.723863
1486    0.725098
1487    0.726376
1488    0.727694
1489    0.729051
1490    0.730446
1491    0.731877
1492    0.733342
1493    0.734841
1494    0.736372
1495    0.737935
1496    0.739529
1497    0.741151
1498    0.742801
1499    0.744476
1500    0.746176
1501    0.747899
1502    0.749644
1503    0.751411
1504    0.753197
1505    0.755003
1506    0.756826
1507    0.758666
1508    0.760521
1509     0.76239
1510    0.764272
1511    0.766167
1512    0.768073
1513     0.76999
1514    0.771915
1515    0.773846
1516    0.775783
1517    0.777724
1518    0.779668
1519    0.781614
1520     0.78356
1521    0.785505
1522    0.787448
1523    0.789389
1524    0.791325
1525    0.793255
1526    0.795177
1527    0.797089
1528    0.798989
1529    0.800877
1530     0.80275
1531    0.804607
1532    0.806444
1533    0.808262
1534     0.81006
1535    0.811835
1536    0.813586
1537     0.81531
1538    0.817006
1539    0.818673
1540    0.820309
1541    0.821911
1542     0.82348
1543    0.825013
1544     0.82651
1545    0.827968
1546    0.829386
1547    0.830765
1548    0.832102
1549    0.833394
1550    0.834642
1551    0.835844
1552    0.836999
1553    0.838106
1554    0.839166
1555    0.840176
1556    0.841136
1557    0.842043
1558    0.842898
1559    0.843699
1560    0.844447
1561    0.845141
1562     0.84578
1563    0.846363
1564     0.84689
1565    0.847361
1566    0.847777
1567    0.848137
1568     0.84844
1569    0.848687
1570    0.848878
1571    0.849012
1572    0.849091
1573    0.849113
1574     0.84908
1575    0.848993
1576    0.848852
1577    0.848657
1578    0.848408
1579    0.848107
1580    0.847752
1581    0.847346
1582    0.846889
1583    0.846382
1584    0.845826
1585    0.845223
1586    0.844573
1587    0.843878
1588    0.843137
1589    0.842351
1590    0.841523
1591    0.840654
1592    0.839744
1593    0.838797
1594    0.837813
1595    0.836795
1596    0.835744
1597    0.834661
1598    0.833546
1599    0.832401
1600    0.831228
1601    0.830029
1602    0.828805
1603    0.827557
1604    0.826288
1605       0.825
1606    0.823693
1607    0.822372
1608    0.821036
1609    0.819689
1610    0.818332
1611    0.816968
1612    0.815598
1613    0.814225
1614    0.812851
1615    0.811479
1616    0.810109
1617    0.808745
1618    0.807389
1619    0.806041
1620    0.804702
1621    0.803374
1622     0.80206
1623     0.80076
1624    0.799477
1625    0.798212
1626    0.796967
1627    0.795744
1628    0.794545
1629    0.793372
1630    0.792224
1631    0.791106
1632    0.790019
1633    0.788964
1634    0.787943
1635    0.786957
1636    0.786008
1637    0.785097
1638    0.784227
1639    0.783399
1640    0.782613
1641    0.781871
1642    0.781175
1643    0.780525
1644    0.779924
1645     0.77937
1646    0.778867
1647    0.778414
1648    0.778014
1649    0.777666
1650    0.777371
1651     0.77713
1652    0.776944
1653    0.776814
1654     0.77674
1655    0.776721
1656    0.776757
1657    0.776849
1658    0.776999
1659    0.777204
1660    0.777465
1661    0.777781
1662    0.778152
1663    0.778577
1664    0.779055
1665    0.779586
1666    0.780168
1667      0.7808
1668    0.781482
1669     0.78221
1670    0.782985
1671    0.783805
1672    0.784668
1673    0.785572
1674    0.786516
1675    0.787497
1676    0.788515
1677    0.789565
1678    0.790647
1679    0.791758
1680    0.792895
1681    0.794056
1682    0.795238
1683     0.79644
1684    0.797658
1685    0.798891
1686    0.800135
1687    0.801389
1688    0.802648
1689    0.803912
1690    0.805176
1691     0.80644
1692    0.807701
1693    0.808957
1694    0.810203
1695     0.81144
1696    0.812665
1697    0.813876
1698    0.815069
1699    0.816244
1700    0.817398
1701    0.818528
1702    0.819635
1703    0.820715
1704    0.821767
1705     0.82279
1706    0.823782
1707    0.824743
1708     0.82567
1709    0.826564
1710    0.827424
1711    0.828249
1712    0.829036
1713    0.829786
1714    0.830499
1715    0.831173
1716    0.831809
1717    0.832406
1718    0.832965
1719    0.833484
1720    0.833965
1721    0.834408
1722    0.834813
1723    0.835179
1724    0.835509
1725    0.835803
1726     0.83606
1727    0.836283
1728    0.836472
1729    0.836628
1730    0.836751
1731    0.836842
1732    0.836904
1733    0.836938
1734    0.836942
1735     0.83692
1736    0.836872
1737    0.836801
1738    0.836707
1739    0.836591
1740    0.836454
1741    0.836298
1742    0.836124
1743    0.835933
1744    0.835727
1745    0.835506
1746    0.835272
1747    0.835026
1748    0.834769
1749    0.834502
1750    0.834225
1751    0.833941
1752    0.833651
1753    0.833355
1754    0.833054
1755    0.832749
1756    0.832441
1757    0.832129
1758    0.831817
1759    0.831504
1760    0.831189
1761    0.830874
1762    0.830559
1763    0.830244
1764     0.82993
1765    0.829618
1766    0.829308
1767    0.829001
1768    0.828697
1769    0.828395
1770    0.828097
1771    0.827801
1772    0.827509
1773    0.827219
1774    0.826933
1775     0.82665
1776    0.826369
1777    0.826091
1778    0.825816
1779    0.825543
1780    0.825272
1781    0.825005
1782    0.824739
1783    0.824476
1784    0.824214
1785    0.823955
1786    0.823698
1787    0.823442
1788    0.823189
1789    0.822937
1790    0.822687
1791    0.822438
1792     0.82219
1793    0.821942
1794    0.821696
1795     0.82145
1796    0.821204
1797    0.820958
1798    0.820713
1799    0.820468
1800    0.820222
1801    0.819976
1802     0.81973
1803    0.819483
1804    0.819234
1805    0.818985
1806    0.818733
1807     0.81848
1808    0.818224
1809    0.817966
1810    0.817706
1811    0.817443
1812    0.817177
1813    0.816908
1814    0.816635
1815    0.816357
1816    0.816076
1817    0.815789
1818    0.815497
1819      0.8152
1820    0.814898
1821     0.81459
1822    0.814275
1823    0.813953
1824    0.813624
1825    0.813285
1826    0.812938
1827    0.812582
1828    0.812217
1829    0.811841
1830    0.811453
1831    0.811055
1832    0.810646
1833    0.810225
1834    0.809791
1835    0.809343
1836    0.808881
1837    0.808406
1838    0.807916
1839    0.807411
1840    0.806892
1841    0.806356
1842    0.805803
1843    0.805235
1844    0.804649
1845    0.804045
1846    0.803422
1847    0.802781
1848     0.80212
1849    0.801442
1850    0.800745
1851    0.800029
1852    0.799292
1853    0.798536
1854    0.797761
1855    0.796965
1856    0.796149
1857    0.795315
1858    0.794461
1859    0.793587
1860    0.792694
1861    0.791783
1862    0.790852
1863    0.789903
1864    0.788937
1865    0.787952
1866     0.78695
1867    0.785932
1868      0.7849
1869    0.783853
1870    0.782793
1871     0.78172
1872    0.780636
1873     0.77954
1874    0.778436
1875    0.777324
1876    0.776206
1877    0.775081
1878    0.773953
1879    0.772822
1880    0.771691
1881    0.770561
1882    0.769433
1883     0.76831
1884    0.767194
1885    0.766086
1886    0.764989
1887    0.763905
1888    0.762835
1889     0.76178
1890    0.760743
1891    0.759726
1892    0.758731
1893     0.75776
1894    0.756816
1895      0.7559
1896    0.755015
1897    0.754162
1898    0.753344
1899    0.752562
1900    0.751819
1901    0.751116
1902    0.750455
1903    0.749838
1904    0.749266
1905    0.748741
1906    0.748264
1907    0.747836
1908    0.747458
1909    0.747134
1910    0.746863
1911    0.746649
1912    0.746489
1913    0.746386
1914    0.746338
1915    0.746347
1916    0.746412
1917    0.746533
1918    0.746711
1919    0.746946
1920    0.747236
1921    0.747583
1922    0.747985
1923    0.748441
1924    0.748953
1925    0.749519
1926    0.750137
1927    0.750807
1928    0.751526
1929    0.752293
1930    0.753107
1931    0.753967
1932     0.75487
1933    0.755813
1934    0.756795
1935    0.757815
1936     0.75887
1937    0.759958
1938    0.761076
1939    0.762222
1940    0.763392
1941    0.764587
1942    0.765801
1943    0.767034
1944     0.76828
1945    0.769539
1946    0.770807
1947    0.772082
1948    0.773361
1949    0.774643
1950    0.775924
1951    0.777201
1952    0.778472
1953    0.779732
1954    0.780981
1955    0.782214
1956    0.783431
1957    0.784627
1958    0.785801
1959    0.786951
1960    0.788073
1961    0.789166
1962    0.790229
1963    0.791259
1964    0.792255
1965    0.793215
1966    0.794139
1967    0.795023
1968    0.795867
1969    0.796668
1970    0.797427
1971    0.798142
1972    0.798813
1973    0.799439
1974    0.800019
1975    0.800555
1976    0.801046
1977    0.801492
1978    0.801894
1979    0.802253
1980    0.802568
1981    0.802842
1982    0.803074
1983    0.803268
1984    0.803424
1985    0.803544
1986     0.80363
1987    0.803684
1988    0.803707
1989    0.803703
1990    0.803672
1991    0.803619
1992    0.803545
1993    0.803453
1994    0.803346
1995    0.803226
1996    0.803096
1997    0.802959
1998    0.802818
1999    0.802677
2000    0.802541
2001     0.80241
2002    0.802287
2003    0.802175
2004    0.802078
2005    0.801998
2006    0.801938
2007      0.8019
2008    0.801887
2009      0.8019
2010    0.801943
2011    0.802018
2012    0.802126
2013    0.802269
2014     0.80245
2015    0.802668
2016    0.802926
2017    0.803226
2018    0.803568
2019    0.803954
2020    0.804382
2021    0.804854
2022    0.805371
2023    0.805934
2024    0.806542
2025    0.807195
2026    0.807891
2027    0.808631
2028    0.809412
2029    0.810235
2030      0.8111
2031    0.812003
2032    0.812945
2033    0.813924
2034    0.814936
2035    0.815982
2036    0.817059
2037    0.818166
2038      0.8193
2039    0.820459
2040    0.821641
2041    0.822846
2042    0.824069
2043     0.82531
2044    0.826567
2045    0.827837
2046    0.829117
2047    0.830405
2048    0.831701
2049    0.833001
2050    0.834301
2051      0.8356
2052    0.836895
2053    0.838185
2054    0.839466
2055    0.840738
2056    0.841997
2057    0.843243
2058    0.844473
2059    0.845686
2060    0.846878
2061    0.848049
2062    0.849197
2063    0.850321
2064    0.851419
2065    0.852488
2066    0.853527
2067    0.854536
2068    0.855512
2069    0.856454
2070    0.857361
2071    0.858232
2072    0.859066
2073    0.859862
2074     0.86062
2075    0.861338
2076    0.862016
2077    0.862653
2078    0.863249
2079    0.863801
2080    0.864309
2081    0.864772
2082    0.865191
2083    0.865566
2084    0.865894
2085    0.866177
2086    0.866413
2087    0.866602
2088    0.866744
2089    0.866838
2090    0.866886
2091    0.866886
2092    0.866839
2093    0.866746
2094    0.866605
2095    0.866418
2096    0.866184
2097    0.865905
2098    0.865581
2099    0.865211
2100    0.864796
2101    0.864336
2102     0.86383
2103     0.86328
2104    0.862687
2105    0.862051
2106    0.861373
2107    0.860653
2108    0.859892
2109     0.85909
2110    0.858247
2111    0.857365
2112    0.856443
2113    0.855485
2114    0.854489
2115    0.853458
2116    0.852391
2117     0.85129
2118    0.850157
2119    0.848993
2120    0.847799
2121    0.846576
2122    0.845325
2123    0.844047
2124    0.842745
2125    0.841418
2126    0.840069
2127    0.838698
2128    0.837308
2129      0.8359
2130    0.834476
2131    0.833038
2132    0.831588
2133    0.830128
2134     0.82866
2135    0.827188
2136    0.825712
2137    0.824234
2138    0.822755
2139    0.821279
2140    0.819808
2141    0.818344
2142     0.81689
2143    0.815449
2144    0.814023
2145    0.812614
2146    0.811225
2147    0.809858
2148    0.808516
2149    0.807202
2150    0.805918
2151    0.804666
2152    0.803448
2153    0.802268
2154    0.801126
2155    0.800027
2156    0.798972
2157    0.797963
2158    0.797003
2159    0.796092
2160    0.795235
2161    0.794433
2162    0.793685
2163    0.792996
2164    0.792367
2165    0.791798
2166    0.791289
2167    0.790841
2168    0.790456
2169    0.790135
2170    0.789879
2171    0.789687
2172     0.78956
2173    0.789498
2174    0.789499
2175    0.789565
2176    0.789694
2177    0.789887
2178    0.790142
2179    0.790458
2180    0.790834
2181     0.79127
2182    0.791763
2183    0.792312
2184    0.792915
2185    0.793571
2186    0.794279
2187    0.795037
2188     0.79584
2189     0.79669
2190    0.797583
2191    0.798515
2192    0.799483
2193    0.800486
2194    0.801519
2195    0.802582
2196     0.80367
2197     0.80478
2198     0.80591
2199    0.807056
2200    0.808215
2201    0.809384
2202    0.810562
2203    0.811744
2204    0.812927
2205    0.814106
2206    0.815279
2207    0.816442
2208    0.817593
2209    0.818729
2210    0.819846
2211     0.82094
2212    0.822009
2213    0.823049
2214    0.824058
2215    0.825034
2216    0.825973
2217    0.826874
2218    0.827735
2219    0.828551
2220     0.82932
2221    0.830042
2222    0.830713
2223    0.831332
2224    0.831897
2225    0.832406
2226    0.832859
2227    0.833254
2228    0.833589
2229    0.833864
2230    0.834077
2231    0.834229
2232    0.834318
2233    0.834346
2234    0.834311
2235    0.834215
2236    0.834057
2237    0.833838
2238    0.833558
2239     0.83322
2240    0.832823
2241    0.832369
2242     0.83186
2243    0.831298
2244    0.830684
2245    0.830019
2246    0.829308
2247    0.828551
2248    0.827751
2249    0.826911
2250    0.826032
2251    0.825117
2252    0.824169
2253    0.823191
2254    0.822186
2255    0.821155
2256    0.820103
2257    0.819031
2258    0.817941
2259    0.816836
2260    0.815719
2261    0.814594
2262    0.813461
2263    0.812325
2264    0.811186
2265    0.810047
2266     0.80891
2267    0.807778
2268    0.806652
2269    0.805533
2270    0.804422
2271    0.803323
2272    0.802236
2273    0.801161
2274      0.8001
2275    0.799054
2276    0.798023
2277     0.79701
2278    0.796013
2279    0.795033
2280     0.79407
2281    0.793123
2282    0.792194
2283     0.79128
2284    0.790383
2285    0.789502
2286    0.788638
2287    0.787789
2288    0.786957
2289    0.786139
2290    0.785336
2291    0.784548
2292    0.783772
2293    0.783009
2294    0.782256
2295    0.781515
2296    0.780784
2297    0.780063
2298     0.77935
2299    0.778645
2300    0.777948
2301    0.777256
2302    0.776572
2303    0.775892
2304    0.775217
2305    0.774546
2306     0.77388
2307    0.773216
2308    0.772555
2309    0.771897
2310    0.771241
2311    0.770587
2312    0.769933
2313    0.769281
2314    0.768629
2315    0.767977
2316    0.767326
2317    0.766675
2318    0.766023
2319    0.765371
2320    0.764718
2321    0.764065
2322    0.763412
2323    0.762758
2324    0.762104
2325    0.761449
2326    0.760793
2327    0.760137
2328     0.75948
2329    0.758824
2330    0.758168
2331    0.757513
2332    0.756858
2333    0.756204
2334     0.75555
2335    0.754899
2336     0.75425
2337    0.753603
2338     0.75296
2339    0.752319
2340    0.751682
2341    0.751049
2342    0.750421
2343    0.749798
2344     0.74918
2345    0.748568
2346    0.747963
2347    0.747365
2348    0.746777
2349    0.746197
2350    0.745626
2351    0.745067
2352    0.744519
2353    0.743983
2354    0.743459
2355    0.742949
2356    0.742452
2357    0.741971
2358    0.741506
2359    0.741058
2360    0.740628
2361    0.740217
2362    0.739825
2363    0.739454
2364    0.739106
2365     0.73878
2366    0.738479
2367    0.738202
2368     0.73795
2369    0.737725
2370    0.737529
2371     0.73736
2372    0.737221
2373    0.737112
2374    0.737034
2375    0.736989
2376    0.736978
2377    0.737002
2378    0.737061
2379    0.737155
2380    0.737285
2381    0.737453
2382    0.737658
2383    0.737902
2384    0.738185
2385    0.738509
2386    0.738872
2387    0.739274
2388    0.739716
2389    0.740197
2390     0.74072
2391    0.741282
2392    0.741884
2393    0.742525
2394    0.743205
2395    0.743924
2396    0.744681
2397    0.745477
2398    0.746311
2399    0.747181
2400    0.748088
2401    0.749029
2402    0.750004
2403    0.751012
2404    0.752052
2405    0.753123
2406    0.754221
2407    0.755347
2408    0.756498
2409    0.757673
2410     0.75887
2411    0.760088
2412    0.761325
2413     0.76258
2414     0.76385
2415    0.765135
2416    0.766431
2417    0.767738
2418    0.769054
2419    0.770376
2420    0.771703
2421    0.773031
2422     0.77436
2423    0.775689
2424    0.777015
2425    0.778337
2426    0.779653
2427    0.780961
2428     0.78226
2429    0.783548
2430    0.784823
2431    0.786084
2432     0.78733
2433    0.788559
2434    0.789771
2435    0.790964
2436    0.792137
2437    0.793289
2438    0.794419
2439    0.795525
2440    0.796606
2441    0.797662
2442    0.798692
2443    0.799696
2444    0.800672
2445    0.801621
2446    0.802542
2447    0.803433
2448    0.804294
2449    0.805127
2450    0.805929
2451    0.806701
2452    0.807441
2453     0.80815
2454    0.808828
2455    0.809475
2456    0.810091
2457    0.810676
2458    0.811229
2459    0.811752
2460    0.812246
2461     0.81271
2462    0.813144
2463    0.813547
2464     0.81392
2465    0.814263
2466    0.814577
2467    0.814863
2468    0.815119
2469    0.815348
2470    0.815549
2471    0.815723
2472     0.81587
2473    0.815991
2474    0.816086
2475    0.816156
2476      0.8162
2477     0.81622
2478    0.816216
2479    0.816188
2480    0.816139
2481    0.816068
2482    0.815975
2483    0.815861
2484    0.815724
2485    0.815567
2486    0.815389
2487    0.815192
2488    0.814978
2489    0.814744
2490    0.814492
2491    0.814224
2492    0.813938
2493    0.813635
2494    0.813316
2495     0.81298
2496    0.812628
2497     0.81226
2498    0.811878
2499    0.811482
2500    0.811073
2501    0.810652
2502    0.810219
2503    0.809774
2504    0.809319
2505    0.808853
2506    0.808379
2507    0.807896
2508    0.807405
2509    0.806908
2510    0.806406
2511    0.805901
2512    0.805392
2513    0.804881
2514     0.80437
2515    0.803857
2516    0.803346
2517    0.802836
2518    0.802329
2519    0.801827
2520    0.801332
2521    0.800844
2522    0.800365
2523    0.799896
2524     0.79944
2525    0.798997
2526    0.798569
2527    0.798157
2528    0.797763
2529    0.797387
2530    0.797032
2531    0.796698
2532    0.796386
2533    0.796098
2534    0.795836
2535    0.795601
2536    0.795395
2537    0.795217
2538     0.79507
2539    0.794954
2540     0.79487
2541    0.794821
2542    0.794806
2543    0.794826
2544    0.794882
2545    0.794976
2546    0.795108
2547    0.795277
2548    0.795485
2549    0.795732
2550    0.796017
2551    0.796343
2552     0.79671
2553    0.797116
2554    0.797563
2555    0.798049
2556    0.798575
2557    0.799141
2558    0.799745
2559    0.800389
2560    0.801072
2561    0.801794
2562    0.802555
2563    0.803353
2564    0.804186
2565    0.805055
2566    0.805959
2567    0.806897
2568    0.807868
2569    0.808872
2570    0.809908
2571    0.810977
2572    0.812076
2573    0.813205
2574    0.814362
2575    0.815548
2576    0.816761
2577       0.818
2578    0.819265
2579    0.820554
2580    0.821867
2581    0.823202
2582    0.824558
2583    0.825935
2584    0.827331
2585    0.828747
2586     0.83018
2587    0.831631
2588    0.833097
2589     0.83458
2590    0.836078
2591     0.83759
2592    0.839115
2593    0.840652
2594      0.8422
2595    0.843758
2596    0.845326
2597    0.846903
2598    0.848487
2599    0.850079
2600    0.851677
2601    0.853279
2602    0.854885
2603    0.856492
2604    0.858101
2605     0.85971
2606    0.861317
2607    0.862921
2608    0.864522
2609    0.866116
2610    0.867703
2611    0.869281
2612    0.870849
2613    0.872405
2614    0.873948
2615    0.875476
2616    0.876988
2617    0.878484
2618    0.879959
2619    0.881413
2620    0.882843
2621    0.884248
2622    0.885625
2623    0.886972
2624    0.888287
2625    0.889568
2626    0.890814
2627    0.892022
2628     0.89319
2629    0.894315
2630    0.895397
2631    0.896432
2632    0.897418
2633    0.898353
2634    0.899236
2635    0.900064
2636    0.900836
2637    0.901551
2638    0.902207
2639    0.902803
2640    0.903336
2641    0.903806
2642    0.904209
2643    0.904544
2644     0.90481
2645    0.905008
2646    0.905135
2647    0.905188
2648    0.905168
2649    0.905073
2650    0.904904
2651    0.904659
2652    0.904337
2653    0.903939
2654    0.903463
2655    0.902909
2656    0.902276
2657    0.901565
2658    0.900775
2659    0.899907
2660    0.898962
2661     0.89794
2662    0.896842
2663    0.895667
2664    0.894417
2665    0.893092
2666    0.891693
2667    0.890222
2668     0.88868
2669    0.887069
2670    0.885388
2671     0.88364
2672    0.881826
2673    0.879947
2674    0.878005
2675    0.876002
2676     0.87394
2677    0.871822
2678    0.869649
2679    0.867422
2680    0.865145
2681    0.862819
2682    0.860447
2683     0.85803
2684    0.855573
2685    0.853077
2686    0.850544
2687    0.847977
2688    0.845379
2689    0.842752
2690    0.840098
2691    0.837422
2692    0.834725
2693    0.832012
2694    0.829284
2695    0.826544
2696    0.823795
2697     0.82104
2698    0.818282
2699    0.815522
2700    0.812764
2701    0.810011
2702    0.807266
2703     0.80453
2704    0.801806
2705    0.799097
2706    0.796407
2707    0.793736
2708    0.791088
2709    0.788465
2710     0.78587
2711    0.783306
2712    0.780775
2713    0.778279
2714     0.77582
2715    0.773399
2716    0.771018
2717     0.76868
2718    0.766387
2719    0.764139
2720    0.761937
2721    0.759782
2722    0.757678
2723    0.755623
2724    0.753621
2725     0.75167
2726    0.749773
2727     0.74793
2728    0.746142
2729    0.744408
2730    0.742731
2731     0.74111
2732    0.739544
2733    0.738035
2734    0.736581
2735    0.735183
2736     0.73384
2737    0.732552
2738    0.731318
2739    0.730138
2740    0.729011
2741    0.727937
2742    0.726915
2743    0.725943
2744    0.725021
2745    0.724148
2746    0.723321
2747    0.722541
2748    0.721806
2749    0.721115
2750    0.720466
2751     0.71986
2752    0.719294
2753    0.718766
2754    0.718277
2755    0.717823
2756    0.717404
2757     0.71702
2758    0.716668
2759    0.716347
2760    0.716057
2761    0.715797
2762    0.715565
2763    0.715359
2764    0.715179
2765    0.715024
2766    0.714892
2767    0.714783
2768    0.714697
2769    0.714632
2770    0.714589
2771    0.714567
2772    0.714565
2773    0.714584
2774    0.714623
2775    0.714682
2776     0.71476
2777    0.714859
2778    0.714976
2779    0.715113
2780    0.715269
2781    0.715445
2782    0.715639
2783    0.715852
2784    0.716084
2785    0.716336
2786    0.716608
2787      0.7169
2788    0.717212
2789    0.717544
2790    0.717898
2791    0.718272
2792    0.718669
2793    0.719087
2794    0.719527
2795    0.719991
2796    0.720477
2797    0.720986
2798     0.72152
2799    0.722078
2800    0.722659
2801    0.723265
2802    0.723897
2803    0.724553
2804    0.725235
2805    0.725943
2806    0.726676
2807    0.727435
2808     0.72822
2809    0.729031
2810    0.729868
2811    0.730729
2812    0.731616
2813    0.732528
2814    0.733464
2815    0.734424
2816    0.735409
2817    0.736419
2818    0.737453
2819    0.738511
2820    0.739592
2821    0.740696
2822    0.741821
2823    0.742968
2824    0.744134
2825    0.745321
2826    0.746525
2827    0.747748
2828    0.748987
2829    0.750243
2830    0.751515
2831    0.752802
2832    0.754104
2833    0.755419
2834    0.756746
2835    0.758084
2836    0.759432
2837    0.760789
2838    0.762154
2839    0.763527
2840    0.764906
2841    0.766291
2842     0.76768
2843    0.769074
2844    0.770471
2845    0.771871
2846    0.773273
2847    0.774677
2848    0.776082
2849    0.777485
2850    0.778887
2851    0.780284
2852    0.781679
2853    0.783068
2854    0.784453
2855    0.785831
2856    0.787201
2857    0.788565
2858    0.789919
2859    0.791263
2860    0.792596
2861    0.793918
2862    0.795227
2863    0.796524
2864    0.797807
2865    0.799076
2866     0.80033
2867    0.801568
2868    0.802788
2869    0.803991
2870    0.805174
2871    0.806338
2872    0.807482
2873    0.808604
2874    0.809705
2875    0.810783
2876    0.811836
2877    0.812864
2878    0.813866
2879     0.81484
2880    0.815786
2881    0.816703
2882    0.817589
2883    0.818443
2884    0.819264
2885    0.820052
2886    0.820806
2887    0.821523
2888    0.822201
2889    0.822842
2890    0.823442
2891    0.824002
2892    0.824521
2893    0.824996
2894    0.825428
2895    0.825816
2896    0.826157
2897    0.826451
2898    0.826698
2899    0.826896
2900    0.827044
2901    0.827143
2902    0.827191
2903    0.827187
2904    0.827131
2905    0.827024
2906    0.826865
2907    0.826656
2908    0.826396
2909    0.826084
2910    0.825722
2911     0.82531
2912    0.824849
2913    0.824341
2914    0.823787
2915    0.823189
2916    0.822548
2917    0.821865
2918    0.821143
2919    0.820384
2920    0.819589
2921    0.818762
2922    0.817907
2923    0.817026
2924    0.816123
2925    0.815202
2926    0.814267
2927    0.813321
2928     0.81237
2929    0.811418
2930    0.810469
2931    0.809528
2932    0.808599
2933    0.807688
2934    0.806798
2935    0.805934
2936    0.805103
2937    0.804308
2938    0.803553
2939    0.802843
2940    0.802183
2941    0.801576
2942    0.801026
2943    0.800538
2944    0.800114
2945    0.799755
2946    0.799465
2947    0.799245
2948    0.799098
2949    0.799025
2950    0.799026
2951    0.799102
2952    0.799253
2953    0.799477
2954    0.799774
2955    0.800144
2956    0.800584
2957    0.801092
2958    0.801667
2959    0.802306
2960    0.803005
2961    0.803763
2962    0.804575
2963    0.805438
2964     0.80635
2965    0.807305
2966    0.808301
2967    0.809333
2968    0.810399
2969    0.811495
2970    0.812618
2971    0.813764
2972     0.81493
2973    0.816112
2974    0.817307
2975    0.818512
2976    0.819724
2977     0.82094
2978    0.822158
2979    0.823376
2980    0.824591
2981      0.8258
2982    0.827003
2983    0.828197
2984    0.829383
2985    0.830557
2986    0.831718
2987    0.832863
2988    0.833992
2989    0.835104
2990    0.836197
2991    0.837271
2992    0.838327
2993    0.839361
2994    0.840375
2995    0.841366
2996    0.842335
2997     0.84328
2998    0.844203
2999    0.845101
