0.5 0.876145 0.889005 0.00356647
0.6 0.65946 0.674766 0.00368961
0.7 0.44769 0.447029 0.00244683
0.8 0.319417 0.294067 0.0017788
0.9 0.225628 0.201872 0.00115909
1 0.161733 0.146312 0.000944987
1.1 0.112736 0.110856 0.000656155
1.2 0.090208 0.0873725 0.000527226
1.3 0.0716632 0.0705917 0.000417955
1.4 0.0593092 0.0588707 0.00035045
1.5 0.0491724 0.0499966 0.000334207
1.6 0.042876 0.0432692 0.000298852
1.7 0.037364 0.0379747 0.000275042
1.8 0.0315616 0.0335965 0.000234693
1.9 0.028568 0.0300189 0.000221969
2 0.0255048 0.0270111 0.000203241
