0.5 0.327065 0.326752 0.00172762
0.6 0.422452 0.422691 0.000905522
0.7 0.434669 0.433835 0.000890063
0.8 0.435811 0.439972 0.000563888
0.9 0.441971 0.435453 0.000457441
1 0.428583 0.419882 0.000346824
1.1 0.403578 0.396949 0.000269319
1.2 0.378211 0.371418 0.000251905
1.3 0.350875 0.344443 0.000207962
1.4 0.325325 0.318025 0.000184744
1.5 0.297015 0.293322 0.000159079
1.6 0.271817 0.270371 0.000136267
1.7 0.249388 0.249279 0.000121477
1.8 0.229195 0.230005 0.000125035
1.9 0.211441 0.212468 0.000112855
2 0.196003 0.196612 9.66537e-05
