 0.5 -0.974902 -0.97435 0.000214758
 0.6 -0.93643 -0.935283 0.00020938
 0.7 -0.894632 -0.892248 0.000124938
 0.8 -0.849682 -0.848324 0.000113777
 0.9 -0.803735 -0.80445 0.000101719
 1 -0.760354 -0.76164 8.16078e-05
 1.1 -0.719238 -0.720739 7.53881e-05
 1.2 -0.68121 -0.682286 6.76564e-05
 1.3 -0.645209 -0.646511 6.69521e-05
 1.4 -0.612778 -0.613411 5.96894e-05
 1.5 -0.582593 -0.582816 5.897e-05
 1.6 -0.55382 -0.554663 5.89464e-05
 1.7 -0.527518 -0.528657 6.20682e-05
 1.8 -0.503486 -0.504666 5.71942e-05
 1.9 -0.481898 -0.482596 5.68815e-05
 2 -0.461415 -0.462138 5.1248e-05
