2 -10
2 -18
2 -26
2 -22
2 -26
2 -22
2 -18
2 -26
2 -30
2 -22
2 -26
2 -22
2 -34
2 -34
2 -34
2 -26
2 -22
2 -26
2 -26
2 -22
2 -26
2 -26
2 -26
2 -18
2 -30
2 -26
2 -26
2 -22
2 -30
2 -18
2 -18
2 -10
2 -18
2 -6
2 -18
2 -22
2 -30
2 -22
2 -30
2 -18
2 -22
2 -26
2 -30
2 -26
2 -18
2 -30
2 -30
2 -26
2 -18
2 -22
2 -30
2 -26
2 -18
2 -14
2 -18
2 -18
2 -18
2 -22
2 -18
2 -26
2 -18
2 -18
2 -22
2 -18
2 -26
2 -10
2 -22
2 -14
2 -14
2 -26
2 -26
2 -18
2 -30
2 -26
2 -30
2 -26
2 -22
2 -30
2 -26
2 -26
2 -30
2 -26
2 -30
2 -26
2 -14
2 -34
2 -34
2 -22
2 -26
2 -14
2 -26
2 -26
2 -22
2 -18
2 -30
2 -26
2 -26
2 -26
2 -22
2 -30
0.5 -30
0.5 -38
0.5 -42
0.5 -42
0.5 -42
0.5 -42
0.5 -42
0.5 -46
0.5 -46
0.5 -46
0.5 -46
0.5 -46
0.5 -46
0.5 -46
0.5 -46
0.5 -46
0.5 -46
0.5 -46
0.5 -46
0.5 -46
0.5 -46
0.5 -46
0.5 -46
0.5 -46
0.5 -46
0.5 -46
0.5 -46
0.5 -46
0.5 -46
0.5 -46
0.5 -46
0.5 -46
0.5 -46
0.5 -46
0.5 -46
0.5 -46
0.5 -46
0.5 -46
0.5 -46
0.5 -46
0.5 -46
0.5 -46
0.5 -42
0.5 -46
0.5 -46
0.5 -46
0.5 -46
0.5 -46
0.5 -46
0.5 -46
0.5 -46
0.5 -46
0.5 -46
0.5 -46
0.5 -46
0.5 -46
0.5 -46
0.5 -46
0.5 -46
0.5 -46
0.5 -46
0.5 -46
0.5 -46
0.5 -46
0.5 -46
0.5 -46
0.5 -46
0.5 -46
0.5 -46
0.5 -46
0.5 -46
0.5 -46
0.5 -46
0.5 -46
0.5 -46
0.5 -46
0.5 -46
0.5 -46
0.5 -46
0.5 -46
0.5 -46
0.5 -46
0.5 -46
0.5 -46
0.5 -46
0.5 -46
0.5 -46
0.5 -46
0.5 -46
0.5 -46
0.5 -46
0.5 -46
0.5 -46
0.5 -46
0.5 -46
0.5 -46
0.5 -46
0.5 -46
0.5 -46
0.5 -46
0.6 -50
0.6 -50
0.6 -50
0.6 -50
0.6 -50
0.6 -50
0.6 -50
0.6 -50
0.6 -50
0.6 -50
0.6 -50
0.6 -50
0.6 -50
0.6 -50
0.6 -50
0.6 -50
0.6 -50
0.6 -50
0.6 -50
0.6 -50
0.6 -50
0.6 -50
0.6 -50
0.6 -50
0.6 -50
0.6 -50
0.6 -50
0.6 -50
0.6 -50
0.6 -50
0.6 -50
0.6 -50
0.6 -50
0.6 -50
0.6 -50
0.6 -50
0.6 -50
0.6 -50
0.6 -50
0.6 -46
0.6 -50
0.6 -50
0.6 -50
0.6 -50
0.6 -50
0.6 -50
0.6 -50
0.6 -50
0.6 -50
0.6 -50
0.6 -50
0.6 -50
0.6 -50
0.6 -50
0.6 -50
0.6 -50
0.6 -50
0.6 -50
0.6 -50
0.6 -50
0.6 -50
0.6 -50
0.6 -50
0.6 -50
0.6 -50
0.6 -50
0.6 -50
0.6 -50
0.6 -50
0.6 -50
0.6 -50
0.6 -50
0.6 -50
0.6 -50
0.6 -50
0.6 -50
0.6 -50
0.6 -50
0.6 -50
0.6 -50
0.6 -50
0.6 -50
0.6 -50
0.6 -50
0.6 -50
0.6 -50
0.6 -50
0.6 -50
0.6 -50
0.6 -50
0.6 -50
0.6 -50
0.6 -50
0.6 -50
0.6 -50
0.6 -50
0.6 -50
0.6 -46
0.6 -50
0.6 -50
0.7 -42
0.7 -42
0.7 -38
0.7 -42
0.7 -42
0.7 -42
0.7 -42
0.7 -42
0.7 -42
0.7 -46
0.7 -46
0.7 -46
0.7 -42
0.7 -42
0.7 -46
0.7 -46
0.7 -46
0.7 -42
0.7 -46
0.7 -46
0.7 -46
0.7 -46
0.7 -42
0.7 -46
0.7 -46
0.7 -46
0.7 -46
0.7 -46
0.7 -46
0.7 -46
0.7 -46
0.7 -46
0.7 -46
0.7 -46
0.7 -46
0.7 -46
0.7 -46
0.7 -46
0.7 -46
0.7 -46
0.7 -42
0.7 -38
0.7 -38
0.7 -42
0.7 -42
0.7 -46
0.7 -46
0.7 -42
0.7 -46
0.7 -42
0.7 -46
0.7 -46
0.7 -46
0.7 -46
0.7 -46
0.7 -46
0.7 -42
0.7 -46
0.7 -46
0.7 -46
0.7 -46
0.7 -46
0.7 -46
0.7 -46
0.7 -46
0.7 -46
0.7 -42
0.7 -46
0.7 -46
0.7 -46
0.7 -46
0.7 -46
0.7 -42
0.7 -42
0.7 -42
0.7 -42
0.7 -46
0.7 -46
0.7 -46
0.7 -46
0.7 -46
0.7 -46
0.7 -46
0.7 -46
0.7 -46
0.7 -46
0.7 -46
0.7 -46
0.7 -46
0.7 -46
0.7 -46
0.7 -46
0.7 -46
0.7 -46
0.7 -46
0.7 -50
0.7 -50
0.7 -46
0.7 -50
0.7 -50
0.8 -42
0.8 -42
0.8 -38
0.8 -42
0.8 -42
0.8 -42
0.8 -42
0.8 -38
0.8 -42
0.8 -42
0.8 -42
0.8 -42
0.8 -38
0.8 -42
0.8 -42
0.8 -42
0.8 -42
0.8 -38
0.8 -42
0.8 -42
0.8 -42
0.8 -46
0.8 -38
0.8 -46
0.8 -46
0.8 -46
0.8 -46
0.8 -42
0.8 -42
0.8 -38
0.8 -38
0.8 -38
0.8 -38
0.8 -38
0.8 -38
0.8 -42
0.8 -46
0.8 -46
0.8 -46
0.8 -38
0.8 -46
0.8 -46
0.8 -46
0.8 -46
0.8 -46
0.8 -46
0.8 -50
0.8 -46
0.8 -50
0.8 -50
0.8 -50
0.8 -50
0.8 -50
0.8 -50
0.8 -50
0.8 -50
0.8 -46
0.8 -50
0.8 -50
0.8 -50
0.8 -50
0.8 -50
0.8 -50
0.8 -50
0.8 -50
0.8 -50
0.8 -46
0.8 -50
0.8 -46
0.8 -46
0.8 -50
0.8 -50
0.8 -46
0.8 -50
0.8 -50
0.8 -50
0.8 -50
0.8 -50
0.8 -50
0.8 -46
0.8 -46
0.8 -50
0.8 -50
0.8 -46
0.8 -50
0.8 -50
0.8 -50
0.8 -50
0.8 -50
0.8 -50
0.8 -50
0.8 -50
0.8 -50
0.8 -50
0.8 -50
0.8 -50
0.8 -50
0.8 -46
0.8 -50
0.8 -50
0.9 -38
0.9 -38
0.9 -34
0.9 -38
0.9 -38
0.9 -38
0.9 -38
0.9 -34
0.9 -38
0.9 -38
0.9 -38
0.9 -38
0.9 -38
0.9 -42
0.9 -42
0.9 -42
0.9 -42
0.9 -38
0.9 -42
0.9 -42
0.9 -42
0.9 -42
0.9 -38
0.9 -42
0.9 -42
0.9 -42
0.9 -42
0.9 -42
0.9 -38
0.9 -34
0.9 -34
0.9 -30
0.9 -34
0.9 -34
0.9 -34
0.9 -34
0.9 -42
0.9 -42
0.9 -42
0.9 -34
0.9 -42
0.9 -42
0.9 -42
0.9 -42
0.9 -38
0.9 -38
0.9 -42
0.9 -38
0.9 -50
0.9 -50
0.9 -46
0.9 -46
0.9 -46
0.9 -46
0.9 -46
0.9 -46
0.9 -42
0.9 -42
0.9 -46
0.9 -46
0.9 -46
0.9 -50
0.9 -50
0.9 -50
0.9 -50
0.9 -50
0.9 -46
0.9 -46
0.9 -38
0.9 -42
0.9 -42
0.9 -42
0.9 -42
0.9 -46
0.9 -46
0.9 -46
0.9 -46
0.9 -50
0.9 -46
0.9 -42
0.9 -42
0.9 -42
0.9 -46
0.9 -42
0.9 -46
0.9 -42
0.9 -42
0.9 -42
0.9 -42
0.9 -42
0.9 -42
0.9 -42
0.9 -38
0.9 -42
0.9 -46
0.9 -46
0.9 -46
0.9 -42
0.9 -46
0.9 -46
1 -38
1 -38
1 -34
1 -34
1 -38
1 -38
1 -38
1 -34
1 -38
1 -38
1 -34
1 -34
1 -38
1 -38
1 -38
1 -38
1 -34
1 -30
1 -34
1 -34
1 -34
1 -34
1 -30
1 -34
1 -34
1 -34
1 -34
1 -34
1 -34
1 -34
1 -30
1 -26
1 -30
1 -30
1 -26
1 -30
1 -34
1 -38
1 -42
1 -38
1 -38
1 -38
1 -38
1 -38
1 -34
1 -38
1 -42
1 -38
1 -46
1 -46
1 -42
1 -42
1 -42
1 -42
1 -46
1 -46
1 -42
1 -42
1 -46
1 -42
1 -42
1 -42
1 -46
1 -50
1 -50
1 -50
1 -46
1 -46
1 -34
1 -34
1 -38
1 -34
1 -34
1 -42
1 -38
1 -38
1 -42
1 -46
1 -42
1 -42
1 -42
1 -38
1 -42
1 -34
1 -38
1 -42
1 -42
1 -42
1 -42
1 -38
1 -38
1 -34
1 -34
1 -34
1 -38
1 -42
1 -42
1 -38
1 -42
1 -42
1.1 -34
1.1 -30
1.1 -30
1.1 -34
1.1 -38
1.1 -38
1.1 -38
1.1 -34
1.1 -38
1.1 -38
1.1 -34
1.1 -34
1.1 -38
1.1 -38
1.1 -38
1.1 -38
1.1 -34
1.1 -30
1.1 -34
1.1 -34
1.1 -34
1.1 -34
1.1 -30
1.1 -34
1.1 -34
1.1 -34
1.1 -34
1.1 -34
1.1 -34
1.1 -34
1.1 -30
1.1 -26
1.1 -30
1.1 -30
1.1 -26
1.1 -30
1.1 -34
1.1 -38
1.1 -42
1.1 -38
1.1 -38
1.1 -38
1.1 -38
1.1 -38
1.1 -34
1.1 -38
1.1 -42
1.1 -38
1.1 -42
1.1 -42
1.1 -38
1.1 -42
1.1 -42
1.1 -42
1.1 -46
1.1 -46
1.1 -42
1.1 -42
1.1 -46
1.1 -42
1.1 -38
1.1 -38
1.1 -42
1.1 -42
1.1 -42
1.1 -38
1.1 -34
1.1 -38
1.1 -22
1.1 -26
1.1 -34
1.1 -30
1.1 -34
1.1 -38
1.1 -38
1.1 -38
1.1 -42
1.1 -46
1.1 -42
1.1 -38
1.1 -38
1.1 -34
1.1 -42
1.1 -34
1.1 -38
1.1 -42
1.1 -42
1.1 -38
1.1 -42
1.1 -34
1.1 -38
1.1 -34
1.1 -34
1.1 -34
1.1 -38
1.1 -42
1.1 -42
1.1 -38
1.1 -42
1.1 -42
1.2 -30
1.2 -26
1.2 -30
1.2 -30
1.2 -34
1.2 -38
1.2 -38
1.2 -34
1.2 -38
1.2 -38
1.2 -30
1.2 -30
1.2 -38
1.2 -34
1.2 -38
1.2 -38
1.2 -34
1.2 -30
1.2 -34
1.2 -34
1.2 -34
1.2 -34
1.2 -30
1.2 -34
1.2 -34
1.2 -34
1.2 -34
1.2 -34
1.2 -34
1.2 -34
1.2 -30
1.2 -26
1.2 -34
1.2 -34
1.2 -30
1.2 -34
1.2 -38
1.2 -38
1.2 -38
1.2 -34
1.2 -34
1.2 -34
1.2 -38
1.2 -38
1.2 -34
1.2 -34
1.2 -34
1.2 -30
1.2 -38
1.2 -38
1.2 -34
1.2 -34
1.2 -34
1.2 -38
1.2 -38
1.2 -38
1.2 -34
1.2 -42
1.2 -42
1.2 -42
1.2 -34
1.2 -34
1.2 -38
1.2 -34
1.2 -34
1.2 -34
1.2 -30
1.2 -30
1.2 -22
1.2 -30
1.2 -34
1.2 -34
1.2 -34
1.2 -30
1.2 -26
1.2 -34
1.2 -42
1.2 -42
1.2 -38
1.2 -34
1.2 -30
1.2 -26
1.2 -34
1.2 -26
1.2 -30
1.2 -38
1.2 -38
1.2 -38
1.2 -42
1.2 -30
1.2 -38
1.2 -30
1.2 -34
1.2 -30
1.2 -34
1.2 -38
1.2 -38
1.2 -34
1.2 -34
1.2 -34
1.3 -30
1.3 -34
1.3 -30
1.3 -38
1.3 -38
1.3 -38
1.3 -42
1.3 -38
1.3 -38
1.3 -34
1.3 -30
1.3 -30
1.3 -34
1.3 -34
1.3 -34
1.3 -34
1.3 -26
1.3 -22
1.3 -30
1.3 -30
1.3 -30
1.3 -30
1.3 -26
1.3 -34
1.3 -34
1.3 -34
1.3 -34
1.3 -34
1.3 -34
1.3 -34
1.3 -30
1.3 -26
1.3 -30
1.3 -34
1.3 -30
1.3 -34
1.3 -38
1.3 -38
1.3 -34
1.3 -30
1.3 -30
1.3 -30
1.3 -34
1.3 -38
1.3 -30
1.3 -30
1.3 -30
1.3 -26
1.3 -26
1.3 -30
1.3 -34
1.3 -34
1.3 -30
1.3 -34
1.3 -34
1.3 -38
1.3 -30
1.3 -38
1.3 -42
1.3 -38
1.3 -30
1.3 -26
1.3 -38
1.3 -34
1.3 -30
1.3 -34
1.3 -30
1.3 -30
1.3 -22
1.3 -30
1.3 -30
1.3 -22
1.3 -34
1.3 -34
1.3 -34
1.3 -38
1.3 -42
1.3 -38
1.3 -38
1.3 -34
1.3 -30
1.3 -26
1.3 -34
1.3 -22
1.3 -26
1.3 -34
1.3 -34
1.3 -38
1.3 -38
1.3 -26
1.3 -34
1.3 -26
1.3 -30
1.3 -30
1.3 -30
1.3 -38
1.3 -34
1.3 -30
1.3 -34
1.3 -34
1.4 -30
1.4 -34
1.4 -30
1.4 -34
1.4 -34
1.4 -34
1.4 -38
1.4 -34
1.4 -38
1.4 -34
1.4 -30
1.4 -30
1.4 -34
1.4 -34
1.4 -30
1.4 -34
1.4 -26
1.4 -22
1.4 -30
1.4 -30
1.4 -30
1.4 -30
1.4 -26
1.4 -30
1.4 -30
1.4 -30
1.4 -30
1.4 -34
1.4 -38
1.4 -38
1.4 -34
1.4 -26
1.4 -26
1.4 -30
1.4 -30
1.4 -34
1.4 -38
1.4 -34
1.4 -34
1.4 -30
1.4 -30
1.4 -26
1.4 -34
1.4 -34
1.4 -30
1.4 -26
1.4 -26
1.4 -22
1.4 -18
1.4 -30
1.4 -38
1.4 -38
1.4 -34
1.4 -34
1.4 -34
1.4 -38
1.4 -30
1.4 -38
1.4 -42
1.4 -38
1.4 -26
1.4 -22
1.4 -34
1.4 -34
1.4 -26
1.4 -26
1.4 -26
1.4 -26
1.4 -22
1.4 -30
1.4 -26
1.4 -26
1.4 -34
1.4 -34
1.4 -34
1.4 -38
1.4 -42
1.4 -34
1.4 -34
1.4 -26
1.4 -22
1.4 -26
1.4 -34
1.4 -22
1.4 -22
1.4 -30
1.4 -30
1.4 -34
1.4 -30
1.4 -26
1.4 -34
1.4 -26
1.4 -26
1.4 -26
1.4 -26
1.4 -38
1.4 -34
1.4 -30
1.4 -30
1.4 -30
1.5 -34
1.5 -22
1.5 -30
1.5 -34
1.5 -34
1.5 -38
1.5 -38
1.5 -30
1.5 -30
1.5 -34
1.5 -30
1.5 -30
1.5 -38
1.5 -34
1.5 -34
1.5 -38
1.5 -26
1.5 -18
1.5 -26
1.5 -26
1.5 -22
1.5 -26
1.5 -22
1.5 -26
1.5 -26
1.5 -26
1.5 -26
1.5 -30
1.5 -34
1.5 -34
1.5 -30
1.5 -22
1.5 -22
1.5 -26
1.5 -26
1.5 -30
1.5 -38
1.5 -34
1.5 -34
1.5 -30
1.5 -30
1.5 -26
1.5 -34
1.5 -34
1.5 -30
1.5 -18
1.5 -26
1.5 -22
1.5 -14
1.5 -26
1.5 -38
1.5 -38
1.5 -34
1.5 -30
1.5 -30
1.5 -34
1.5 -26
1.5 -30
1.5 -38
1.5 -34
1.5 -14
1.5 -18
1.5 -30
1.5 -30
1.5 -22
1.5 -26
1.5 -22
1.5 -26
1.5 -18
1.5 -30
1.5 -26
1.5 -22
1.5 -34
1.5 -34
1.5 -30
1.5 -34
1.5 -42
1.5 -34
1.5 -30
1.5 -26
1.5 -18
1.5 -22
1.5 -30
1.5 -22
1.5 -14
1.5 -30
1.5 -30
1.5 -34
1.5 -30
1.5 -30
1.5 -34
1.5 -26
1.5 -26
1.5 -26
1.5 -30
1.5 -38
1.5 -34
1.5 -26
1.5 -26
1.5 -30
1.6 -34
1.6 -22
1.6 -30
1.6 -34
1.6 -34
1.6 -34
1.6 -30
1.6 -30
1.6 -26
1.6 -34
1.6 -30
1.6 -30
1.6 -38
1.6 -34
1.6 -30
1.6 -34
1.6 -22
1.6 -18
1.6 -26
1.6 -26
1.6 -14
1.6 -22
1.6 -22
1.6 -26
1.6 -26
1.6 -30
1.6 -22
1.6 -30
1.6 -30
1.6 -34
1.6 -22
1.6 -18
1.6 -22
1.6 -22
1.6 -22
1.6 -30
1.6 -38
1.6 -30
1.6 -30
1.6 -30
1.6 -26
1.6 -22
1.6 -30
1.6 -30
1.6 -26
1.6 -22
1.6 -30
1.6 -22
1.6 -10
1.6 -18
1.6 -30
1.6 -30
1.6 -22
1.6 -22
1.6 -22
1.6 -34
1.6 -26
1.6 -30
1.6 -38
1.6 -34
1.6 -18
1.6 -22
1.6 -30
1.6 -26
1.6 -22
1.6 -26
1.6 -18
1.6 -26
1.6 -18
1.6 -30
1.6 -26
1.6 -22
1.6 -34
1.6 -30
1.6 -30
1.6 -34
1.6 -38
1.6 -34
1.6 -30
1.6 -26
1.6 -18
1.6 -22
1.6 -30
1.6 -22
1.6 -14
1.6 -30
1.6 -30
1.6 -34
1.6 -30
1.6 -30
1.6 -34
1.6 -26
1.6 -26
1.6 -26
1.6 -34
1.6 -38
1.6 -30
1.6 -26
1.6 -30
1.6 -30
1.7 -34
1.7 -18
1.7 -30
1.7 -26
1.7 -26
1.7 -30
1.7 -26
1.7 -26
1.7 -26
1.7 -34
1.7 -30
1.7 -30
1.7 -38
1.7 -30
1.7 -30
1.7 -34
1.7 -22
1.7 -14
1.7 -26
1.7 -26
1.7 -18
1.7 -26
1.7 -22
1.7 -30
1.7 -30
1.7 -30
1.7 -26
1.7 -26
1.7 -30
1.7 -30
1.7 -18
1.7 -14
1.7 -18
1.7 -18
1.7 -14
1.7 -26
1.7 -38
1.7 -30
1.7 -34
1.7 -34
1.7 -22
1.7 -22
1.7 -30
1.7 -30
1.7 -22
1.7 -26
1.7 -30
1.7 -22
1.7 -10
1.7 -18
1.7 -30
1.7 -30
1.7 -22
1.7 -22
1.7 -18
1.7 -30
1.7 -26
1.7 -26
1.7 -38
1.7 -34
1.7 -18
1.7 -22
1.7 -26
1.7 -22
1.7 -22
1.7 -26
1.7 -18
1.7 -26
1.7 -18
1.7 -30
1.7 -26
1.7 -22
1.7 -30
1.7 -26
1.7 -26
1.7 -34
1.7 -34
1.7 -30
1.7 -26
1.7 -26
1.7 -18
1.7 -22
1.7 -30
1.7 -22
1.7 -14
1.7 -30
1.7 -30
1.7 -34
1.7 -30
1.7 -30
1.7 -34
1.7 -26
1.7 -26
1.7 -18
1.7 -30
1.7 -34
1.7 -30
1.7 -26
1.7 -30
1.7 -30
1.8 -30
1.8 -22
1.8 -26
1.8 -34
1.8 -34
1.8 -30
1.8 -30
1.8 -30
1.8 -26
1.8 -34
1.8 -26
1.8 -22
1.8 -38
1.8 -30
1.8 -30
1.8 -34
1.8 -22
1.8 -14
1.8 -26
1.8 -22
1.8 -18
1.8 -26
1.8 -22
1.8 -30
1.8 -30
1.8 -30
1.8 -26
1.8 -26
1.8 -30
1.8 -30
1.8 -18
1.8 -14
1.8 -14
1.8 -14
1.8 -14
1.8 -18
1.8 -38
1.8 -30
1.8 -34
1.8 -34
1.8 -22
1.8 -18
1.8 -26
1.8 -30
1.8 -22
1.8 -22
1.8 -30
1.8 -22
1.8 -10
1.8 -18
1.8 -26
1.8 -30
1.8 -22
1.8 -22
1.8 -18
1.8 -26
1.8 -22
1.8 -22
1.8 -34
1.8 -26
1.8 -14
1.8 -22
1.8 -14
1.8 -22
1.8 -22
1.8 -22
1.8 -14
1.8 -18
1.8 -18
1.8 -30
1.8 -26
1.8 -14
1.8 -30
1.8 -26
1.8 -22
1.8 -38
1.8 -34
1.8 -34
1.8 -26
1.8 -30
1.8 -22
1.8 -30
1.8 -26
1.8 -30
1.8 -18
1.8 -26
1.8 -30
1.8 -38
1.8 -26
1.8 -22
1.8 -26
1.8 -26
1.8 -18
1.8 -18
1.8 -26
1.8 -30
1.8 -26
1.8 -26
1.8 -26
1.8 -26
1.9 -30
1.9 -26
1.9 -26
1.9 -34
1.9 -34
1.9 -30
1.9 -30
1.9 -26
1.9 -26
1.9 -34
1.9 -26
1.9 -22
1.9 -38
1.9 -30
1.9 -30
1.9 -34
1.9 -22
1.9 -14
1.9 -26
1.9 -22
1.9 -18
1.9 -26
1.9 -22
1.9 -30
1.9 -30
1.9 -30
1.9 -26
1.9 -26
1.9 -30
1.9 -30
1.9 -18
1.9 -14
1.9 -14
1.9 -14
1.9 -14
1.9 -18
1.9 -38
1.9 -26
1.9 -30
1.9 -26
1.9 -14
1.9 -14
1.9 -26
1.9 -30
1.9 -26
1.9 -22
1.9 -30
1.9 -22
1.9 -10
1.9 -14
1.9 -26
1.9 -30
1.9 -18
1.9 -18
1.9 -18
1.9 -22
1.9 -18
1.9 -14
1.9 -30
1.9 -30
1.9 -18
1.9 -26
1.9 -14
1.9 -22
1.9 -22
1.9 -22
1.9 -14
1.9 -14
1.9 -18
1.9 -30
1.9 -26
1.9 -10
1.9 -30
1.9 -30
1.9 -30
1.9 -38
1.9 -30
1.9 -30
1.9 -26
1.9 -30
1.9 -22
1.9 -30
1.9 -22
1.9 -30
1.9 -14
1.9 -30
1.9 -34
1.9 -34
1.9 -26
1.9 -22
1.9 -26
1.9 -26
1.9 -18
1.9 -18
1.9 -26
1.9 -30
1.9 -26
1.9 -26
1.9 -26
1.9 -26
2 -30
2 -18
2 -22
2 -30
2 -30
2 -30
2 -30
2 -22
2 -22
2 -30
2 -18
2 -18
2 -34
2 -30
2 -30
2 -30
2 -26
2 -14
2 -26
2 -22
2 -18
2 -22
2 -22
2 -30
2 -26
2 -26
2 -22
2 -26
2 -30
2 -30
2 -18
2 -14
2 -14
2 -14
2 -14
2 -14
2 -38
2 -26
2 -30
2 -26
2 -14
2 -14
2 -26
2 -30
2 -26
2 -22
2 -30
2 -22
2 -10
2 -14
2 -26
2 -30
2 -18
2 -18
2 -18
2 -22
2 -18
2 -10
2 -26
2 -26
2 -18
2 -26
2 -10
2 -22
2 -22
2 -18
2 -14
2 -10
2 -18
2 -26
2 -26
2 -10
2 -30
2 -30
2 -26
2 -34
2 -30
2 -30
2 -26
2 -30
2 -22
2 -30
2 -26
2 -30
2 -14
2 -30
2 -34
2 -34
2 -26
2 -22
2 -26
2 -22
2 -18
2 -14
2 -26
2 -30
2 -26
2 -26
2 -26
2 -26
