1 -0.461815 -0.461815 0
2 -0.461828 -0.461822 6.4e-06
3 -0.462289 -0.461977 0.000155777
4 -0.462213 -0.462036 0.000124894
5 -0.462166 -0.462062 0.000100144
6 -0.461713 -0.462004 0.000100373
7 -0.462202 -0.462032 8.94101e-05
8 -0.462283 -0.462063 8.35505e-05
9 -0.462113 -0.462069 7.38879e-05
10 -0.462138 -0.462076 6.64427e-05
11 -0.462066 -0.462075 6.01058e-05
12 -0.461858 -0.462057 5.7761e-05
13 -0.462798 -0.462114 7.79046e-05
14 -0.46233 -0.462129 7.37528e-05
15 -0.461653 -0.462098 7.56531e-05
16 -0.462432 -0.462118 7.37897e-05
17 -0.4623 -0.462129 7.01312e-05
18 -0.46221 -0.462134 6.62713e-05
19 -0.4616 -0.462106 6.86899e-05
20 -0.463665 -0.462183 0.000101611
21 -0.462589 -0.462203 9.85601e-05
22 -0.46207 -0.462197 9.41658e-05
23 -0.4617 -0.462175 9.25345e-05
24 -0.462618 -0.462194 9.04995e-05
25 -0.462371 -0.462201 8.70941e-05
26 -0.461663 -0.46218 8.61936e-05
27 -0.463225 -0.462219 9.15218e-05
28 -0.46207 -0.462213 8.83533e-05
29 -0.461867 -0.462201 8.60842e-05
30 -0.463075 -0.462231 8.81172e-05
31 -0.462246 -0.462231 8.52287e-05
32 -0.461401 -0.462205 8.65053e-05
33 -0.462811 -0.462224 8.58308e-05
34 -0.461932 -0.462215 8.37083e-05
35 -0.462219 -0.462215 8.12816e-05
36 -0.461555 -0.462197 8.10903e-05
37 -0.461875 -0.462188 7.93455e-05
38 -0.461629 -0.462173 7.8619e-05
39 -0.46307 -0.462196 7.99507e-05
40 -0.461054 -0.462168 8.29908e-05
41 -0.462572 -0.462178 8.15397e-05
42 -0.461246 -0.462155 8.26108e-05
43 -0.462774 -0.46217 8.1941e-05
44 -0.461586 -0.462157 8.11507e-05
45 -0.461746 -0.462147 7.98508e-05
46 -0.46335 -0.462174 8.23525e-05
47 -0.462435 -0.462179 8.07733e-05
48 -0.46233 -0.462182 7.91348e-05
49 -0.462879 -0.462196 7.87973e-05
50 -0.462167 -0.462196 7.72075e-05
51 -0.46179 -0.462188 7.60966e-05
52 -0.462131 -0.462187 7.46269e-05
53 -0.462409 -0.462191 7.3325e-05
54 -0.462263 -0.462192 7.19667e-05
55 -0.461898 -0.462187 7.08491e-05
56 -0.462086 -0.462185 6.95956e-05
57 -0.462262 -0.462187 6.83769e-05
58 -0.462059 -0.462184 6.72235e-05
59 -0.46218 -0.462184 6.60743e-05
60 -0.461974 -0.462181 6.50578e-05
61 -0.46252 -0.462186 6.42237e-05
62 -0.462469 -0.462191 6.33434e-05
63 -0.46241 -0.462194 6.24264e-05
64 -0.461808 -0.462188 6.17391e-05
65 -0.461933 -0.462184 6.09088e-05
66 -0.461586 -0.462175 6.06594e-05
67 -0.462951 -0.462187 6.0859e-05
68 -0.46209 -0.462185 5.99744e-05
69 -0.46167 -0.462178 5.95684e-05
70 -0.462142 -0.462177 5.87136e-05
71 -0.461636 -0.46217 5.8381e-05
72 -0.462476 -0.462174 5.77213e-05
73 -0.462748 -0.462182 5.74654e-05
74 -0.462453 -0.462186 5.68015e-05
75 -0.461933 -0.462182 5.61403e-05
76 -0.461987 -0.46218 5.54562e-05
77 -0.461553 -0.462172 5.53335e-05
78 -0.461523 -0.462163 5.52483e-05
79 -0.462283 -0.462165 5.45656e-05
80 -0.462801 -0.462173 5.44627e-05
81 -0.462401 -0.462176 5.38597e-05
82 -0.461902 -0.462172 5.33037e-05
83 -0.462785 -0.46218 5.31723e-05
84 -0.462905 -0.462188 5.32402e-05
85 -0.46267 -0.462194 5.2914e-05
86 -0.461286 -0.462183 5.33491e-05
87 -0.461963 -0.462181 5.2793e-05
88 -0.462582 -0.462185 5.23888e-05
89 -0.462065 -0.462184 5.18145e-05
90 -0.461158 -0.462173 5.24875e-05
91 -0.462471 -0.462176 5.20111e-05
92 -0.461537 -0.462169 5.19096e-05
93 -0.462498 -0.462172 5.14704e-05
94 -0.463321 -0.462185 5.23648e-05
95 -0.462646 -0.46219 5.20381e-05
96 -0.462205 -0.46219 5.14935e-05
97 -0.462412 -0.462192 5.10113e-05
98 -0.462471 -0.462195 5.05684e-05
99 -0.462862 -0.462202 5.05072e-05
100 -0.461306 -0.462193 5.07946e-05
