1 0.197319 0.197319 0
2 0.198432 0.197876 0.000556509
3 0.195897 0.197216 0.000733815
4 0.197704 0.197338 0.000533058
5 0.196576 0.197186 0.000440126
6 0.195818 0.196958 0.00042555
7 0.194992 0.196677 0.000456287
8 0.195769 0.196564 0.000411124
9 0.196853 0.196596 0.000364005
10 0.196386 0.196575 0.000326251
11 0.196612 0.196578 0.000295124
12 0.195104 0.196455 0.000296108
13 0.196971 0.196495 0.000275258
14 0.196393 0.196488 0.000254944
15 0.196047 0.196458 0.000239154
16 0.194752 0.196352 0.000247835
17 0.194764 0.196258 0.000250836
18 0.195842 0.196235 0.000237617
19 0.197477 0.1963 0.000234072
20 0.19697 0.196334 0.00022457
21 0.195846 0.196311 0.00021487
22 0.194015 0.196206 0.00022991
23 0.195783 0.196188 0.000220455
24 0.195137 0.196144 0.000215563
25 0.196451 0.196156 0.000207125
26 0.197242 0.196198 0.000203331
27 0.197255 0.196237 0.000199533
28 0.196837 0.196259 0.000193465
29 0.195988 0.196249 0.000186909
30 0.195845 0.196236 0.000181074
31 0.198311 0.196303 0.000187491
32 0.19605 0.196295 0.000181709
33 0.196248 0.196294 0.000176122
34 0.194692 0.196246 0.000177237
35 0.194138 0.196186 0.000182341
36 0.198712 0.196256 0.000190589
37 0.196102 0.196252 0.000185414
38 0.195836 0.196241 0.000180801
39 0.195587 0.196224 0.000176902
40 0.197505 0.196256 0.000175371
41 0.196317 0.196258 0.000171047
42 0.196431 0.196262 0.000166975
43 0.197293 0.196286 0.000164798
44 0.198539 0.196337 0.000168954
45 0.196577 0.196343 0.000165243
46 0.197354 0.196365 0.000163099
47 0.197791 0.196395 0.000162454
48 0.196313 0.196393 0.000159042
49 0.194645 0.196358 0.000159797
50 0.19626 0.196356 0.000156581
51 0.197045 0.196369 0.000154075
52 0.196086 0.196364 0.000151181
53 0.197129 0.196378 0.000149002
54 0.19614 0.196374 0.000146283
55 0.197181 0.196388 0.000144346
56 0.193971 0.196345 0.000148171
57 0.193745 0.1963 0.000152528
58 0.196789 0.196308 0.000150113
59 0.197679 0.196331 0.000149365
60 0.196572 0.196335 0.000146909
61 0.195864 0.196328 0.000144687
62 0.196763 0.196335 0.000142508
63 0.198159 0.196363 0.000143188
64 0.197513 0.196381 0.000142072
65 0.195963 0.196375 0.000140017
66 0.197045 0.196385 0.000138253
67 0.195402 0.19637 0.000136962
68 0.197493 0.196387 0.000135938
69 0.196039 0.196382 0.000134049
70 0.197612 0.1964 0.000133283
71 0.198594 0.19643 0.000134979
72 0.196958 0.196438 0.000133293
73 0.196867 0.196444 0.000131586
74 0.195254 0.196428 0.000130788
75 0.196521 0.196429 0.000129038
76 0.195547 0.196417 0.000127856
77 0.19622 0.196415 0.000126211
78 0.196653 0.196418 0.00012462
79 0.197297 0.196429 0.000123535
80 0.197058 0.196437 0.000122234
81 0.196647 0.196439 0.000120743
82 0.195142 0.196423 0.000120306
83 0.197516 0.196437 0.000119574
84 0.195333 0.196423 0.000118871
85 0.198446 0.196447 0.000119849
86 0.196731 0.196451 0.000118494
87 0.197727 0.196465 0.000118039
88 0.196035 0.19646 0.000116792
89 0.195678 0.196452 0.000115807
90 0.19497 0.196435 0.000115689
91 0.197134 0.196443 0.000114668
92 0.197984 0.19646 0.000114645
93 0.197139 0.196467 0.000113641
94 0.193241 0.196433 0.000117546
95 0.198276 0.196452 0.00011791
96 0.196957 0.196457 0.000116793
97 0.196176 0.196454 0.000115619
98 0.1943 0.196432 0.000116526
99 0.195839 0.196426 0.000115498
100 0.195768 0.19642 0.000114527
