1 2.68218 2.68218 0
2 2.69773 2.68995 0.0077764
3 2.70189 2.69393 0.00599938
4 2.71376 2.69889 0.00652493
5 2.72588 2.70429 0.00739548
6 2.75878 2.71337 0.0109055
7 2.7249 2.71502 0.00936297
8 2.75821 2.72042 0.00974158
9 2.73805 2.72238 0.00881186
10 2.7527 2.72541 0.00844474
11 2.73711 2.72647 0.00771226
12 2.68302 2.72285 0.00791707
13 2.76262 2.72591 0.00789912
14 2.7269 2.72598 0.00731351
15 2.73702 2.72672 0.00684816
16 2.73433 2.72719 0.00642351
17 2.73409 2.7276 0.00604746
18 2.69873 2.72599 0.00592286
19 2.70853 2.72507 0.00567735
20 2.73446 2.72554 0.00540642
21 2.71381 2.72499 0.00517283
22 2.72933 2.72518 0.00493605
23 2.71625 2.72479 0.00473253
24 2.70207 2.72385 0.0046289
25 2.72754 2.724 0.00444234
26 2.71067 2.72348 0.00429873
27 2.72789 2.72365 0.00413968
28 2.71504 2.72334 0.00400091
29 2.69765 2.72245 0.00396078
30 2.72968 2.72269 0.00383404
31 2.75264 2.72366 0.00383205
32 2.72635 2.72374 0.00371131
33 2.72611 2.72382 0.00359781
34 2.6799 2.72252 0.00372175
35 2.72051 2.72247 0.00361431
36 2.74734 2.72316 0.00357981
37 2.67224 2.72178 0.00374382
38 2.68468 2.7208 0.00377251
39 2.72304 2.72086 0.00367495
40 2.74479 2.72146 0.00363151
41 2.64294 2.71955 0.0040264
42 2.68862 2.71881 0.00399778
43 2.70325 2.71845 0.00392043
44 2.77478 2.71973 0.00403861
45 2.66002 2.7184 0.00416487
46 2.71504 2.71833 0.00407398
47 2.72729 2.71852 0.00399091
48 2.71915 2.71853 0.00390691
49 2.73161 2.7188 0.00383564
50 2.70201 2.71846 0.00377311
51 2.72452 2.71858 0.0037003
52 2.72794 2.71876 0.0036329
53 2.71697 2.71873 0.00356386
54 2.69587 2.7183 0.00352276
55 2.75404 2.71895 0.00351863
56 2.69595 2.71854 0.00347956
57 2.73624 2.71885 0.00343204
58 2.70412 2.7186 0.00338191
59 2.70121 2.7183 0.00333714
60 2.72871 2.71848 0.00328563
61 2.69667 2.71812 0.00325103
62 2.72226 2.71819 0.00319886
63 2.69037 2.71775 0.0031785
64 2.73114 2.71796 0.00313544
65 2.7214 2.71801 0.00308728
66 2.71786 2.71801 0.00304014
67 2.72933 2.71818 0.00299919
68 2.70946 2.71805 0.00295753
69 2.72494 2.71815 0.00291607
70 2.73262 2.71835 0.00288153
71 2.68693 2.71791 0.00287493
72 2.71702 2.7179 0.00283474
73 2.69061 2.71752 0.00282052
74 2.68957 2.71715 0.00280768
75 2.72811 2.71729 0.00277384
76 2.68168 2.71682 0.00277693
77 2.69994 2.71661 0.00274938
78 2.71843 2.71663 0.00271401
79 2.70165 2.71644 0.00268614
80 2.7874 2.71733 0.00279675
81 2.7373 2.71757 0.002773
82 2.73262 2.71776 0.00274511
83 2.71594 2.71773 0.00271192
84 2.70304 2.71756 0.00268514
85 2.75784 2.71803 0.00269536
86 2.71061 2.71795 0.00266523
87 2.69464 2.71768 0.00264801
88 2.70523 2.71754 0.00262156
89 2.69376 2.71727 0.00260567
90 2.72075 2.71731 0.00257684
91 2.73932 2.71755 0.00255982
92 2.71704 2.71755 0.00253185
93 2.7331 2.71771 0.00251006
94 2.70418 2.71757 0.00248738
95 2.70538 2.71744 0.0024644
96 2.71278 2.71739 0.00243908
97 2.73439 2.71757 0.00242016
98 2.71057 2.7175 0.0023964
99 2.7705 2.71803 0.00243173
100 2.68692 2.71772 0.00242731
