1 0.0278156 0.0278156 0
2 0.0284116 0.0281136 0.000298
3 0.0259968 0.027408 0.000726273
4 0.0278776 0.0275254 0.000526801
5 0.0247636 0.026973 0.000686741
6 0.0265076 0.0268955 0.000566062
7 0.024754 0.0265895 0.00056786
8 0.0278268 0.0267442 0.000515527
9 0.0285584 0.0269458 0.000497335
10 0.0288392 0.0271351 0.00048345
11 0.0243268 0.0268798 0.000506367
12 0.0259116 0.0267991 0.000469237
13 0.0262488 0.0267568 0.000433706
14 0.022688 0.0264662 0.000495676
15 0.0271496 0.0265117 0.000463693
16 0.0278052 0.0265926 0.000441214
17 0.0212456 0.026278 0.000520284
18 0.02739 0.0263398 0.000494403
19 0.0289064 0.0264749 0.000486777
20 0.026728 0.0264876 0.000461971
21 0.0272788 0.0265252 0.000441034
22 0.0270848 0.0265507 0.000421278
23 0.026594 0.0265526 0.000402549
24 0.0270956 0.0265752 0.000386075
25 0.0271996 0.0266002 0.000371152
26 0.0270456 0.0266173 0.000357002
27 0.0301072 0.0267465 0.000367038
28 0.0288184 0.0268205 0.000361344
29 0.0256296 0.0267795 0.000351072
30 0.0291196 0.0268575 0.000348022
31 0.0265784 0.0268485 0.000336729
32 0.0265468 0.026839 0.000326172
33 0.0280208 0.0268749 0.000318156
34 0.0268268 0.0268734 0.000308659
35 0.0260684 0.0268504 0.000300592
36 0.0273712 0.0268649 0.000292481
37 0.027028 0.0268693 0.000284501
38 0.030304 0.0269597 0.000291291
39 0.0292512 0.0270185 0.000289743
40 0.0307168 0.0271109 0.000297157
41 0.0283772 0.0271418 0.00029146
42 0.0252784 0.0270974 0.000287875
43 0.0278452 0.0271148 0.000281638
44 0.0286796 0.0271504 0.000277451
45 0.0280804 0.0271711 0.000272002
46 0.0281224 0.0271917 0.000266826
47 0.0305696 0.0272636 0.000270798
48 0.0303488 0.0273279 0.000272777
49 0.0268608 0.0273184 0.000267322
50 0.0266488 0.027305 0.000262263
51 0.02504 0.0272605 0.000260877
52 0.0247116 0.0272115 0.000260465
53 0.0267516 0.0272029 0.000255651
54 0.0280052 0.0272177 0.000251312
55 0.0319156 0.0273031 0.000261069
56 0.0319964 0.0273869 0.000269716
57 0.028398 0.0274047 0.000265535
58 0.0258664 0.0273782 0.000262261
59 0.0287324 0.0274011 0.000258797
60 0.02955 0.0274369 0.000256956
61 0.0276976 0.0274412 0.000252744
62 0.0271456 0.0274364 0.00024868
63 0.0255072 0.0274058 0.00024661
64 0.0303672 0.0274521 0.000247097
65 0.0245268 0.0274071 0.000247394
66 0.0280664 0.0274171 0.000243821
67 0.025126 0.0273829 0.000242577
68 0.0290368 0.0274072 0.000240217
69 0.0284136 0.0274218 0.000237159
70 0.0268552 0.0274137 0.000233887
71 0.0223088 0.0273418 0.000241519
72 0.0269524 0.0273364 0.000238203
73 0.0284352 0.0273514 0.000235399
74 0.0267652 0.0273435 0.000232331
75 0.0249588 0.0273117 0.000231407
76 0.0270224 0.0273079 0.000228374
77 0.0309756 0.0273555 0.000230367
78 0.024622 0.0273205 0.000230079
79 0.0272284 0.0273193 0.000227151
80 0.028838 0.0273383 0.000225095
81 0.0258444 0.0273199 0.000223063
82 0.0230268 0.0272675 0.00022646
83 0.0278684 0.0272747 0.000223833
84 0.0251344 0.0272493 0.000222615
85 0.0239888 0.0272109 0.0002233
86 0.0281964 0.0272224 0.000220985
87 0.0305324 0.0272604 0.000221719
88 0.0239308 0.0272226 0.000222427
89 0.0256764 0.0272052 0.000220598
90 0.0240624 0.0271703 0.000220911
91 0.0254252 0.0271511 0.00021931
92 0.024996 0.0271277 0.000218174
93 0.0246868 0.0271014 0.000217406
94 0.0252372 0.0270816 0.000215993
95 0.02633 0.0270737 0.000213853
96 0.0275364 0.0270785 0.000211669
97 0.0275528 0.0270834 0.000209533
98 0.0262004 0.0270744 0.000207579
99 0.0263116 0.0270667 0.000205616
100 0.0259084 0.0270551 0.000203879
