0 1 2 3 4 5 6 7 8 9 10 11 17 13 14 15 16 12 18 19 32 21 22 23 24 25 26 27 28 29 30 31 20 33 0
0 14 15 16 24 18 19 20 21 22 4 5 23 17 25 26 27 28 29 30 31 32 33 1 3 2 6 7 8 9 10 11 12 13 0
0 15 16 24 18 19 20 21 22 4 5 23 17 25 26 27 12 13 32 31 28 29 30 33 1 2 3 6 7 8 9 10 14 11 0
0 19 15 16 24 18 20 21 22 4 5 23 17 25 26 27 12 13 32 31 28 29 30 33 1 2 3 6 7 8 9 10 14 11 0
0 19 15 16 24 18 20 21 22 4 5 23 17 25 26 27 12 13 32 31 28 29 30 33 1 2 3 6 7 8 9 10 14 11 0
0 14 15 16 24 18 19 20 21 22 6 3 2 33 30 31 32 13 12 1 29 28 27 26 25 17 23 5 4 7 8 9 10 11 0
0 14 15 16 24 18 19 20 21 22 6 3 2 33 30 31 32 13 12 1 29 28 4 5 23 25 17 9 26 27 7 8 10 11 0
0 19 20 21 22 1 2 15 16 24 18 28 4 12 13 14 5 23 17 25 26 27 32 29 31 30 33 3 6 7 8 9 10 11 0
0 30 33 15 32 31 2 3 6 19 14 22 21 20 18 24 16 13 12 1 29 28 4 5 23 25 17 9 26 27 7 8 10 11 0
0 21 22 6 3 2 33 30 15 16 24 18 20 14 19 31 32 13 12 1 29 28 4 26 27 7 8 9 10 5 23 25 17 11 0
0 29 22 6 3 2 33 30 15 16 24 18 20 14 19 31 32 13 12 1 21 28 4 26 27 7 8 9 10 5 23 25 17 11 0
0 30 33 15 32 2 3 6 31 19 14 22 21 20 18 24 16 13 12 1 29 28 4 26 27 7 8 9 10 5 23 25 17 11 0
0 30 33 15 32 2 3 6 31 19 14 22 21 20 18 24 16 13 12 1 29 28 4 26 27 7 8 9 10 5 23 25 17 11 0
0 30 33 15 32 29 22 6 3 2 31 19 14 21 20 18 24 16 13 12 1 28 4 26 27 7 8 9 10 5 23 25 17 11 0
0 30 33 15 16 2 3 6 31 19 14 22 20 21 1 29 32 24 18 13 12 28 4 26 27 7 8 9 10 5 23 25 17 11 0
0 30 33 15 16 2 3 6 31 19 14 22 20 21 1 29 32 24 18 13 12 28 4 26 27 7 8 9 10 5 23 25 17 11 0
0 30 33 15 16 2 14 19 31 6 3 22 20 21 1 29 32 24 18 13 12 28 4 26 27 7 8 9 10 5 23 25 17 11 0
0 30 33 15 16 2 14 19 31 6 3 22 20 21 1 29 32 24 18 13 12 28 4 26 27 7 8 9 10 5 23 25 17 11 0
0 30 33 15 16 2 14 19 31 6 3 22 20 21 1 29 32 18 24 13 12 28 4 26 27 7 8 9 10 5 23 25 17 11 0
0 30 33 15 16 2 14 19 31 6 3 22 20 21 1 29 32 18 24 13 12 28 4 26 27 7 8 9 10 5 23 25 17 11 0
0 30 33 15 24 18 32 29 1 21 20 22 3 6 31 19 14 2 16 13 12 28 4 26 27 7 8 9 10 5 23 25 17 11 0
0 30 33 15 24 18 32 29 1 21 20 22 3 6 31 19 14 2 16 13 12 28 4 26 27 7 8 9 10 5 23 25 17 11 0
0 30 33 15 24 18 32 29 1 21 20 22 3 6 31 19 14 2 16 13 12 28 4 26 27 7 8 9 10 5 23 25 17 11 0
0 30 33 15 24 18 32 29 1 21 20 22 3 6 31 19 14 2 16 13 12 28 4 26 27 7 8 5 10 9 23 25 17 11 0
0 30 33 15 24 18 32 29 1 21 20 22 3 6 31 19 14 2 16 13 12 28 4 26 5 7 8 9 10 27 23 25 17 11 0
0 30 33 15 24 18 32 29 1 21 20 22 3 6 31 19 14 2 16 13 12 28 4 26 5 7 8 9 10 27 23 25 17 11 0
0 30 33 15 24 18 32 29 1 21 20 22 3 6 31 19 14 2 16 13 12 28 4 26 27 5 7 8 9 10 23 25 17 11 0
0 30 33 15 24 18 32 29 6 1 21 20 22 3 31 19 14 2 16 13 12 28 4 26 5 7 8 9 10 27 23 25 17 11 0
0 30 33 15 24 18 32 29 1 21 20 22 3 6 31 19 14 2 16 13 12 28 4 26 5 27 10 9 8 7 23 25 17 11 0
0 30 33 14 19 31 6 3 22 20 21 1 29 32 18 24 15 2 16 13 12 28 4 26 5 7 8 9 10 27 23 25 17 11 0
0 30 33 14 19 31 6 3 22 20 21 1 29 32 18 24 15 2 16 13 12 28 4 26 27 5 7 8 9 10 23 25 17 11 0
0 30 33 14 19 31 6 3 22 20 21 1 29 32 18 24 15 2 16 13 12 28 4 26 5 27 10 9 8 7 23 25 17 11 0
0 30 33 14 19 31 6 3 22 20 21 1 29 32 18 24 15 2 16 13 12 28 4 26 5 27 10 9 8 7 23 25 17 11 0
0 30 11 33 14 19 31 6 3 22 20 21 1 29 32 18 24 15 2 16 13 12 28 4 26 5 27 10 9 8 7 23 25 17 0
0 30 11 33 14 19 31 6 3 22 20 21 1 29 32 18 24 15 2 16 13 12 28 4 26 5 27 10 23 7 8 9 25 17 0
0 30 11 33 14 19 31 6 3 22 20 21 1 29 32 18 24 15 2 16 13 12 28 26 4 5 27 10 23 7 8 9 25 17 0
0 30 11 33 14 19 31 6 3 22 20 21 1 29 32 18 24 15 2 16 13 12 28 26 4 5 27 10 23 7 8 9 25 17 0
0 30 11 33 14 19 31 6 3 22 20 21 1 29 32 18 24 15 2 16 13 12 28 26 4 5 27 10 23 7 8 9 25 17 0
0 30 11 33 14 19 31 6 3 22 20 21 1 29 32 18 24 15 2 16 13 12 28 26 4 5 27 10 23 7 8 9 25 17 0
0 30 11 33 14 19 31 6 3 22 20 21 1 29 32 18 12 15 2 16 13 24 28 26 4 5 27 10 23 7 8 9 25 17 0
0 30 11 33 14 19 31 6 3 20 21 1 22 29 32 18 24 15 2 16 13 12 28 26 4 5 27 10 23 7 8 9 25 17 0
0 30 11 33 14 19 31 6 3 22 20 21 1 29 32 18 28 15 2 16 13 12 24 26 4 5 27 10 23 7 8 9 25 17 0
0 30 11 33 14 19 31 6 3 20 21 29 22 1 32 18 24 15 2 16 13 12 28 26 4 5 27 10 23 7 8 9 25 17 0
0 30 11 33 14 19 31 6 3 20 21 29 22 1 32 18 24 15 2 16 13 12 28 26 4 5 27 10 23 7 8 9 25 17 0
0 30 11 33 14 19 31 6 3 21 29 22 1 20 32 18 24 15 2 16 13 12 28 26 4 5 27 10 23 7 8 9 25 17 0
0 30 11 33 14 19 31 6 3 21 29 22 1 20 32 18 24 15 2 16 13 12 28 26 4 5 27 10 23 8 7 9 25 17 0
0 30 11 33 14 19 31 6 3 21 29 22 1 20 32 18 28 15 2 16 13 12 24 26 4 5 27 10 23 7 8 9 25 17 0
0 30 11 33 14 19 31 6 3 22 29 21 1 20 32 18 24 15 2 16 13 12 28 26 4 5 27 10 23 7 8 9 25 17 0
0 30 11 33 14 19 31 6 3 22 29 21 1 20 32 18 24 15 2 16 13 12 28 26 4 5 27 10 23 7 8 9 25 17 0
0 30 11 33 14 19 31 6 3 22 29 21 1 20 32 18 24 15 2 16 13 12 28 26 4 5 27 10 23 7 8 9 25 17 0
0 30 11 33 14 19 31 6 3 22 29 21 1 20 32 18 24 15 2 16 13 12 28 26 4 5 27 10 23 8 7 9 25 17 0
0 30 11 33 14 19 31 6 3 29 22 21 1 20 32 18 28 15 2 16 13 12 24 26 4 5 27 10 23 7 8 9 25 17 0
0 33 14 19 31 6 3 29 22 21 1 20 32 18 28 24 15 2 16 13 12 26 4 5 27 10 23 7 8 9 25 17 30 11 0
0 33 14 19 31 6 3 29 22 21 1 20 32 18 28 24 15 2 16 13 12 26 4 5 27 10 23 7 8 9 25 17 30 11 0
0 30 11 33 14 19 31 6 29 22 3 21 1 20 32 18 28 24 15 2 16 13 12 26 4 5 27 10 23 7 8 9 25 17 0
0 30 11 33 14 19 31 6 3 22 29 21 1 20 32 18 28 24 4 26 12 13 16 2 15 5 27 10 23 7 8 9 25 17 0
0 30 11 33 14 19 31 6 3 22 29 21 1 20 32 18 28 24 4 26 12 13 16 2 15 5 27 10 23 7 8 9 25 17 0
0 30 11 33 14 19 31 6 29 3 22 21 1 20 32 18 28 24 4 26 12 13 16 2 15 5 27 10 23 7 8 9 25 17 0
0 30 11 33 14 19 31 6 29 3 22 21 1 20 32 18 28 24 4 26 12 13 16 2 15 5 27 10 23 7 8 9 25 17 0
0 30 11 33 14 19 31 6 29 3 22 21 1 20 32 18 28 24 4 26 12 13 16 2 15 5 27 10 23 7 8 9 25 17 0
0 30 11 33 14 19 31 6 29 3 22 21 1 20 32 18 28 4 26 12 13 16 2 15 24 5 27 10 23 7 8 9 25 17 0
0 30 11 33 14 19 31 6 29 3 22 21 1 20 32 18 28 4 26 12 13 16 2 15 24 5 27 10 23 7 8 9 25 17 0
0 11 33 14 19 31 6 29 3 22 21 1 20 32 18 28 4 26 12 13 16 2 15 24 5 27 10 23 7 8 9 25 17 30 0
0 11 33 14 19 31 6 29 3 22 21 1 20 32 18 28 4 26 12 13 16 2 15 24 5 27 10 23 7 8 9 25 17 30 0
0 17 30 11 33 14 19 31 6 29 3 22 21 1 20 32 18 28 4 26 24 12 13 16 2 15 5 27 10 23 7 8 9 25 0
0 17 30 11 33 14 19 31 6 29 3 22 21 1 20 32 18 28 4 26 24 12 13 16 2 15 5 27 10 23 7 8 9 25 0
0 11 33 14 19 31 6 29 3 22 21 1 20 32 18 28 4 26 24 12 13 16 2 15 5 27 10 23 7 8 9 25 17 30 0
0 11 33 14 19 31 6 29 3 22 21 1 20 32 18 28 4 26 24 12 13 16 2 15 5 27 10 23 7 8 9 25 17 30 0
0 11 33 14 19 31 6 29 3 22 21 1 20 32 18 28 4 26 24 12 13 16 2 15 5 27 10 23 7 8 9 25 17 30 0
0 11 33 14 19 31 6 29 3 22 21 1 20 32 18 28 4 26 24 12 13 16 2 15 5 27 10 23 7 8 9 25 17 30 0
0 11 33 14 19 31 6 29 3 22 21 1 20 32 18 28 4 26 24 12 13 16 2 15 5 27 10 23 7 8 9 25 17 30 0
0 11 33 14 19 31 6 29 3 22 21 1 20 32 18 28 4 26 24 12 16 13 2 15 5 27 10 23 7 8 9 25 17 30 0
0 11 33 14 19 31 6 29 3 22 21 1 20 32 18 28 4 26 24 12 16 13 2 15 5 27 10 23 7 8 9 25 17 30 0
0 11 33 14 19 31 6 29 3 22 21 1 20 32 18 28 4 26 24 12 16 13 2 15 5 27 10 23 7 8 9 25 17 30 0
0 11 33 14 19 31 6 29 3 22 21 1 20 32 18 28 4 26 24 12 16 13 2 15 5 27 10 23 7 8 9 25 17 30 0
0 11 33 14 19 31 6 29 3 22 21 1 20 32 18 28 4 26 24 12 16 13 2 15 5 27 10 23 7 8 9 25 17 30 0
0 11 33 14 19 31 6 29 3 22 21 1 20 32 18 28 4 26 24 12 16 13 2 15 5 27 10 23 7 8 9 25 17 30 0
0 11 33 14 19 31 6 29 3 22 21 1 20 32 18 28 4 26 24 12 16 13 2 15 5 27 10 23 7 8 9 25 17 30 0
0 11 33 14 19 31 6 29 3 22 21 1 20 32 18 28 4 26 24 12 16 13 2 15 5 27 10 23 7 8 9 25 17 30 0
0 11 33 14 19 31 6 29 3 22 21 1 20 32 18 28 4 26 24 12 16 13 2 15 5 27 10 23 7 8 9 25 17 30 0
0 11 33 14 19 31 6 29 3 22 21 1 20 32 18 28 4 26 24 12 16 13 2 15 5 27 10 23 7 8 9 25 17 30 0
0 11 33 14 19 31 29 6 3 22 21 1 20 32 18 28 4 26 24 12 16 13 2 15 5 27 10 23 7 8 9 25 17 30 0
0 11 33 14 19 31 29 6 3 22 21 1 20 32 18 28 4 26 24 12 16 13 2 15 5 27 10 23 7 8 9 25 17 30 0
0 11 33 14 19 31 29 6 3 22 21 1 20 32 18 28 4 26 24 12 16 13 2 15 5 27 10 23 7 8 9 25 17 30 0
0 11 33 14 19 31 29 6 3 22 21 1 20 32 18 28 4 26 24 12 16 13 2 15 5 27 10 23 7 8 9 25 17 30 0
0 11 33 14 19 31 29 6 3 22 21 1 20 32 18 28 4 26 24 12 16 13 2 15 5 27 10 23 8 7 9 25 17 30 0
0 11 33 14 19 31 29 6 3 22 21 1 20 32 18 28 4 26 24 12 16 13 2 15 5 27 10 23 8 7 9 25 17 30 0
0 11 33 14 19 31 29 6 3 22 21 1 20 32 18 28 4 26 24 12 16 13 2 15 5 27 10 23 8 7 9 25 17 30 0
0 11 14 33 19 31 29 6 3 22 21 1 20 32 18 28 4 26 24 12 16 13 2 15 5 27 10 23 8 7 9 25 17 30 0
0 11 14 33 19 31 29 6 3 22 21 1 20 32 18 28 4 26 24 12 16 13 2 15 5 27 10 23 8 7 9 25 17 30 0
0 11 14 33 19 31 29 6 3 22 21 1 20 32 18 28 4 26 24 12 16 13 2 15 5 27 10 23 8 7 9 25 17 30 0
0 11 14 33 19 31 29 6 3 22 21 1 20 32 18 28 26 24 4 12 16 13 2 15 5 27 10 23 8 7 9 25 17 30 0
0 11 14 33 19 31 29 6 3 22 21 1 20 32 18 28 26 4 24 12 16 13 2 15 5 27 10 23 8 7 9 25 17 30 0
0 11 14 33 19 31 29 6 3 22 21 1 20 32 18 28 26 4 24 12 16 13 2 15 5 27 10 23 8 7 9 25 17 30 0
0 11 14 33 19 31 29 6 3 22 21 1 20 32 18 28 26 4 24 12 16 13 2 15 5 27 10 23 8 7 9 25 17 30 0
0 11 14 33 19 31 29 6 3 22 21 1 20 32 18 28 26 4 24 12 16 13 2 15 5 27 10 23 8 7 9 25 17 30 0
0 11 14 33 19 31 29 6 3 22 21 1 20 32 18 28 26 4 24 12 16 13 2 15 5 27 10 23 8 7 9 25 17 30 0
0 11 14 33 19 31 29 6 3 22 21 20 1 32 18 28 26 4 24 12 16 13 2 15 5 27 10 23 8 7 9 25 17 30 0
0 11 14 33 19 31 29 6 3 22 21 20 1 32 18 28 26 4 24 12 16 13 2 15 5 27 10 23 8 7 9 25 17 30 0
0 11 14 33 19 31 29 6 3 22 21 20 1 32 18 28 26 4 24 12 16 13 2 15 5 27 10 23 8 7 9 25 17 30 0
0 11 14 33 19 31 29 6 3 22 21 20 1 32 18 28 26 4 24 12 16 13 2 15 5 27 10 23 8 7 9 25 17 30 0
0 11 14 33 19 31 29 6 3 22 21 20 1 32 18 28 26 4 24 12 16 13 2 15 5 27 10 23 8 7 9 25 17 30 0
0 11 14 33 19 31 29 6 3 22 21 20 1 32 18 28 26 4 24 12 16 13 2 15 5 27 10 23 8 7 9 25 17 30 0
0 11 14 33 19 31 29 6 3 22 21 20 1 32 18 28 26 4 24 12 16 13 2 15 5 27 10 23 8 7 9 25 17 30 0
0 11 14 33 19 31 29 6 3 22 21 20 1 32 18 28 26 4 24 12 16 13 2 15 5 27 10 23 8 7 9 25 17 30 0
0 11 14 33 19 31 29 6 3 22 21 20 1 32 18 28 26 4 24 12 16 13 2 15 5 27 10 23 8 7 9 25 17 30 0
0 11 14 33 19 31 29 6 3 22 21 20 1 32 18 28 26 4 24 12 16 13 2 15 5 27 10 23 8 7 9 25 17 30 0
0 11 14 33 19 31 29 6 3 22 21 20 1 32 18 28 26 4 24 12 16 13 2 15 5 27 10 23 8 7 9 25 17 30 0
0 11 14 33 19 31 29 6 3 22 21 20 1 32 18 28 26 4 24 12 16 13 2 15 5 27 10 23 8 7 9 25 17 30 0
0 11 14 33 19 31 29 6 3 22 21 20 1 32 18 28 26 4 24 12 16 13 2 15 5 27 10 23 8 7 9 25 17 30 0
0 11 14 33 19 31 29 6 3 22 21 20 1 32 18 28 26 4 24 12 16 13 2 15 5 27 10 23 8 7 9 25 17 30 0
0 11 14 33 19 31 29 6 3 22 21 20 1 32 18 28 26 4 24 12 16 13 2 15 5 27 10 23 8 7 9 25 17 30 0
0 11 14 33 19 31 29 6 3 22 21 20 1 32 18 28 26 4 24 12 16 13 2 15 5 27 10 23 8 7 9 25 17 30 0
0 11 14 33 19 31 29 6 3 22 21 20 1 32 18 28 26 4 24 12 16 13 2 15 5 27 10 23 8 7 9 25 17 30 0
0 11 14 33 19 31 29 6 3 22 21 20 1 32 18 28 26 4 24 12 16 13 2 15 5 27 10 23 8 7 9 25 17 30 0
0 11 14 33 19 31 29 6 3 22 21 20 1 32 18 28 26 4 24 12 16 13 2 15 5 27 10 23 8 7 9 25 17 30 0
0 11 14 33 19 31 29 6 3 22 21 20 1 32 18 28 26 4 24 12 16 13 2 15 5 27 10 23 8 7 9 25 17 30 0
0 11 14 33 19 31 29 6 3 22 21 20 1 32 18 28 26 4 24 12 16 13 2 15 5 27 10 23 8 7 9 25 17 30 0
0 11 14 33 19 31 29 6 3 22 21 20 1 32 18 28 26 4 24 12 16 13 2 15 5 27 10 23 8 7 9 25 17 30 0
0 11 14 33 19 31 29 6 3 22 21 20 1 32 18 28 26 4 24 12 16 13 2 15 5 27 10 23 8 7 9 25 17 30 0
0 11 14 33 19 31 29 6 3 22 21 20 1 32 18 28 26 4 24 12 16 13 2 15 5 27 10 23 8 7 9 25 17 30 0
0 11 14 33 19 31 29 6 3 22 21 20 1 32 18 28 26 4 24 12 16 13 2 15 5 27 10 23 8 7 9 25 17 30 0
0 11 14 33 19 31 29 6 3 22 21 20 1 32 18 28 26 4 24 12 16 13 2 15 5 27 10 23 8 7 9 25 17 30 0
0 11 14 33 19 31 29 6 3 22 21 20 1 32 18 28 26 4 24 12 16 13 2 15 5 27 10 23 8 7 9 25 17 30 0
0 11 14 33 19 31 29 6 3 22 21 20 1 32 18 28 26 4 24 12 16 13 2 15 5 27 10 23 8 7 9 25 17 30 0
0 11 14 33 19 31 29 6 3 22 21 20 1 32 18 28 26 4 24 12 16 13 2 15 5 27 10 23 8 7 9 25 17 30 0
0 11 14 33 19 31 29 6 3 22 21 20 1 32 18 28 26 4 24 12 16 13 2 15 5 27 10 23 8 7 9 25 17 30 0
0 11 14 33 19 31 29 6 3 22 21 20 1 32 18 28 26 4 24 12 16 13 2 15 5 27 10 23 8 7 9 25 17 30 0
0 11 14 33 19 31 29 6 3 22 21 20 1 32 18 28 26 4 24 12 16 13 2 15 5 27 10 23 8 7 9 25 17 30 0
0 11 14 33 19 31 29 6 3 22 21 20 1 32 18 28 26 4 24 12 16 13 2 15 5 27 10 23 8 7 9 25 17 30 0
0 11 14 33 19 31 29 6 3 22 21 20 1 32 18 28 26 4 24 12 16 13 2 15 5 27 10 23 8 7 9 25 17 30 0
0 11 14 33 19 31 29 6 3 22 21 20 1 32 18 28 26 4 24 12 16 13 2 15 5 27 10 23 8 7 9 25 17 30 0
0 11 14 33 19 31 29 6 3 22 21 20 1 32 18 28 26 4 24 12 16 13 2 15 5 27 10 23 8 7 9 25 17 30 0
0 11 14 33 19 31 29 6 3 22 21 20 1 32 18 28 26 4 24 12 16 13 2 15 5 27 10 23 8 7 9 25 17 30 0
0 11 14 33 19 31 29 6 3 22 21 20 1 32 18 28 26 4 24 12 16 13 2 15 5 27 10 23 8 7 9 25 17 30 0
0 11 14 33 19 31 29 6 3 22 21 20 1 32 18 28 26 4 24 12 16 13 2 15 5 27 10 23 8 7 9 25 17 30 0
0 11 14 33 19 31 29 6 3 22 21 20 1 32 18 28 26 4 24 12 16 13 2 15 5 27 10 23 8 7 9 25 17 30 0
0 17 30 11 14 33 19 3 6 29 31 22 21 20 1 32 18 28 26 4 24 12 16 13 2 15 5 27 10 23 8 7 9 25 0
0 17 30 11 14 33 19 3 6 29 31 22 21 20 1 32 18 28 26 4 24 12 16 13 2 15 5 27 10 23 8 7 9 25 0
0 17 30 11 14 33 19 3 6 29 31 22 21 20 1 32 18 28 26 4 24 12 16 13 2 15 5 27 10 23 8 7 9 25 0
0 17 30 11 14 33 19 3 6 29 31 22 21 20 1 32 18 28 26 4 24 12 16 13 2 15 5 27 10 23 8 7 9 25 0
0 17 30 11 14 33 19 3 6 29 31 22 21 20 1 32 18 28 26 4 24 12 16 13 2 15 5 27 10 23 8 7 9 25 0
0 17 30 11 14 33 19 3 6 29 31 22 21 20 1 32 18 28 26 4 24 12 16 13 2 15 5 27 10 23 8 7 9 25 0
0 17 30 11 14 33 19 3 6 29 31 22 21 20 1 32 18 28 26 4 24 12 16 13 2 15 5 27 10 23 8 7 9 25 0
0 17 30 11 14 33 19 3 6 29 31 22 21 20 1 32 18 28 26 4 24 12 16 13 2 15 5 27 10 23 8 7 9 25 0
0 11 14 33 19 3 6 29 31 22 21 20 1 32 18 28 26 4 24 12 16 13 2 15 5 27 10 23 8 7 9 25 17 30 0
0 11 14 33 19 3 6 29 31 22 21 20 1 32 18 28 26 4 24 12 16 13 2 15 5 27 10 23 8 7 9 25 17 30 0
0 11 14 33 19 3 6 29 31 22 21 20 1 32 18 28 26 4 24 12 16 13 2 15 5 27 10 23 8 7 9 25 17 30 0
0 11 14 33 19 3 6 29 31 22 21 20 1 32 18 28 26 4 24 12 16 13 2 15 5 27 10 23 8 7 9 25 17 30 0
0 11 14 33 19 3 6 29 31 22 21 20 1 32 18 28 26 4 24 12 16 13 2 15 5 27 10 23 8 7 9 25 17 30 0
0 11 14 33 19 3 6 29 31 22 21 20 1 32 18 28 26 4 24 12 16 13 2 15 5 27 10 23 8 7 9 25 17 30 0
0 11 14 33 19 3 6 29 31 22 21 20 1 32 18 28 26 4 24 12 16 13 2 15 5 27 10 23 8 7 9 25 17 30 0
0 11 14 33 19 3 6 29 31 22 21 20 1 32 18 28 26 4 24 12 16 13 2 15 5 27 10 23 8 7 9 25 17 30 0
0 11 14 33 19 3 6 29 31 22 21 20 1 32 18 28 26 4 24 12 16 13 2 15 5 27 10 23 8 7 9 25 17 30 0
0 11 14 33 19 3 6 29 31 22 21 20 1 32 18 28 26 4 24 12 16 13 2 15 5 27 10 23 8 7 9 25 17 30 0
0 11 14 33 19 3 6 29 31 22 21 20 1 32 18 28 26 4 24 12 16 13 2 15 5 27 10 23 8 7 9 25 17 30 0
0 11 14 33 19 3 6 29 31 22 21 20 1 32 18 28 26 4 24 12 16 13 2 15 5 27 10 23 8 7 9 25 17 30 0
0 11 14 33 19 3 6 29 31 22 21 20 1 32 18 28 26 4 24 12 16 13 2 15 5 27 10 23 8 7 9 25 17 30 0
0 11 14 33 19 3 6 29 31 22 21 20 1 32 18 28 26 4 24 12 16 13 2 15 5 27 10 23 8 7 9 25 17 30 0
0 11 14 33 19 3 6 29 31 22 21 20 1 32 18 28 26 4 24 12 16 13 2 15 5 27 10 23 8 7 9 25 17 30 0
0 11 14 33 19 3 6 29 31 22 21 20 1 32 18 28 26 4 24 12 16 13 2 15 5 27 10 23 8 7 9 25 17 30 0
0 11 14 33 19 3 6 29 31 22 21 20 1 32 18 28 26 4 24 12 16 13 2 15 5 27 10 23 8 7 9 25 17 30 0
0 11 14 33 19 3 6 29 31 22 21 20 1 32 18 28 26 4 24 12 16 13 2 15 5 27 10 23 8 7 9 25 17 30 0
0 11 14 33 19 3 6 29 31 22 21 20 1 32 18 28 26 4 24 12 16 13 2 15 5 27 10 23 8 7 9 25 17 30 0
0 11 14 33 19 3 6 29 31 22 21 20 1 32 18 28 26 4 24 12 16 13 2 15 5 27 10 23 8 7 9 25 17 30 0
0 11 14 33 19 3 6 29 31 22 21 20 1 32 18 28 26 4 24 12 16 13 2 15 5 27 10 23 8 7 9 25 17 30 0
0 11 14 33 19 3 6 29 31 22 21 20 1 32 18 28 26 4 24 12 16 13 2 15 5 27 10 23 8 7 9 25 17 30 0
0 11 14 33 19 3 6 29 31 22 21 20 1 32 18 28 26 4 24 12 16 13 2 15 5 27 10 23 8 7 9 25 17 30 0
0 11 14 33 19 3 6 29 31 22 21 20 1 32 18 28 26 4 24 12 16 13 2 15 5 27 10 23 8 7 9 25 17 30 0
0 11 14 33 19 3 6 29 31 22 21 20 1 32 18 28 26 4 24 12 16 13 2 15 5 27 10 23 8 7 9 25 17 30 0
0 11 14 33 19 3 6 29 31 22 21 20 1 32 18 28 26 4 24 12 16 13 2 15 5 27 10 23 8 7 9 25 17 30 0
0 11 14 33 19 3 6 29 31 22 21 20 1 32 18 28 26 4 24 12 16 13 2 15 5 27 10 23 8 7 9 25 17 30 0
0 11 14 33 19 3 6 29 31 22 21 20 1 32 18 28 26 4 24 12 16 13 2 15 5 27 10 23 8 7 9 25 17 30 0
0 11 14 33 19 3 6 29 31 22 21 20 1 32 18 28 26 4 24 12 16 13 2 15 5 27 10 23 8 7 9 25 17 30 0
0 11 14 33 19 3 6 29 31 22 21 20 1 32 18 28 26 4 24 12 16 13 2 15 5 27 10 23 8 7 9 25 17 30 0
0 11 14 33 19 3 6 29 31 22 21 20 1 32 18 28 26 4 24 12 16 13 2 15 5 27 10 23 8 7 9 25 17 30 0
0 11 14 33 19 3 6 29 31 22 21 20 1 32 18 28 26 4 24 12 16 13 2 15 5 27 10 23 8 7 9 25 17 30 0
0 11 14 33 19 3 6 29 31 22 21 20 1 32 18 28 26 4 24 12 16 13 2 15 5 27 10 23 8 7 9 25 17 30 0
0 11 14 33 19 3 6 29 31 22 21 20 1 32 18 28 26 4 24 12 16 13 2 15 5 27 10 23 8 7 9 25 17 30 0
0 11 14 33 19 3 6 29 31 22 21 20 1 32 18 28 26 4 24 12 16 13 2 15 5 27 10 23 8 7 9 25 17 30 0
0 11 14 33 19 3 6 29 31 22 21 20 1 32 18 28 26 4 24 12 16 13 2 15 5 27 10 23 8 7 9 25 17 30 0
0 11 14 33 19 3 6 29 31 22 21 20 1 32 18 28 26 4 24 12 16 13 2 15 5 27 10 23 8 7 9 25 17 30 0
0 11 14 33 19 22 31 29 6 3 21 20 1 32 18 28 26 4 24 12 16 13 2 15 5 27 10 23 8 7 9 25 17 30 0
0 11 14 33 19 22 31 29 6 3 21 20 1 32 18 28 26 4 24 12 16 13 2 15 5 27 10 23 8 7 9 25 17 30 0
0 11 14 33 19 22 31 29 6 3 21 20 1 32 18 28 26 4 24 12 16 13 2 15 5 27 10 23 8 7 9 25 17 30 0
0 11 14 33 19 22 31 29 6 3 21 20 1 32 18 28 26 4 24 12 16 13 2 15 5 27 10 23 8 7 9 25 17 30 0
0 11 14 33 19 22 31 29 6 3 21 20 1 32 18 28 26 4 24 12 16 13 2 15 5 27 10 23 8 7 9 25 17 30 0
0 11 14 33 19 22 31 29 6 3 21 20 1 32 18 28 26 4 24 12 16 13 2 15 5 27 10 23 8 7 9 25 17 30 0
0 11 14 33 19 22 31 29 6 3 21 20 1 32 18 28 26 4 24 12 16 13 2 15 5 27 10 23 8 7 9 25 17 30 0
0 11 14 33 19 22 31 29 6 3 21 20 1 32 18 28 26 4 24 12 16 13 2 15 5 27 10 23 8 7 9 25 17 30 0
0 11 14 33 19 22 3 6 29 31 21 20 1 32 18 28 26 4 24 12 16 13 2 15 5 27 10 23 8 7 9 25 17 30 0
0 11 14 33 19 22 3 6 29 31 21 20 1 32 18 28 26 4 24 12 16 13 2 15 5 27 10 23 8 7 9 25 17 30 0
0 11 14 33 19 22 3 6 29 31 21 20 1 32 18 28 26 4 24 12 16 13 2 15 5 27 10 23 8 7 9 25 17 30 0
0 11 14 33 19 22 3 6 29 31 21 20 1 32 18 28 26 4 24 12 16 13 2 15 5 27 10 23 8 7 9 25 17 30 0
0 11 14 33 19 22 3 6 29 31 21 20 1 32 18 28 26 4 24 12 16 13 2 15 5 27 10 23 8 7 9 25 17 30 0
0 11 14 33 19 22 3 6 29 31 21 20 1 32 18 28 26 4 24 12 16 13 2 15 5 27 10 23 8 7 9 25 17 30 0
0 11 14 33 19 22 3 6 29 31 21 20 1 32 18 28 26 4 24 12 16 13 2 15 5 27 10 23 8 7 9 25 17 30 0
0 11 14 33 19 22 3 6 29 31 21 20 1 32 18 28 26 4 24 12 16 13 2 15 5 27 10 23 8 7 9 25 17 30 0
0 11 14 33 19 22 3 6 29 31 21 20 1 32 18 28 26 4 24 12 16 13 2 15 5 27 10 23 8 7 9 25 17 30 0
0 11 14 33 19 22 3 6 29 31 21 20 1 32 18 28 26 4 24 12 16 13 2 15 5 27 10 23 8 7 9 25 17 30 0
0 11 14 33 19 22 3 6 29 31 21 20 1 32 18 28 26 4 24 12 16 13 2 15 5 27 10 23 8 7 9 25 17 30 0
0 11 14 33 19 22 3 6 29 31 21 20 1 32 18 28 26 4 24 12 16 13 2 15 5 27 10 23 8 7 9 25 17 30 0
0 11 14 33 19 22 3 6 29 31 21 20 1 32 18 28 26 4 24 12 16 13 2 15 5 27 10 23 8 7 9 25 17 30 0
0 11 14 33 19 22 3 6 29 31 21 20 1 32 18 28 26 4 24 12 16 13 2 15 5 27 10 23 8 7 9 25 17 30 0
0 11 14 33 19 22 3 6 29 31 21 20 1 32 18 28 26 4 24 12 16 13 2 15 5 27 10 23 8 7 9 25 17 30 0
0 11 14 33 19 22 3 6 29 31 21 20 1 32 18 28 26 4 24 12 16 13 2 15 5 27 10 23 8 7 9 25 17 30 0
0 11 14 33 19 22 3 6 29 31 21 20 1 32 18 28 26 4 24 12 16 13 2 15 5 27 10 23 8 7 9 25 17 30 0
0 11 14 33 19 22 3 6 29 31 21 20 1 32 18 28 26 4 24 12 16 13 2 15 5 27 10 23 8 7 9 25 17 30 0
0 11 14 33 19 22 3 6 29 31 21 20 1 32 18 28 26 4 24 12 16 13 2 15 5 27 10 23 8 7 9 25 17 30 0
0 11 14 33 19 22 3 6 29 31 21 20 1 32 18 28 26 4 24 12 16 13 2 15 5 27 10 23 8 7 9 25 17 30 0
0 11 14 33 19 22 3 6 29 31 21 20 1 32 18 28 26 4 24 12 16 13 2 15 5 27 10 23 8 7 9 25 17 30 0
0 11 14 33 19 22 3 6 29 31 21 20 1 32 18 28 26 4 24 12 16 13 2 15 5 27 10 23 8 7 9 25 17 30 0
0 11 14 33 19 22 3 6 29 31 21 20 1 32 18 28 26 4 24 12 16 13 2 15 5 27 10 23 8 7 9 25 17 30 0
0 11 14 33 19 22 3 6 29 31 21 20 1 32 18 28 26 4 24 12 16 13 2 15 5 27 10 23 8 7 9 25 17 30 0
0 11 14 33 19 22 3 6 29 31 21 20 1 32 18 28 26 4 24 12 16 13 2 15 5 27 10 23 8 7 9 25 17 30 0
0 11 14 33 19 22 3 6 29 31 21 20 1 32 18 28 26 4 24 12 16 13 2 15 5 27 10 23 8 7 9 25 17 30 0
0 11 14 33 19 22 3 6 29 31 21 20 1 32 18 28 26 4 24 12 16 13 2 15 5 27 10 23 8 7 9 25 17 30 0
0 11 14 33 19 22 3 6 29 31 21 20 1 32 18 28 26 4 24 12 16 13 2 15 5 27 10 23 8 7 9 25 17 30 0
0 11 14 33 19 22 3 6 29 31 21 20 1 32 18 28 26 4 24 12 16 13 2 15 5 27 10 23 8 7 9 25 17 30 0
0 11 14 33 19 22 3 6 29 31 21 20 1 32 18 28 26 4 24 12 16 13 2 15 5 27 10 23 8 7 9 25 17 30 0
0 11 14 33 19 22 3 6 29 31 21 20 1 32 18 28 26 4 24 12 16 13 2 15 5 27 10 23 8 7 9 25 17 30 0
0 11 14 33 19 22 3 6 29 31 21 20 1 32 18 28 26 4 24 12 16 13 2 15 5 27 10 23 8 7 9 25 17 30 0
0 11 14 33 19 22 3 6 29 31 21 20 1 32 18 28 26 4 24 12 16 13 2 15 5 27 10 23 8 7 9 25 17 30 0
0 11 14 33 19 22 3 6 29 31 21 20 1 32 18 28 26 4 24 12 16 13 2 15 5 27 10 23 8 7 9 25 17 30 0
0 11 14 33 19 22 3 6 29 31 21 20 1 32 18 28 26 4 24 12 16 13 2 15 5 27 10 23 8 7 9 25 17 30 0
0 11 14 33 19 22 3 6 29 31 21 20 1 32 18 28 26 4 24 12 16 13 2 15 5 27 10 23 8 7 9 25 17 30 0
0 11 14 33 19 22 3 6 29 31 21 20 1 32 18 28 26 4 24 12 16 13 2 15 5 27 10 23 8 7 9 25 17 30 0
0 11 14 33 19 22 3 6 29 31 21 20 1 32 18 28 26 4 24 12 16 13 2 15 5 27 10 23 8 7 9 25 17 30 0
0 11 14 33 19 22 3 6 29 31 21 20 1 32 18 28 26 4 24 12 16 13 2 15 5 27 10 23 8 7 9 25 17 30 0
0 11 14 33 19 22 3 6 29 31 21 20 1 32 18 28 26 4 24 12 16 13 2 15 5 27 10 23 8 7 9 25 17 30 0
0 11 14 33 19 22 3 6 29 31 21 20 1 32 18 28 26 4 24 12 16 13 2 15 5 27 10 23 8 7 9 25 17 30 0
0 11 14 33 19 22 3 6 29 31 21 20 1 32 18 28 26 4 24 12 16 13 2 15 5 27 10 23 8 7 9 25 17 30 0
0 11 14 33 19 22 3 6 29 31 21 20 1 32 18 28 26 4 24 12 16 13 2 15 5 27 10 23 8 7 9 25 17 30 0
0 11 14 33 19 22 3 6 29 31 21 20 1 32 18 28 26 4 24 12 16 13 2 15 5 27 10 23 8 7 9 25 17 30 0
0 11 14 33 19 22 3 6 29 31 21 20 1 32 18 28 26 4 24 12 16 13 2 15 5 27 10 23 8 7 9 25 17 30 0
0 11 14 33 19 22 3 6 29 31 21 20 1 32 18 28 26 4 24 12 16 13 2 15 5 27 10 23 8 7 9 25 17 30 0
0 11 14 33 19 22 3 6 29 31 21 20 1 32 18 28 26 4 24 12 16 13 2 15 5 27 10 23 8 7 9 25 17 30 0
0 11 14 33 19 22 3 6 29 31 21 20 1 32 18 28 26 4 24 12 16 13 2 15 5 27 10 23 8 7 9 25 17 30 0
0 11 14 33 19 22 3 6 29 31 21 20 1 32 18 28 26 4 24 12 16 13 2 15 5 27 10 23 8 7 9 25 17 30 0
0 11 14 33 19 22 3 6 29 31 21 20 1 32 18 28 26 4 24 12 16 13 2 15 5 27 10 23 8 7 9 25 17 30 0
0 11 14 33 19 22 3 6 29 31 21 20 1 32 18 28 26 4 24 12 16 13 2 15 5 27 10 23 8 7 9 25 17 30 0
0 11 14 33 19 22 3 6 29 31 21 20 1 32 18 28 26 4 24 12 16 13 2 15 5 27 10 23 8 7 9 25 17 30 0
0 11 14 33 19 22 3 6 29 31 21 20 1 32 18 28 26 4 24 12 16 13 2 15 5 27 10 23 8 7 9 25 17 30 0
0 11 14 33 19 22 3 6 29 31 21 20 1 32 18 28 26 4 24 12 16 13 2 15 5 27 10 23 8 7 9 25 17 30 0
0 11 14 33 19 22 3 6 29 31 21 20 1 32 18 28 26 4 24 12 16 13 2 15 5 27 10 23 8 7 9 25 17 30 0
0 11 14 33 19 22 3 6 29 31 21 20 1 32 18 28 26 4 24 12 16 13 2 15 5 27 10 23 8 7 9 25 17 30 0
0 11 14 33 19 22 3 6 29 31 21 20 1 32 18 28 26 4 24 12 16 13 2 15 5 27 10 23 8 7 9 25 17 30 0
0 11 14 33 19 22 3 6 29 31 21 20 1 32 18 28 26 4 24 12 16 13 2 15 5 27 10 23 8 7 9 25 17 30 0
0 11 14 33 19 22 3 6 29 31 21 20 1 32 18 28 26 4 24 12 16 13 2 15 5 27 10 23 8 7 9 25 17 30 0
0 11 14 33 19 22 3 6 29 31 21 20 1 32 18 28 26 4 24 12 16 13 2 15 5 27 10 23 8 7 9 25 17 30 0
0 11 14 33 19 22 3 6 29 31 21 20 1 32 18 28 26 4 24 12 16 13 2 15 5 27 10 23 8 7 9 25 17 30 0
0 11 14 33 19 22 3 6 29 31 21 20 1 32 18 28 26 4 24 12 16 13 2 15 5 27 10 23 8 7 9 25 17 30 0
0 11 14 33 19 22 3 6 29 31 21 20 1 32 18 28 26 4 24 12 16 13 2 15 5 27 10 23 8 7 9 25 17 30 0
0 11 14 33 19 22 3 6 29 31 21 20 1 32 18 28 26 4 24 12 16 13 2 15 5 27 10 23 8 7 9 25 17 30 0
0 11 14 33 19 22 3 6 29 31 21 20 1 32 18 28 26 4 24 12 16 13 2 15 5 27 10 23 8 7 9 25 17 30 0
0 11 14 33 19 22 3 6 29 31 21 20 1 32 18 28 26 4 24 12 16 13 2 15 5 27 10 23 8 7 9 25 17 30 0
0 11 14 33 19 22 3 6 29 31 21 20 1 32 18 28 26 4 24 12 16 13 2 15 5 27 10 23 8 7 9 25 17 30 0
0 11 14 33 19 22 3 6 29 31 21 20 1 32 18 28 26 4 24 12 16 13 2 15 5 27 10 23 8 7 9 25 17 30 0
0 11 14 33 19 22 3 6 29 31 21 20 1 32 18 28 26 4 24 12 16 13 2 15 5 27 10 23 8 7 9 25 17 30 0
0 11 14 33 19 22 3 6 29 31 21 20 1 32 18 28 26 4 24 12 16 13 2 15 5 27 10 23 8 7 9 25 17 30 0
0 11 14 33 19 22 3 6 29 31 21 20 1 32 18 28 26 4 24 12 16 13 2 15 5 27 10 23 8 7 9 25 17 30 0
0 11 14 33 19 22 3 6 29 31 21 20 1 32 18 28 26 4 24 12 16 13 2 15 5 27 10 23 8 7 9 25 17 30 0
0 11 14 33 19 22 3 6 29 31 21 20 1 32 18 28 26 4 24 12 16 13 2 15 5 27 10 23 8 7 9 25 17 30 0
0 11 14 33 19 22 3 6 29 31 21 20 1 32 18 28 26 4 24 12 16 13 2 15 5 27 10 23 8 7 9 25 17 30 0
0 11 14 33 19 22 3 6 29 31 21 20 1 32 18 28 26 4 24 12 16 13 2 15 5 27 10 23 8 7 9 25 17 30 0
0 11 14 33 19 22 3 6 29 31 21 20 1 32 18 28 26 4 24 12 16 13 2 15 5 27 10 23 8 7 9 25 17 30 0
0 11 14 33 19 22 3 6 29 31 21 20 1 32 18 28 26 4 24 12 16 13 2 15 5 27 10 23 8 7 9 25 17 30 0
0 11 14 33 19 22 3 6 29 31 21 20 1 32 18 28 26 4 24 12 16 13 2 15 5 27 10 23 8 7 9 25 17 30 0
0 11 14 33 19 22 3 6 29 31 21 20 1 32 18 28 26 4 24 12 16 13 2 15 5 27 10 23 8 7 9 25 17 30 0
0 11 14 33 19 22 3 6 29 31 21 20 1 32 18 28 26 4 24 12 16 13 2 15 5 27 10 23 8 7 9 25 17 30 0
0 11 14 33 19 22 3 6 29 31 21 20 1 32 18 28 26 4 24 12 16 13 2 15 5 27 10 23 8 7 9 25 17 30 0
0 11 14 33 19 22 3 6 29 31 21 20 1 32 18 28 26 4 24 12 16 13 2 15 5 27 10 23 8 7 9 25 17 30 0
0 11 14 33 19 22 3 6 29 31 21 20 1 32 18 28 26 4 24 12 16 13 2 15 5 27 10 23 8 7 9 25 17 30 0
0 11 14 33 19 22 3 6 29 31 21 20 1 32 18 28 26 4 24 12 16 13 2 15 5 27 10 23 8 7 9 25 17 30 0
0 11 14 33 19 22 3 6 29 31 21 20 1 32 18 28 26 4 24 12 16 13 2 15 5 27 10 23 8 7 9 25 17 30 0
0 11 14 33 19 22 3 6 29 31 21 20 1 32 18 28 26 4 24 12 16 13 2 15 5 27 10 23 8 7 9 25 17 30 0
0 11 14 33 19 22 3 6 29 31 21 20 1 32 18 28 26 4 24 12 16 13 2 15 5 27 10 23 8 7 9 25 17 30 0
0 11 14 33 19 22 3 6 29 31 21 20 1 32 18 28 26 4 24 12 16 13 2 15 5 27 10 23 8 7 9 25 17 30 0
0 11 14 33 19 22 3 6 29 31 21 20 1 32 18 28 26 4 24 12 16 13 2 15 5 27 10 23 8 7 9 25 17 30 0
0 11 14 33 19 22 3 6 29 31 21 20 1 32 18 28 26 4 24 12 16 13 2 15 5 27 10 23 8 7 9 25 17 30 0
0 11 14 33 19 22 3 6 29 31 21 20 1 32 18 28 26 4 24 12 16 13 2 15 5 27 10 23 8 7 9 25 17 30 0
0 11 14 33 19 22 3 6 29 31 21 20 1 32 18 28 26 4 24 12 16 13 2 15 5 27 10 23 8 7 9 25 17 30 0
0 11 14 33 19 22 3 6 29 31 21 20 1 32 18 28 26 4 24 12 16 13 2 15 5 27 10 23 8 7 9 25 17 30 0
0 11 14 33 19 22 3 6 29 31 21 20 1 32 18 28 26 4 24 12 16 13 2 15 5 27 10 23 8 7 9 25 17 30 0
0 11 14 33 19 22 3 6 29 31 21 20 1 32 18 28 26 4 24 12 16 13 2 15 5 27 10 23 8 7 9 25 17 30 0
0 11 14 33 19 22 3 6 29 31 21 20 1 32 18 28 26 4 24 16 13 2 15 12 5 27 10 23 8 7 9 25 17 30 0
0 11 14 33 19 22 3 6 29 31 21 20 1 32 18 28 26 4 24 16 13 2 15 12 5 27 10 23 8 7 9 25 17 30 0
0 11 14 33 19 22 3 6 29 31 21 20 1 32 18 28 26 4 24 16 13 2 15 12 5 27 10 23 8 7 9 25 17 30 0
0 11 14 33 19 22 3 6 29 31 21 20 1 32 18 28 26 4 24 16 13 2 15 12 5 27 10 23 8 7 9 25 17 30 0
0 11 14 33 19 22 3 6 29 31 21 20 1 32 18 28 26 4 24 16 13 2 15 12 5 27 10 23 8 7 9 25 17 30 0
0 11 14 33 19 22 3 6 29 31 21 20 1 32 18 28 26 4 24 16 13 2 15 12 5 27 10 23 8 7 9 25 17 30 0
0 11 14 33 19 22 3 6 29 31 21 20 1 32 18 28 26 4 24 16 13 2 15 12 5 27 10 23 8 7 9 25 17 30 0
0 11 14 33 19 22 3 6 29 31 21 20 1 32 18 28 26 4 24 16 13 2 15 12 5 27 10 23 8 7 9 25 17 30 0
0 11 14 33 19 22 3 6 29 31 21 20 1 32 18 28 26 4 24 16 13 2 15 12 5 27 10 23 8 7 9 25 17 30 0
0 11 14 33 19 22 3 6 29 31 21 20 1 32 18 28 26 4 24 16 13 2 15 12 5 27 10 23 8 7 9 25 17 30 0
0 11 14 33 19 22 3 6 29 31 21 20 1 32 18 28 26 4 24 16 13 2 15 12 5 27 10 23 8 7 9 25 17 30 0
0 11 14 33 19 22 3 6 29 31 21 20 1 32 18 28 26 4 24 16 13 2 15 12 5 27 10 23 8 7 9 25 17 30 0
0 11 14 33 19 22 3 6 29 31 21 20 1 32 18 28 26 4 24 16 13 2 15 12 5 27 10 23 8 7 9 25 17 30 0
0 11 14 33 19 22 3 6 29 31 21 20 1 32 18 28 26 4 24 16 13 2 15 12 5 27 10 23 8 7 9 25 17 30 0
0 11 14 33 19 22 3 6 29 31 21 20 1 32 18 28 26 4 24 16 13 2 15 12 5 27 10 23 8 7 9 25 17 30 0
0 11 14 33 19 22 3 6 29 31 21 20 1 32 18 28 26 4 24 16 13 2 15 12 5 27 10 23 8 7 9 25 17 30 0
0 11 14 33 19 22 3 6 29 31 21 20 1 32 18 28 26 4 24 16 13 2 15 12 5 27 10 23 8 7 9 25 17 30 0
0 11 14 33 19 22 3 6 29 31 21 20 1 32 18 28 26 4 24 16 13 2 15 12 5 27 10 23 8 7 9 25 17 30 0
0 11 14 33 19 22 3 6 29 31 21 20 1 32 18 28 26 4 24 16 13 2 15 12 5 27 10 23 8 7 9 25 17 30 0
0 11 14 33 19 22 3 6 29 31 21 20 1 32 18 28 26 4 24 16 13 2 15 12 5 27 10 23 8 7 9 25 17 30 0
0 11 14 33 19 22 3 6 29 31 21 20 1 32 18 28 26 4 24 16 13 2 15 12 5 27 10 23 8 7 9 25 17 30 0
0 11 14 33 19 22 3 6 29 31 21 20 1 32 18 28 26 4 24 16 13 2 15 12 5 27 10 23 8 7 9 25 17 30 0
0 11 14 33 19 22 3 6 29 31 21 20 1 32 18 28 26 4 24 16 13 2 15 12 5 27 10 23 8 7 9 25 17 30 0
0 11 14 33 19 22 3 6 29 31 21 20 1 32 18 28 26 4 24 16 13 2 15 12 5 27 10 23 8 7 9 25 17 30 0
0 11 14 33 19 22 3 6 29 31 21 20 1 32 18 28 26 4 24 16 13 2 15 12 5 27 10 23 8 7 9 25 17 30 0
0 11 14 33 19 22 3 6 29 31 21 20 1 32 18 28 26 4 24 16 13 2 15 12 5 27 10 23 8 7 9 25 17 30 0
0 11 14 33 19 22 3 6 29 31 21 20 1 32 18 28 26 4 24 16 13 2 15 12 5 27 10 23 8 7 9 25 17 30 0
0 11 14 33 19 22 3 6 29 31 21 20 1 32 18 28 26 4 24 16 13 2 15 12 5 27 10 23 8 7 9 25 17 30 0
0 11 14 33 19 22 3 6 29 31 21 20 1 32 18 28 26 4 24 16 13 2 15 12 5 27 10 23 8 7 9 25 17 30 0
0 11 14 33 19 22 3 6 29 31 21 20 1 32 18 28 26 4 24 16 13 2 15 12 5 27 10 23 8 7 9 25 17 30 0
0 11 14 33 19 22 3 6 29 31 21 20 1 32 18 28 26 4 24 16 13 2 15 12 5 27 10 23 8 7 9 25 17 30 0
0 11 14 33 19 22 3 6 29 31 21 20 1 32 18 28 26 4 24 16 13 2 15 12 5 27 10 23 8 7 9 25 17 30 0
0 11 14 33 19 22 3 6 29 31 21 20 1 32 18 28 26 4 24 16 13 2 15 12 5 27 10 23 8 7 9 25 17 30 0
0 11 14 33 19 22 3 6 29 31 21 20 1 32 18 28 26 4 24 16 13 2 15 12 5 27 10 23 8 7 9 25 17 30 0
0 11 14 33 19 22 3 6 29 31 21 20 1 32 18 28 26 4 24 16 13 2 15 12 5 27 10 23 8 7 9 25 17 30 0
0 11 14 33 19 22 3 6 29 31 21 20 1 32 18 28 26 4 24 16 13 2 15 12 5 27 10 23 8 7 9 25 17 30 0
0 11 14 33 19 22 3 6 29 31 21 20 1 32 18 28 26 4 24 16 13 2 15 12 5 27 10 23 8 7 9 25 17 30 0
0 11 14 33 19 22 3 6 29 31 21 20 1 32 18 28 26 4 24 16 13 2 15 12 5 27 10 23 8 7 9 25 17 30 0
0 11 14 33 19 22 3 6 29 31 21 20 1 32 18 28 26 4 24 16 13 2 15 12 5 27 10 23 8 7 9 25 17 30 0
0 11 14 33 19 22 3 6 29 31 21 20 1 32 18 28 26 4 24 16 13 2 15 12 5 27 10 23 8 7 9 25 17 30 0
0 11 14 33 19 22 3 6 29 31 21 20 1 32 18 28 26 4 24 16 13 2 15 12 5 27 10 23 8 7 9 25 17 30 0
0 11 14 33 19 22 3 6 29 31 21 20 1 32 18 28 26 4 24 16 13 2 15 12 5 27 10 23 8 7 9 25 17 30 0
0 11 14 33 19 22 3 6 29 31 21 20 1 32 18 28 26 4 24 16 13 2 15 12 5 27 10 23 8 7 9 25 17 30 0
0 11 14 33 19 22 3 6 29 31 21 20 1 32 18 28 26 4 24 16 13 2 15 12 5 27 10 23 8 7 9 25 17 30 0
0 11 14 33 19 22 3 6 29 31 21 20 1 32 18 28 26 4 24 16 13 2 15 12 5 27 10 23 8 7 9 25 17 30 0
0 11 14 33 19 22 3 6 29 31 21 20 1 32 18 28 26 4 24 16 13 2 15 12 5 27 10 23 8 7 9 25 17 30 0
0 11 14 33 19 22 3 6 29 31 21 20 1 32 18 28 26 4 24 16 13 2 15 12 5 27 10 23 8 7 9 25 17 30 0
0 11 14 33 19 22 3 6 29 31 21 20 1 32 18 28 26 4 24 16 13 2 15 12 5 27 10 23 8 7 9 25 17 30 0
0 11 14 33 19 22 3 6 29 31 21 20 1 32 18 28 26 4 24 16 13 2 15 12 5 27 10 23 8 7 9 25 17 30 0
0 11 14 33 19 22 3 6 29 31 21 20 1 32 18 28 26 4 24 16 13 2 15 12 5 27 10 23 8 7 9 25 17 30 0
0 11 14 33 19 22 3 6 29 31 21 20 1 32 18 28 26 4 24 16 13 2 15 12 5 27 10 23 8 7 9 25 17 30 0
0 11 14 33 19 22 3 6 29 31 21 20 1 32 18 28 26 4 24 16 13 2 15 12 5 27 10 23 8 7 9 25 17 30 0
0 11 14 33 19 22 3 6 29 31 21 20 1 32 18 28 26 4 24 16 13 2 15 12 5 27 10 23 8 7 9 25 17 30 0
0 11 14 33 19 22 3 6 29 31 21 20 1 32 18 28 26 4 24 16 13 2 15 12 5 27 10 23 8 7 9 25 17 30 0
0 11 14 33 19 22 3 6 29 31 21 20 1 32 18 28 26 4 24 16 13 2 15 12 5 27 10 23 8 7 9 25 17 30 0
0 11 14 33 19 22 3 6 29 31 21 20 1 32 18 28 26 4 24 16 13 2 15 12 5 27 10 23 8 7 9 25 17 30 0
0 11 14 33 19 22 3 6 29 31 21 20 1 32 18 28 26 4 24 16 13 2 15 12 5 27 10 23 8 7 9 25 17 30 0
0 11 14 33 19 22 3 6 29 31 21 20 1 32 18 28 26 4 24 16 13 2 15 12 5 27 10 23 8 7 9 25 17 30 0
0 11 14 33 19 22 3 6 29 31 21 20 1 32 18 28 26 4 24 16 13 2 15 12 5 27 10 23 8 7 9 25 17 30 0
0 11 14 33 19 22 3 6 29 31 21 20 1 32 18 28 26 4 24 16 13 2 15 12 5 27 10 23 8 7 9 25 17 30 0
0 11 14 33 19 22 3 6 29 31 21 20 1 32 18 28 26 4 24 16 13 2 15 12 5 27 10 23 8 7 9 25 17 30 0
0 11 14 33 19 22 3 6 29 31 21 20 1 32 18 28 26 4 24 16 13 2 15 12 5 27 10 23 8 7 9 25 17 30 0
0 11 14 33 19 22 3 6 29 31 21 20 1 32 18 28 26 4 24 16 13 2 15 12 5 27 10 23 8 7 9 25 17 30 0
0 11 14 33 19 22 3 6 29 31 21 20 1 32 18 28 26 4 24 16 13 2 15 12 5 27 10 23 8 7 9 25 17 30 0
0 11 14 33 19 22 3 6 29 31 21 20 1 32 18 28 26 4 24 16 13 2 15 12 5 27 10 23 8 7 9 25 17 30 0
0 11 14 33 19 22 3 6 29 31 21 20 1 32 18 28 26 4 24 16 13 2 15 12 5 27 10 23 8 7 9 25 17 30 0
0 11 14 33 19 22 3 6 29 31 21 20 1 32 18 28 26 4 24 16 13 2 15 12 5 27 10 23 8 7 9 25 17 30 0
0 11 14 33 19 22 3 6 29 31 21 20 1 32 18 28 26 4 24 16 13 2 15 12 5 27 10 23 8 7 9 25 17 30 0
0 11 14 33 19 22 3 6 29 31 21 20 1 32 18 28 26 4 24 16 13 2 15 12 5 27 10 23 8 7 9 25 17 30 0
0 11 14 33 19 22 3 6 29 31 21 20 1 32 18 28 26 4 24 16 13 2 15 12 5 27 10 23 8 7 9 25 17 30 0
0 11 14 33 19 22 3 6 29 31 21 20 1 32 18 28 26 4 24 16 13 2 15 12 5 27 10 23 8 7 9 25 17 30 0
0 11 14 33 19 22 3 6 29 31 21 20 1 32 18 28 26 4 24 16 13 2 15 12 5 27 10 23 8 7 9 25 17 30 0
0 11 14 33 19 22 3 6 29 31 21 20 1 32 18 28 26 4 24 16 13 2 15 12 5 27 10 23 8 7 9 25 17 30 0
0 11 14 33 19 22 3 6 29 31 21 20 1 32 18 28 26 4 24 16 13 2 15 12 5 27 10 23 8 7 9 25 17 30 0
0 11 14 33 19 22 3 6 29 31 21 20 1 32 18 28 26 4 24 16 13 2 15 12 5 27 10 23 8 7 9 25 17 30 0
0 11 14 33 19 22 3 6 29 31 21 20 1 32 18 28 26 4 24 16 13 2 15 12 5 27 10 23 8 7 9 25 17 30 0
0 11 14 33 19 22 3 6 29 31 21 20 1 32 18 28 26 4 24 16 13 2 15 12 5 27 10 23 8 7 9 25 17 30 0
0 11 14 33 19 22 3 6 29 31 21 20 1 32 18 28 26 4 24 16 13 2 15 12 5 27 10 23 8 7 9 25 17 30 0
0 11 14 33 19 22 3 6 29 31 21 20 1 32 18 28 26 4 24 16 13 2 15 12 5 27 10 23 8 7 9 25 17 30 0
0 11 14 33 19 22 3 6 29 31 21 20 1 32 18 28 26 4 24 16 13 2 15 12 5 27 10 23 8 7 9 25 17 30 0
0 11 14 33 19 22 3 6 29 31 21 20 1 32 18 28 26 4 24 16 13 2 15 12 5 27 10 23 8 7 9 25 17 30 0
0 11 14 33 19 22 3 6 29 31 21 20 1 32 18 28 26 4 24 16 13 2 15 12 5 27 10 23 8 7 9 25 17 30 0
0 11 14 33 19 22 3 6 29 31 21 20 1 32 18 28 26 4 24 16 13 2 15 12 5 27 10 23 8 7 9 25 17 30 0
0 11 14 33 19 22 3 6 29 31 21 20 1 32 18 28 26 4 24 16 13 2 15 12 5 27 10 23 8 7 9 25 17 30 0
0 11 14 33 19 22 3 6 29 31 21 20 1 32 18 28 26 4 24 16 13 2 15 12 5 27 10 23 8 7 9 25 17 30 0
0 11 14 33 19 22 3 6 29 31 21 20 1 32 18 28 26 4 24 16 13 2 15 12 5 27 10 23 8 7 9 25 17 30 0
0 11 14 33 19 22 3 6 29 31 21 20 1 32 18 28 26 4 24 16 13 2 15 12 5 27 10 23 8 7 9 25 17 30 0
0 11 14 33 19 22 3 6 29 31 21 20 1 32 18 28 26 4 24 16 13 2 15 12 5 27 10 23 8 7 9 25 17 30 0
0 11 14 33 19 22 3 6 29 31 21 20 1 32 18 28 26 4 24 16 13 2 15 12 5 27 10 23 8 7 9 25 17 30 0
0 11 14 33 19 22 3 6 29 31 21 20 1 32 18 28 26 4 24 16 13 2 15 12 5 27 10 23 8 7 9 25 17 30 0
0 11 14 33 19 22 3 6 29 31 21 20 1 32 18 28 26 4 24 16 13 2 15 12 5 27 10 23 8 7 9 25 17 30 0
0 11 14 33 19 22 3 6 29 31 21 20 1 32 18 28 26 4 24 16 13 2 15 12 5 27 10 23 8 7 9 25 17 30 0
0 11 14 33 19 22 3 6 29 31 21 20 1 32 18 28 26 4 24 16 13 2 15 12 5 27 10 23 8 7 9 25 17 30 0
0 11 14 33 19 22 3 6 29 31 21 20 1 32 18 28 26 4 24 16 13 2 15 12 5 27 10 23 8 7 9 25 17 30 0
0 11 14 33 19 22 3 6 29 31 21 20 1 32 18 28 26 4 24 16 13 2 15 12 5 27 10 23 8 7 9 25 17 30 0
0 11 14 33 19 22 3 6 29 31 21 20 1 32 18 28 26 4 24 16 13 2 15 12 5 27 10 23 8 7 9 25 17 30 0
0 11 14 33 19 22 3 6 29 31 21 20 1 32 18 28 26 4 24 16 13 2 15 12 5 27 10 23 8 7 9 25 17 30 0
0 11 14 33 19 22 3 6 29 31 21 20 1 32 18 28 26 4 24 16 13 2 15 12 5 27 10 23 8 7 9 25 17 30 0
0 11 14 33 19 22 3 6 29 31 21 20 1 32 18 28 26 4 24 16 13 2 15 12 5 27 10 23 8 7 9 25 17 30 0
0 11 14 33 19 22 3 6 29 31 21 20 1 32 18 28 26 4 24 16 13 2 15 12 5 27 10 23 8 7 9 25 17 30 0
0 11 14 33 19 22 3 6 29 31 21 20 1 32 18 28 26 4 24 16 13 2 15 12 5 27 10 23 8 7 9 25 17 30 0
0 11 14 33 19 22 3 6 29 31 21 20 1 32 18 28 26 4 24 16 13 2 15 12 5 27 10 23 8 7 9 25 17 30 0
0 11 14 33 19 22 3 6 29 31 21 20 1 32 18 28 26 4 24 16 13 2 15 12 5 27 10 23 8 7 9 25 17 30 0
0 11 14 33 19 22 3 6 29 31 21 20 1 32 18 28 26 4 24 16 13 2 15 12 5 27 10 23 8 7 9 25 17 30 0
0 11 14 33 19 22 3 6 29 31 21 20 1 32 18 28 26 4 24 16 13 2 15 12 5 27 10 23 8 7 9 25 17 30 0
0 11 14 33 19 22 3 6 29 31 21 20 1 32 18 28 26 4 24 16 13 2 15 12 5 27 10 23 8 7 9 25 17 30 0
0 11 14 33 19 22 3 6 29 31 21 20 1 32 18 28 26 4 24 16 13 2 15 12 5 27 10 23 8 7 9 25 17 30 0
0 11 14 33 19 22 3 6 29 31 21 20 1 32 18 28 26 4 24 16 13 2 15 12 5 27 10 23 8 7 9 25 17 30 0
0 11 14 33 19 22 3 6 29 31 21 20 1 32 18 28 26 4 24 16 13 2 15 12 5 27 10 23 8 7 9 25 17 30 0
0 11 14 33 19 22 3 6 29 31 21 20 1 32 18 28 26 4 24 16 13 2 15 12 5 27 10 23 8 7 9 25 17 30 0
0 11 14 33 19 22 3 6 29 31 21 20 1 32 18 28 26 4 24 16 13 2 15 12 5 27 10 23 8 7 9 25 17 30 0
0 11 14 33 19 22 3 6 29 31 21 20 1 32 18 28 26 4 24 16 13 2 15 12 5 27 10 23 8 7 9 25 17 30 0
0 11 14 33 19 22 3 6 29 31 21 20 1 32 18 28 26 4 24 16 13 2 15 12 5 27 10 23 8 7 9 25 17 30 0
0 11 14 33 19 22 3 6 29 31 21 20 1 32 18 28 26 4 24 16 13 2 15 12 5 27 10 23 8 7 9 25 17 30 0
0 11 14 33 19 22 3 6 29 31 21 20 1 32 18 28 26 4 24 16 13 2 15 12 5 27 10 23 8 7 9 25 17 30 0
0 11 14 33 19 22 3 6 29 31 21 20 1 32 18 28 26 4 24 16 13 2 15 12 5 27 10 23 8 7 9 25 17 30 0
0 11 14 33 19 22 3 6 29 31 21 20 1 32 18 28 26 4 24 16 13 2 15 12 5 27 10 23 8 7 9 25 17 30 0
0 11 14 33 19 22 3 6 29 31 21 20 1 32 18 28 26 4 24 16 13 2 15 12 5 27 10 23 8 7 9 25 17 30 0
0 11 14 33 19 22 3 6 29 31 21 20 1 32 18 28 26 4 24 16 13 2 15 12 5 27 10 23 8 7 9 25 17 30 0
0 11 14 33 19 22 3 6 29 31 21 20 1 32 18 28 26 4 24 16 13 2 15 12 5 27 10 23 8 7 9 25 17 30 0
0 11 14 33 19 22 3 6 29 31 21 20 1 32 18 28 26 4 24 16 13 2 15 12 5 27 10 23 8 7 9 25 17 30 0
0 11 14 33 19 22 3 6 29 31 21 20 1 32 18 28 26 4 24 16 13 2 15 12 5 27 10 23 8 7 9 25 17 30 0
0 11 14 33 19 22 3 6 29 31 21 20 1 32 18 28 26 4 24 16 13 2 15 12 5 27 10 23 8 7 9 25 17 30 0
0 11 14 33 19 22 3 6 29 31 21 20 1 32 18 28 26 4 24 16 13 2 15 12 5 27 10 23 8 7 9 25 17 30 0
0 11 14 33 19 22 3 6 29 31 21 20 1 32 18 28 26 4 24 16 13 2 15 12 5 27 10 23 8 7 9 25 17 30 0
0 11 14 33 19 22 3 6 29 31 21 20 1 32 18 28 26 4 24 16 13 2 15 12 5 27 10 23 8 7 9 25 17 30 0
0 11 14 33 19 22 3 6 29 31 21 20 1 32 18 28 26 4 24 16 13 2 15 12 5 27 10 23 8 7 9 25 17 30 0
0 11 14 33 19 22 3 6 29 31 21 20 1 32 18 28 26 4 24 16 13 2 15 12 5 27 10 23 8 7 9 25 17 30 0
0 11 14 33 19 22 3 6 29 31 21 20 1 32 18 28 26 4 24 16 13 2 15 12 5 27 10 23 8 7 9 25 17 30 0
0 11 14 33 19 22 3 6 29 31 21 20 1 32 18 28 26 4 24 16 13 2 15 12 5 27 10 23 8 7 9 25 17 30 0
0 11 14 33 19 22 3 6 29 31 21 20 1 32 18 28 26 4 24 16 13 2 15 12 5 27 10 23 8 7 9 25 17 30 0
0 11 14 33 19 22 3 6 29 31 21 20 1 32 18 28 26 4 24 16 13 2 15 12 5 27 10 23 8 7 9 25 17 30 0
0 11 14 33 19 22 3 6 29 31 21 20 1 32 18 28 26 4 24 16 13 2 15 12 5 27 10 23 8 7 9 25 17 30 0
0 11 14 33 19 22 3 6 29 31 21 20 1 32 18 28 26 4 24 16 13 2 15 12 5 27 10 23 8 7 9 25 17 30 0
0 11 14 33 19 22 3 6 29 31 21 20 1 32 18 28 26 4 24 16 13 2 15 12 5 27 10 23 8 7 9 25 17 30 0
0 11 14 33 19 22 3 6 29 31 21 20 1 32 18 28 26 4 24 16 13 2 15 12 5 27 10 23 8 7 9 25 17 30 0
0 11 14 33 19 22 3 6 29 31 21 20 1 32 18 28 26 4 24 16 13 2 15 12 5 27 10 23 8 7 9 25 17 30 0
0 11 14 33 19 22 3 6 29 31 21 20 1 32 18 28 26 4 24 16 13 2 15 12 5 27 10 23 8 7 9 25 17 30 0
0 11 14 33 19 22 3 6 29 31 21 20 1 32 18 28 26 4 24 16 13 2 15 12 5 27 10 23 8 7 9 25 17 30 0
0 11 14 33 19 22 3 6 29 31 21 20 1 32 18 28 26 4 24 16 13 2 15 12 5 27 10 23 8 7 9 25 17 30 0
0 11 14 33 19 22 3 6 29 31 21 20 1 32 18 28 26 4 24 16 13 2 15 12 5 27 10 23 8 7 9 25 17 30 0
0 11 14 33 19 22 3 6 29 31 21 20 1 32 18 28 26 4 24 16 13 2 15 12 5 27 10 23 8 7 9 25 17 30 0
0 11 14 33 19 22 3 6 29 31 21 20 1 32 18 28 26 4 24 16 13 2 15 12 5 27 10 23 8 7 9 25 17 30 0
0 11 14 33 19 22 3 6 29 31 21 20 1 32 18 28 26 4 24 16 13 2 15 12 5 27 10 23 8 7 9 25 17 30 0
0 11 14 33 19 22 3 6 29 31 21 20 1 32 18 28 26 4 24 16 13 2 15 12 5 27 10 23 8 7 9 25 17 30 0
0 11 14 33 19 22 3 6 29 31 21 20 1 32 18 28 26 4 24 16 13 2 15 12 5 27 10 23 8 7 9 25 17 30 0
0 11 14 33 19 22 3 6 29 31 21 20 1 32 18 28 26 4 24 16 13 2 15 12 5 27 10 23 8 7 9 25 17 30 0
0 11 14 33 19 22 3 6 29 31 21 20 1 32 18 28 26 4 24 16 13 2 15 12 5 27 10 23 8 7 9 25 17 30 0
0 11 14 33 19 22 3 6 29 31 21 20 1 32 18 28 26 4 24 16 13 2 15 12 5 27 10 23 8 7 9 25 17 30 0
0 11 14 33 19 22 3 6 29 31 21 20 1 32 18 28 26 4 24 16 13 2 15 12 5 27 10 23 8 7 9 25 17 30 0
0 11 14 33 19 22 3 6 29 31 21 20 1 32 18 28 26 4 24 16 13 2 15 12 5 27 10 23 8 7 9 25 17 30 0
0 11 14 33 19 22 3 6 29 31 21 20 1 32 18 28 26 4 24 16 13 2 15 12 5 27 10 23 8 7 9 25 17 30 0
0 11 14 33 19 22 3 6 29 31 21 20 1 32 18 28 26 4 24 16 13 2 15 12 5 27 10 23 8 7 9 25 17 30 0
0 11 14 33 19 22 3 6 29 31 21 20 1 32 18 28 26 4 24 16 13 2 15 12 5 27 10 23 8 7 9 25 17 30 0
0 11 14 33 19 22 3 6 29 31 21 20 1 32 18 28 26 4 24 16 13 2 15 12 5 27 10 23 8 7 9 25 17 30 0
0 11 14 33 19 22 3 6 29 31 21 20 1 32 18 28 26 4 24 16 13 2 15 12 5 27 10 23 8 7 9 25 17 30 0
0 11 14 33 19 22 3 6 29 31 21 20 1 32 18 28 26 4 24 16 13 2 15 12 5 27 10 23 8 7 9 25 17 30 0
0 11 14 33 19 22 3 6 29 31 21 20 1 32 18 28 26 4 24 16 13 2 15 12 5 27 10 23 8 7 9 25 17 30 0
0 11 14 33 19 22 3 6 29 31 21 20 1 32 18 28 26 4 24 16 13 2 15 12 5 27 10 23 8 7 9 25 17 30 0
0 11 14 33 19 22 3 6 29 31 21 20 1 32 18 28 26 4 24 16 13 2 15 12 5 27 10 23 8 7 9 25 17 30 0
0 11 14 33 19 22 3 6 29 31 21 20 1 32 18 28 26 4 24 16 13 2 15 12 5 27 10 23 8 7 9 25 17 30 0
0 11 14 33 19 22 3 6 29 31 21 20 1 32 18 28 26 4 24 16 13 2 15 12 5 27 10 23 8 7 9 25 17 30 0
0 11 14 33 19 22 3 6 29 31 21 20 1 32 18 28 26 4 24 16 13 2 15 12 5 27 10 23 8 7 9 25 17 30 0
0 11 14 33 19 22 3 6 29 31 21 20 1 32 18 28 26 4 24 16 13 2 15 12 5 27 10 23 8 7 9 25 17 30 0
0 11 14 33 19 22 3 6 29 31 21 20 1 32 18 28 26 4 24 16 13 2 15 12 5 27 10 23 8 7 9 25 17 30 0
0 11 14 33 19 22 3 6 29 31 21 20 1 32 18 28 26 4 24 16 13 2 15 12 5 27 10 23 8 7 9 25 17 30 0
0 11 14 33 19 22 3 6 29 31 21 20 1 32 18 28 26 4 24 16 13 2 15 12 5 27 10 23 8 7 9 25 17 30 0
0 11 14 33 19 22 3 6 29 31 21 20 1 32 18 28 26 4 24 16 13 2 15 12 5 27 10 23 8 7 9 25 17 30 0
0 11 14 33 19 22 3 6 29 31 21 20 1 32 18 28 26 4 24 16 13 2 15 12 5 27 10 23 8 7 9 25 17 30 0
0 11 14 33 19 22 3 6 29 31 21 20 1 32 18 28 26 4 24 16 13 2 15 12 5 27 10 23 8 7 9 25 17 30 0
0 11 14 33 19 22 3 6 29 31 21 20 1 32 18 28 26 4 24 16 13 2 15 12 5 27 10 23 8 7 9 25 17 30 0
0 11 14 33 19 22 3 6 29 31 21 20 1 32 18 28 26 4 24 16 13 2 15 12 5 27 10 23 8 7 9 25 17 30 0
0 11 14 33 19 22 3 6 29 31 21 20 1 32 18 28 26 4 24 16 13 2 15 12 5 27 10 23 8 7 9 25 17 30 0
0 11 14 33 19 22 3 6 29 31 21 20 1 32 18 28 26 4 24 16 13 2 15 12 5 27 10 23 8 7 9 25 17 30 0
0 11 14 33 19 22 3 6 29 31 21 20 1 32 18 28 26 4 24 16 13 2 15 12 5 27 10 23 8 7 9 25 17 30 0
0 11 14 33 19 22 3 6 29 31 21 20 1 32 18 28 26 4 24 16 13 2 15 12 5 27 10 23 8 7 9 25 17 30 0
0 11 14 33 19 22 3 6 29 31 21 20 1 32 18 28 26 4 24 16 13 2 15 12 5 27 10 23 8 7 9 25 17 30 0
0 11 14 33 19 22 3 6 29 31 21 20 1 32 18 28 26 4 24 16 13 2 15 12 5 27 10 23 8 7 9 25 17 30 0
0 11 14 33 19 22 3 6 29 31 21 20 1 32 18 28 26 4 24 16 13 2 15 12 5 27 10 23 8 7 9 25 17 30 0
0 11 14 33 19 22 3 6 29 31 21 20 1 32 18 28 26 4 24 16 13 2 15 12 5 27 10 23 8 7 9 25 17 30 0
0 11 14 33 19 22 3 6 29 31 21 20 1 32 18 28 26 4 24 16 13 2 15 12 5 27 10 23 8 7 9 25 17 30 0
0 11 14 33 19 22 3 6 29 31 21 20 1 32 18 28 26 4 24 16 13 2 15 12 5 27 10 23 8 7 9 25 17 30 0
0 11 14 33 19 22 3 6 29 31 21 20 1 32 18 28 26 4 24 16 13 2 15 12 5 27 10 23 8 7 9 25 17 30 0
0 11 14 33 19 22 3 6 29 31 21 20 1 32 18 28 26 4 24 16 13 2 15 12 5 27 10 23 8 7 9 25 17 30 0
0 11 14 33 19 22 3 6 29 31 21 20 1 32 18 28 26 4 24 16 13 2 15 12 5 27 10 23 8 7 9 25 17 30 0
0 11 14 33 19 22 3 6 29 31 21 20 1 32 18 28 26 4 24 16 13 2 15 12 5 27 10 23 8 7 9 25 17 30 0
0 11 14 33 19 22 3 6 29 31 21 20 1 32 18 28 26 4 24 16 13 2 15 12 5 27 10 23 8 7 9 25 17 30 0
0 11 14 33 19 22 3 6 29 31 21 20 1 32 18 28 26 4 24 16 13 2 15 12 5 27 10 23 8 7 9 25 17 30 0
0 11 14 33 19 22 3 6 29 31 21 20 1 32 18 28 26 4 24 16 13 2 15 12 5 27 10 23 8 7 9 25 17 30 0
0 11 14 33 19 22 3 6 29 31 21 20 1 32 18 28 26 4 24 16 13 2 15 12 5 27 10 23 8 7 9 25 17 30 0
0 11 14 33 19 22 3 6 29 31 21 20 1 32 18 28 26 4 24 16 13 2 15 12 5 27 10 23 8 7 9 25 17 30 0
0 11 14 33 19 22 3 6 29 31 21 20 1 32 18 28 26 4 24 16 13 2 15 12 5 27 10 23 8 7 9 25 17 30 0
0 11 14 33 19 22 3 6 29 31 21 20 1 32 18 28 26 4 24 16 13 2 15 12 5 27 10 23 8 7 9 25 17 30 0
0 11 14 33 19 22 3 6 29 31 21 20 1 32 18 28 26 4 24 16 13 2 15 12 5 27 10 23 8 7 9 25 17 30 0
0 11 14 33 19 22 3 6 29 31 21 20 1 32 18 28 26 4 24 16 13 2 15 12 5 27 10 23 8 7 9 25 17 30 0
0 11 14 33 19 22 3 6 29 31 21 20 1 32 18 28 26 4 24 16 13 2 15 12 5 27 10 23 8 7 9 25 17 30 0
0 11 14 33 19 22 3 6 29 31 21 20 1 32 18 28 26 4 24 16 13 2 15 12 5 27 10 23 8 7 9 25 17 30 0
0 11 14 33 19 22 3 6 29 31 21 20 1 32 18 28 26 4 24 16 13 2 15 12 5 27 10 23 8 7 9 25 17 30 0
0 11 14 33 19 22 3 6 29 31 21 20 1 32 18 28 26 4 24 16 13 2 15 12 5 27 10 23 8 7 9 25 17 30 0
0 11 14 33 19 22 3 6 29 31 21 20 1 32 18 28 26 4 24 16 13 2 15 12 5 27 10 23 8 7 9 25 17 30 0
0 11 14 33 19 22 3 6 29 31 21 20 1 32 18 28 26 4 24 16 13 2 15 12 5 27 10 23 8 7 9 25 17 30 0
0 11 14 33 19 22 3 6 29 31 21 20 1 32 18 28 26 4 24 16 13 2 15 12 5 27 10 23 8 7 9 25 17 30 0
0 11 14 33 19 22 3 6 29 31 21 20 1 32 18 28 26 4 24 16 13 2 15 12 5 27 10 23 8 7 9 25 17 30 0
0 11 14 33 19 22 3 6 29 31 21 20 1 32 18 28 26 4 24 16 13 2 15 12 5 27 10 23 8 7 9 25 17 30 0
0 11 14 33 19 22 3 6 29 31 21 20 1 32 18 28 26 4 24 16 13 2 15 12 5 27 10 23 8 7 9 25 17 30 0
0 11 14 33 19 22 3 6 29 31 21 20 1 32 18 28 26 4 24 16 13 2 15 12 5 27 10 23 8 7 9 25 17 30 0
0 11 14 33 19 22 3 6 29 31 21 20 1 32 18 28 26 4 24 16 13 2 15 12 5 27 10 23 8 7 9 25 17 30 0
0 11 14 33 19 22 3 6 29 31 21 20 1 32 18 28 26 4 24 16 13 2 15 12 5 27 10 23 8 7 9 25 17 30 0
0 11 14 33 19 22 3 6 29 31 21 20 1 32 18 28 26 4 24 16 13 2 15 12 5 27 10 23 8 7 9 25 17 30 0
0 11 14 33 19 22 3 6 29 31 21 20 1 32 18 28 26 4 24 16 13 2 15 12 5 27 10 23 8 7 9 25 17 30 0
0 11 14 33 19 22 3 6 29 31 21 20 1 32 18 28 26 4 24 16 13 2 15 12 5 27 10 23 8 7 9 25 17 30 0
0 11 14 33 19 22 3 6 29 31 21 20 1 32 18 28 26 4 24 16 13 2 15 12 5 27 10 23 8 7 9 25 17 30 0
0 11 14 33 19 22 3 6 29 31 21 20 1 32 18 28 26 4 24 16 13 2 15 12 5 27 10 23 8 7 9 25 17 30 0
0 11 14 33 19 22 3 6 29 31 21 20 1 32 18 28 26 4 24 16 13 2 15 12 5 27 10 23 8 7 9 25 17 30 0
0 11 14 33 19 22 3 6 29 31 21 20 1 32 18 28 26 4 24 16 13 2 15 12 5 27 10 23 8 7 9 25 17 30 0
0 11 14 33 19 22 3 6 29 31 21 20 1 32 18 28 26 4 24 16 13 2 15 12 5 27 10 23 8 7 9 25 17 30 0
0 11 14 33 19 22 3 6 29 31 21 20 1 32 18 28 26 4 24 16 13 2 15 12 5 27 10 23 8 7 9 25 17 30 0
0 11 14 33 19 22 3 6 29 31 21 20 1 32 18 28 26 4 24 16 13 2 15 12 5 27 10 23 8 7 9 25 17 30 0
0 11 14 33 19 22 3 6 29 31 21 20 1 32 18 28 26 4 24 16 13 2 15 12 5 27 10 23 8 7 9 25 17 30 0
0 11 14 33 19 22 3 6 29 31 21 20 1 32 18 28 26 4 24 16 13 2 15 12 5 27 10 23 8 7 9 25 17 30 0
0 11 14 33 19 22 3 6 29 31 21 20 1 32 18 28 26 4 24 16 13 2 15 12 5 27 10 23 8 7 9 25 17 30 0
0 11 14 33 19 22 3 6 29 31 21 20 1 32 18 28 26 4 24 16 13 2 15 12 5 27 10 23 8 7 9 25 17 30 0
0 11 14 33 19 22 3 6 29 31 21 20 1 32 18 28 26 4 24 16 13 2 15 12 5 27 10 23 8 7 9 25 17 30 0
0 11 14 33 19 22 3 6 29 31 21 20 1 32 18 28 26 4 24 16 13 2 15 12 5 27 10 23 8 7 9 25 17 30 0
0 11 14 33 19 22 3 6 29 31 21 20 1 32 18 28 26 4 24 16 13 2 15 12 5 27 10 23 8 7 9 25 17 30 0
0 11 14 33 19 22 3 6 29 31 21 20 1 32 18 28 26 4 24 16 13 2 15 12 5 27 10 23 8 7 9 25 17 30 0
0 11 14 33 19 22 3 6 29 31 21 20 1 32 18 28 26 4 24 16 13 2 15 12 5 27 10 23 8 7 9 25 17 30 0
0 11 14 33 19 22 3 6 29 31 21 20 1 32 18 28 26 4 24 16 13 2 15 12 5 27 10 23 8 7 9 25 17 30 0
0 11 14 33 19 22 3 6 29 31 21 20 1 32 18 28 26 4 24 16 13 2 15 12 5 27 10 23 8 7 9 25 17 30 0
0 11 14 33 19 22 3 6 29 31 21 20 1 32 18 28 26 4 24 16 13 2 15 12 5 27 10 23 8 7 9 25 17 30 0
0 11 14 33 19 22 3 6 29 31 21 20 1 32 18 28 26 4 24 16 13 2 15 12 5 27 10 23 8 7 9 25 17 30 0
0 11 14 33 19 22 3 6 29 31 21 20 1 32 18 28 26 4 24 16 13 2 15 12 5 27 10 23 8 7 9 25 17 30 0
0 11 14 33 19 22 3 6 29 31 21 20 1 32 18 28 26 4 24 16 13 2 15 12 5 27 10 23 8 7 9 25 17 30 0
0 11 14 33 19 22 3 6 29 31 21 20 1 32 18 28 26 4 24 16 13 2 15 12 5 27 10 23 8 7 9 25 17 30 0
0 11 14 33 19 22 3 6 29 31 21 20 1 32 18 28 26 4 24 16 13 2 15 12 5 27 10 23 8 7 9 25 17 30 0
0 11 14 33 19 22 3 6 29 31 21 20 1 32 18 28 26 4 24 16 13 2 15 12 5 27 10 23 8 7 9 25 17 30 0
0 11 14 33 19 22 3 6 29 31 21 20 1 32 18 28 26 4 24 16 13 2 15 12 5 27 10 23 8 7 9 25 17 30 0
0 11 14 33 19 22 3 6 29 31 21 20 1 32 18 28 26 4 24 16 13 2 15 12 5 27 10 23 8 7 9 25 17 30 0
0 11 14 33 19 22 3 6 29 31 21 20 1 32 18 28 26 4 24 16 13 2 15 12 5 27 10 23 8 7 9 25 17 30 0
0 11 14 33 19 22 3 6 29 31 21 20 1 32 18 28 26 4 24 16 13 2 15 12 5 27 10 23 8 7 9 25 17 30 0
0 11 14 33 19 22 3 6 29 31 21 20 1 32 18 28 26 4 24 16 13 2 15 12 5 27 10 23 8 7 9 25 17 30 0
0 11 14 33 19 22 3 6 29 31 21 20 1 32 18 28 26 4 24 16 13 2 15 12 5 27 10 23 8 7 9 25 17 30 0
0 11 14 33 19 22 3 6 29 31 21 20 1 32 18 28 26 4 24 16 13 2 15 12 5 27 10 23 8 7 9 25 17 30 0
0 11 14 33 19 22 3 6 29 31 21 20 1 32 18 28 26 4 24 16 13 2 15 12 5 27 10 23 8 7 9 25 17 30 0
0 11 14 33 19 22 3 6 29 31 21 20 1 32 18 28 26 4 24 16 13 2 15 12 5 27 10 23 8 7 9 25 17 30 0
0 11 14 33 19 22 3 6 29 31 21 20 1 32 18 28 26 4 24 16 13 2 15 12 5 27 10 23 8 7 9 25 17 30 0
0 11 14 33 19 22 3 6 29 31 21 20 1 32 18 28 26 4 24 16 13 2 15 12 5 27 10 23 8 7 9 25 17 30 0
0 11 14 33 19 22 3 6 29 31 21 20 1 32 18 28 26 4 24 16 13 2 15 12 5 27 10 23 8 7 9 25 17 30 0
0 11 14 33 19 22 3 6 29 31 21 20 1 32 18 28 26 4 24 16 13 2 15 12 5 27 10 23 8 7 9 25 17 30 0
0 11 14 33 19 22 3 6 29 31 21 20 1 32 18 28 26 4 24 16 13 2 15 12 5 27 10 23 8 7 9 25 17 30 0
0 11 14 33 19 22 3 6 29 31 21 20 1 32 18 28 26 4 24 16 13 2 15 12 5 27 10 23 8 7 9 25 17 30 0
0 11 14 33 19 22 3 6 29 31 21 20 1 32 18 28 26 4 24 16 13 2 15 12 5 27 10 23 8 7 9 25 17 30 0
0 11 14 33 19 22 3 6 29 31 21 20 1 32 18 28 26 4 24 16 13 2 15 12 5 27 10 23 8 7 9 25 17 30 0
0 11 14 33 19 22 3 6 29 31 21 20 1 32 18 28 26 4 24 16 13 2 15 12 5 27 10 23 8 7 9 25 17 30 0
0 11 14 33 19 22 3 6 29 31 21 20 1 32 18 28 26 4 24 16 13 2 15 12 5 27 10 23 8 7 9 25 17 30 0
0 11 14 33 19 22 3 6 29 31 21 20 1 32 18 28 26 4 24 16 13 2 15 12 5 27 10 23 8 7 9 25 17 30 0
0 11 14 33 19 22 3 6 29 31 21 20 1 32 18 28 26 4 24 16 13 2 15 12 5 27 10 23 8 7 9 25 17 30 0
0 11 14 33 19 22 3 6 29 31 21 20 1 32 18 28 26 4 24 16 13 2 15 12 5 27 10 23 8 7 9 25 17 30 0
0 11 14 33 19 22 3 6 29 31 21 20 1 32 18 28 26 4 24 16 13 2 15 12 5 27 10 23 8 7 9 25 17 30 0
0 11 14 33 19 22 3 6 29 31 21 20 1 32 18 28 26 4 24 16 13 2 15 12 5 27 10 23 8 7 9 25 17 30 0
0 11 14 33 19 22 3 6 29 31 21 20 1 32 18 28 26 4 24 16 13 2 15 12 5 27 10 23 8 7 9 25 17 30 0
0 11 14 33 19 22 3 6 29 31 21 20 1 32 18 28 26 4 24 16 13 2 15 12 5 27 10 23 8 7 9 25 17 30 0
0 11 14 33 19 22 3 6 29 31 21 20 1 32 18 28 26 4 24 16 13 2 15 12 5 27 10 23 8 7 9 25 17 30 0
0 11 14 33 19 22 3 6 29 31 21 20 1 32 18 28 26 4 24 16 13 2 15 12 5 27 10 23 8 7 9 25 17 30 0
0 11 14 33 19 22 3 6 29 31 21 20 1 32 18 28 26 4 24 16 13 2 15 12 5 27 10 23 8 7 9 25 17 30 0
0 11 14 33 19 22 3 6 29 31 21 20 1 32 18 28 26 4 24 16 13 2 15 12 5 27 10 23 8 7 9 25 17 30 0
0 11 14 33 19 22 3 6 29 31 21 20 1 32 18 28 26 4 24 16 13 2 15 12 5 27 10 23 8 7 9 25 17 30 0
0 11 14 33 19 22 3 6 29 31 21 20 1 32 18 28 26 4 24 16 13 2 15 12 5 27 10 23 8 7 9 25 17 30 0
0 11 14 33 19 22 3 6 29 31 21 20 1 32 18 28 26 4 24 16 13 2 15 12 5 27 10 23 8 7 9 25 17 30 0
0 11 14 33 19 22 3 6 29 31 21 20 1 32 18 28 26 4 24 16 13 2 15 12 5 27 10 23 8 7 9 25 17 30 0
0 11 14 33 19 22 3 6 29 31 21 20 1 32 18 28 26 4 24 16 13 2 15 12 5 27 10 23 8 7 9 25 17 30 0
0 11 14 33 19 22 3 6 29 31 21 20 1 32 18 28 26 4 24 16 13 2 15 12 5 27 10 23 8 7 9 25 17 30 0
0 11 14 33 19 22 3 6 29 31 21 20 1 32 18 28 26 4 24 16 13 2 15 12 5 27 10 23 8 7 9 25 17 30 0
0 11 14 33 19 22 3 6 29 31 21 20 1 32 18 28 26 4 24 16 13 2 15 12 5 27 10 23 8 7 9 25 17 30 0
0 11 14 33 19 22 3 6 29 31 21 20 1 32 18 28 26 4 24 16 13 2 15 12 5 27 10 23 8 7 9 25 17 30 0
0 11 14 33 19 22 3 6 29 31 21 20 1 32 18 28 26 4 24 16 13 2 15 12 5 27 10 23 8 7 9 25 17 30 0
0 11 14 33 19 22 3 6 29 31 21 20 1 32 18 28 26 4 24 16 13 2 15 12 5 27 10 23 8 7 9 25 17 30 0
0 11 14 33 19 22 3 6 29 31 21 20 1 32 18 28 26 4 24 16 13 2 15 12 5 27 10 23 8 7 9 25 17 30 0
0 11 14 33 19 22 3 6 29 31 21 20 1 32 18 28 26 4 24 16 13 2 15 12 5 27 10 23 8 7 9 25 17 30 0
0 11 14 33 19 22 3 6 29 31 21 20 1 32 18 28 26 4 24 16 13 2 15 12 5 27 10 23 8 7 9 25 17 30 0
0 11 14 33 19 22 3 6 29 31 21 20 1 32 18 28 26 4 24 16 13 2 15 12 5 27 10 23 8 7 9 25 17 30 0
0 11 14 33 19 22 3 6 29 31 21 20 1 32 18 28 26 4 24 16 13 2 15 12 5 27 10 23 8 7 9 25 17 30 0
0 11 14 33 19 22 3 6 29 31 21 20 1 32 18 28 26 4 24 16 13 2 15 12 5 27 10 23 8 7 9 25 17 30 0
0 11 14 33 19 22 3 6 29 31 21 20 1 32 18 28 26 4 24 16 13 2 15 12 5 27 10 23 8 7 9 25 17 30 0
0 11 14 33 19 22 3 6 29 31 21 20 1 32 18 28 26 4 24 16 13 2 15 12 5 27 10 23 8 7 9 25 17 30 0
0 11 14 33 19 22 3 6 29 31 21 20 1 32 18 28 26 4 24 16 13 2 15 12 5 27 10 23 8 7 9 25 17 30 0
0 11 14 33 19 22 3 6 29 31 21 20 1 32 18 28 26 4 24 16 13 2 15 12 5 27 10 23 8 7 9 25 17 30 0
0 11 14 33 19 22 3 6 29 31 21 20 1 32 18 28 26 4 24 16 13 2 15 12 5 27 10 23 8 7 9 25 17 30 0
0 11 14 33 19 22 3 6 29 31 21 20 1 32 18 28 26 4 24 16 13 2 15 12 5 27 10 23 8 7 9 25 17 30 0
0 11 14 33 19 22 3 6 29 31 21 20 1 32 18 28 26 4 24 16 13 2 15 12 5 27 10 23 8 7 9 25 17 30 0
0 11 14 33 19 22 3 6 29 31 21 20 1 32 18 28 26 4 24 16 13 2 15 12 5 27 10 23 8 7 9 25 17 30 0
0 11 14 33 19 22 3 6 29 31 21 20 1 32 18 28 26 4 24 16 13 2 15 12 5 27 10 23 8 7 9 25 17 30 0
0 11 14 33 19 22 3 6 29 31 21 20 1 32 18 28 26 4 24 16 13 2 15 12 5 27 10 23 8 7 9 25 17 30 0
0 11 14 33 19 22 3 6 29 31 21 20 1 32 18 28 26 4 24 16 13 2 15 12 5 27 10 23 8 7 9 25 17 30 0
0 11 14 33 19 22 3 6 29 31 21 20 1 32 18 28 26 4 24 16 13 2 15 12 5 27 10 23 8 7 9 25 17 30 0
0 11 14 33 19 22 3 6 29 31 21 20 1 32 18 28 26 4 24 16 13 2 15 12 5 27 10 23 8 7 9 25 17 30 0
0 11 14 33 19 22 3 6 29 31 21 20 1 32 18 28 26 4 24 16 13 2 15 12 5 27 10 23 8 7 9 25 17 30 0
0 11 14 33 19 22 3 6 29 31 21 20 1 32 18 28 26 4 24 16 13 2 15 12 5 27 10 23 8 7 9 25 17 30 0
0 11 14 33 19 22 3 6 29 31 21 20 1 32 18 28 26 4 24 16 13 2 15 12 5 27 10 23 8 7 9 25 17 30 0
0 11 14 33 19 22 3 6 29 31 21 20 1 32 18 28 26 4 24 16 13 2 15 12 5 27 10 23 8 7 9 25 17 30 0
0 11 14 33 19 22 3 6 29 31 21 20 1 32 18 28 26 4 24 16 13 2 15 12 5 27 10 23 8 7 9 25 17 30 0
0 11 14 33 19 22 3 6 29 31 21 20 1 32 18 28 26 4 24 16 13 2 15 12 5 27 10 23 8 7 9 25 17 30 0
0 11 14 33 19 22 3 6 29 31 21 20 1 32 18 28 26 4 24 16 13 2 15 12 5 27 10 23 8 7 9 25 17 30 0
0 11 14 33 19 22 3 6 29 31 21 20 1 32 18 28 26 4 24 16 13 2 15 12 5 27 10 23 8 7 9 25 17 30 0
0 11 14 33 19 22 3 6 29 31 21 20 1 32 18 28 26 4 24 16 13 2 15 12 5 27 10 23 8 7 9 25 17 30 0
0 11 14 33 19 22 3 6 29 31 21 20 1 32 18 28 26 4 24 16 13 2 15 12 5 27 10 23 8 7 9 25 17 30 0
0 11 14 33 19 22 3 6 29 31 21 20 1 32 18 28 26 4 24 16 13 2 15 12 5 27 10 23 8 7 9 25 17 30 0
0 11 14 33 19 22 3 6 29 31 21 20 1 32 18 28 26 4 24 16 13 2 15 12 5 27 10 23 8 7 9 25 17 30 0
0 11 14 33 19 22 3 6 29 31 21 20 1 32 18 28 26 4 24 16 13 2 15 12 5 27 10 23 8 7 9 25 17 30 0
0 11 14 33 19 22 3 6 29 31 21 20 1 32 18 28 26 4 24 16 13 2 15 12 5 27 10 23 8 7 9 25 17 30 0
0 11 14 33 19 22 3 6 29 31 21 20 1 32 18 28 26 4 24 16 13 2 15 12 5 27 10 23 8 7 9 25 17 30 0
0 11 14 33 19 22 3 6 29 31 21 20 1 32 18 28 26 4 24 16 13 2 15 12 5 27 10 23 8 7 9 25 17 30 0
0 11 14 33 19 22 3 6 29 31 21 20 1 32 18 28 26 4 24 16 13 2 15 12 5 27 10 23 8 7 9 25 17 30 0
0 11 14 33 19 22 3 6 29 31 21 20 1 32 18 28 26 4 24 16 13 2 15 12 5 27 10 23 8 7 9 25 17 30 0
0 11 14 33 19 22 3 6 29 31 21 20 1 32 18 28 26 4 24 16 13 2 15 12 5 27 10 23 8 7 9 25 17 30 0
0 11 14 33 19 22 3 6 29 31 21 20 1 32 18 28 26 4 24 16 13 2 15 12 5 27 10 23 8 7 9 25 17 30 0
0 11 14 33 19 22 3 6 29 31 21 20 1 32 18 28 26 4 24 16 13 2 15 12 5 27 10 23 8 7 9 25 17 30 0
0 11 14 33 19 22 3 6 29 31 21 20 1 32 18 28 26 4 24 16 13 2 15 12 5 27 10 23 8 7 9 25 17 30 0
0 11 14 33 19 22 3 6 29 31 21 20 1 32 18 28 26 4 24 16 13 2 15 12 5 27 10 23 8 7 9 25 17 30 0
0 11 14 33 19 22 3 6 29 31 21 20 1 32 18 28 26 4 24 16 13 2 15 12 5 27 10 23 8 7 9 25 17 30 0
0 11 14 33 19 22 3 6 29 31 21 20 1 32 18 28 26 4 24 16 13 2 15 12 5 27 10 23 8 7 9 25 17 30 0
0 11 14 33 19 22 3 6 29 31 21 20 1 32 18 28 26 4 24 16 13 2 15 12 5 27 10 23 8 7 9 25 17 30 0
0 11 14 33 19 22 3 6 29 31 21 20 1 32 18 28 26 4 24 16 13 2 15 12 5 27 10 23 8 7 9 25 17 30 0
0 11 14 33 19 22 3 6 29 31 21 20 1 32 18 28 26 4 24 16 13 2 15 12 5 27 10 23 8 7 9 25 17 30 0
0 11 14 33 19 22 3 6 29 31 21 20 1 32 18 28 26 4 24 16 13 2 15 12 5 27 10 23 8 7 9 25 17 30 0
0 11 14 33 19 22 3 6 29 31 21 20 1 32 18 28 26 4 24 16 13 2 15 12 5 27 10 23 8 7 9 25 17 30 0
0 11 14 33 19 22 3 6 29 31 21 20 1 32 18 28 26 4 24 16 13 2 15 12 5 27 10 23 8 7 9 25 17 30 0
0 11 14 33 19 22 3 6 29 31 21 20 1 32 18 28 26 4 24 16 13 2 15 12 5 27 10 23 8 7 9 25 17 30 0
0 11 14 33 19 22 3 6 29 31 21 20 1 32 18 28 26 4 24 16 13 2 15 12 5 27 10 23 8 7 9 25 17 30 0
0 11 14 33 19 22 3 6 29 31 21 20 1 32 18 28 26 4 24 16 13 2 15 12 5 27 10 23 8 7 9 25 17 30 0
0 11 14 33 19 22 3 6 29 31 21 20 1 32 18 28 26 4 24 16 13 2 15 12 5 27 10 23 8 7 9 25 17 30 0
0 11 14 33 19 22 3 6 29 31 21 20 1 32 18 28 26 4 24 16 13 2 15 12 5 27 10 23 8 7 9 25 17 30 0
0 11 14 33 19 22 3 6 29 31 21 20 1 32 18 28 26 4 24 16 13 2 15 12 5 27 10 23 8 7 9 25 17 30 0
0 11 14 33 19 22 3 6 29 31 21 20 1 32 18 28 26 4 24 16 13 2 15 12 5 27 10 23 8 7 9 25 17 30 0
0 11 14 33 19 22 3 6 29 31 21 20 1 32 18 28 26 4 24 16 13 2 15 12 5 27 10 23 8 7 9 25 17 30 0
0 11 14 33 19 22 3 6 29 31 21 20 1 32 18 28 26 4 24 16 13 2 15 12 5 27 10 23 8 7 9 25 17 30 0
0 11 14 33 19 22 3 6 29 31 21 20 1 32 18 28 26 4 24 16 13 2 15 12 5 27 10 23 8 7 9 25 17 30 0
0 11 14 33 19 22 3 6 29 31 21 20 1 32 18 28 26 4 24 16 13 2 15 12 5 27 10 23 8 7 9 25 17 30 0
0 11 14 33 19 22 3 6 29 31 21 20 1 32 18 28 26 4 24 16 13 2 15 12 5 27 10 23 8 7 9 25 17 30 0
0 11 14 33 19 22 3 6 29 31 21 20 1 32 18 28 26 4 24 16 13 2 15 12 5 27 10 23 8 7 9 25 17 30 0
0 11 14 33 19 22 3 6 29 31 21 20 1 32 18 28 26 4 24 16 13 2 15 12 5 27 10 23 8 7 9 25 17 30 0
0 11 14 33 19 22 3 6 29 31 21 20 1 32 18 28 26 4 24 16 13 2 15 12 5 27 10 23 8 7 9 25 17 30 0
0 11 14 33 19 22 3 6 29 31 21 20 1 32 18 28 26 4 24 16 13 2 15 12 5 27 10 23 8 7 9 25 17 30 0
0 11 14 33 19 22 3 6 29 31 21 20 1 32 18 28 26 4 24 16 13 2 15 12 5 27 10 23 8 7 9 25 17 30 0
0 11 14 33 19 22 3 6 29 31 21 20 1 32 18 28 26 4 24 16 13 2 15 12 5 27 10 23 8 7 9 25 17 30 0
0 11 14 33 19 22 3 6 29 31 21 20 1 32 18 28 26 4 24 16 13 2 15 12 5 27 10 23 8 7 9 25 17 30 0
0 11 14 33 19 22 3 6 29 31 21 20 1 32 18 28 26 4 24 16 13 2 15 12 5 27 10 23 8 7 9 25 17 30 0
0 11 14 33 19 22 3 6 29 31 21 20 1 32 18 28 26 4 24 16 13 2 15 12 5 27 10 23 8 7 9 25 17 30 0
0 11 14 33 19 22 3 6 29 31 21 20 1 32 18 28 26 4 24 16 13 2 15 12 5 27 10 23 8 7 9 25 17 30 0
0 11 14 33 19 22 3 6 29 31 21 20 1 32 18 28 26 4 24 16 13 2 15 12 5 27 10 23 8 7 9 25 17 30 0
0 11 14 33 19 22 3 6 29 31 21 20 1 32 18 28 26 4 24 16 13 2 15 12 5 27 10 23 8 7 9 25 17 30 0
0 11 14 33 19 22 3 6 29 31 21 20 1 32 18 28 26 4 24 16 13 2 15 12 5 27 10 23 8 7 9 25 17 30 0
0 11 14 33 19 22 3 6 29 31 21 20 1 32 18 28 26 4 24 16 13 2 15 12 5 27 10 23 8 7 9 25 17 30 0
0 11 14 33 19 22 3 6 29 31 21 20 1 32 18 28 26 4 24 16 13 2 15 12 5 27 10 23 8 7 9 25 17 30 0
0 11 14 33 19 22 3 6 29 31 21 20 1 32 18 28 26 4 24 16 13 2 15 12 5 27 10 23 8 7 9 25 17 30 0
0 11 14 33 19 22 3 6 29 31 21 20 1 32 18 28 26 4 24 16 13 2 15 12 5 27 10 23 8 7 9 25 17 30 0
0 11 14 33 19 22 3 6 29 31 21 20 1 32 18 28 26 4 24 16 13 2 15 12 5 27 10 23 8 7 9 25 17 30 0
0 11 14 33 19 22 3 6 29 31 21 20 1 32 18 28 26 4 24 16 13 2 15 12 5 27 10 23 8 7 9 25 17 30 0
0 11 14 33 19 22 3 6 29 31 21 20 1 32 18 28 26 4 24 16 13 2 15 12 5 27 10 23 8 7 9 25 17 30 0
0 11 14 33 19 22 3 6 29 31 21 20 1 32 18 28 26 4 24 16 13 2 15 12 5 27 10 23 8 7 9 25 17 30 0
0 11 14 33 19 22 3 6 29 31 21 20 1 32 18 28 26 4 24 16 13 2 15 12 5 27 10 23 8 7 9 25 17 30 0
0 11 14 33 19 22 3 6 29 31 21 20 1 32 18 28 26 4 24 16 13 2 15 12 5 27 10 23 8 7 9 25 17 30 0
0 11 14 33 19 22 3 6 29 31 21 20 1 32 18 28 26 4 24 16 13 2 15 12 5 27 10 23 8 7 9 25 17 30 0
0 11 14 33 19 22 3 6 29 31 21 20 1 32 18 28 26 4 24 16 13 2 15 12 5 27 10 23 8 7 9 25 17 30 0
0 11 14 33 19 22 3 6 29 31 21 20 1 32 18 28 26 4 24 16 13 2 15 12 5 27 10 23 8 7 9 25 17 30 0
0 11 14 33 19 22 3 6 29 31 21 20 1 32 18 28 26 4 24 16 13 2 15 12 5 27 10 23 8 7 9 25 17 30 0
0 11 14 33 19 22 3 6 29 31 21 20 1 32 18 28 26 4 24 16 13 2 15 12 5 27 10 23 8 7 9 25 17 30 0
0 11 14 33 19 22 3 6 29 31 21 20 1 32 18 28 26 4 24 16 13 2 15 12 5 27 10 23 8 7 9 25 17 30 0
0 11 14 33 19 22 3 6 29 31 21 20 1 32 18 28 26 4 24 16 13 2 15 12 5 27 10 23 8 7 9 25 17 30 0
0 11 14 33 19 22 3 6 29 31 21 20 1 32 18 28 26 4 24 16 13 2 15 12 5 27 10 23 8 7 9 25 17 30 0
0 11 14 33 19 22 3 6 29 31 21 20 1 32 18 28 26 4 24 16 13 2 15 12 5 27 10 23 8 7 9 25 17 30 0
0 11 14 33 19 22 3 6 29 31 21 20 1 32 18 28 26 4 24 16 13 2 15 12 5 27 10 23 8 7 9 25 17 30 0
0 11 14 33 19 22 3 6 29 31 21 20 1 32 18 28 26 4 24 16 13 2 15 12 5 27 10 23 8 7 9 25 17 30 0
0 11 14 33 19 22 3 6 29 31 21 20 1 32 18 28 26 4 24 16 13 2 15 12 5 27 10 23 8 7 9 25 17 30 0
0 11 14 33 19 22 3 6 29 31 21 20 1 32 18 28 26 4 24 16 13 2 15 12 5 27 10 23 8 7 9 25 17 30 0
0 11 14 33 19 22 3 6 29 31 21 20 1 32 18 28 26 4 24 16 13 2 15 12 5 27 10 23 8 7 9 25 17 30 0
0 11 14 33 19 22 3 6 29 31 21 20 1 32 18 28 26 4 24 16 13 2 15 12 5 27 10 23 8 7 9 25 17 30 0
0 11 14 33 19 22 3 6 29 31 21 20 1 32 18 28 26 4 24 16 13 2 15 12 5 27 10 23 8 7 9 25 17 30 0
0 11 14 33 19 22 3 6 29 31 21 20 1 32 18 28 26 4 24 16 13 2 15 12 5 27 10 23 8 7 9 25 17 30 0
0 11 14 33 19 22 3 6 29 31 21 20 1 32 18 28 26 4 24 16 13 2 15 12 5 27 10 23 8 7 9 25 17 30 0
0 11 14 33 19 22 3 6 29 31 21 20 1 32 18 28 26 4 24 16 13 2 15 12 5 27 10 23 8 7 9 25 17 30 0
0 11 14 33 19 22 3 6 29 31 21 20 1 32 18 28 26 4 24 16 13 2 15 12 5 27 10 23 8 7 9 25 17 30 0
0 11 14 33 19 22 3 6 29 31 21 20 1 32 18 28 26 4 24 16 13 2 15 12 5 27 10 23 8 7 9 25 17 30 0
0 11 14 33 19 22 3 6 29 31 21 20 1 32 18 28 26 4 24 16 13 2 15 12 5 27 10 23 8 7 9 25 17 30 0
0 11 14 33 19 22 3 6 29 31 21 20 1 32 18 28 26 4 24 16 13 2 15 12 5 27 10 23 8 7 9 25 17 30 0
0 11 14 33 19 22 3 6 29 31 21 20 1 32 18 28 26 4 24 16 13 2 15 12 5 27 10 23 8 7 9 25 17 30 0
0 11 14 33 19 22 3 6 29 31 21 20 1 32 18 28 26 4 24 16 13 2 15 12 5 27 10 23 8 7 9 25 17 30 0
0 11 14 33 19 22 3 6 29 31 21 20 1 32 18 28 26 4 24 16 13 2 15 12 5 27 10 23 8 7 9 25 17 30 0
0 11 14 33 19 22 3 6 29 31 21 20 1 32 18 28 26 4 24 16 13 2 15 12 5 27 10 23 8 7 9 25 17 30 0
0 11 14 33 19 22 3 6 29 31 21 20 1 32 18 28 26 4 24 16 13 2 15 12 5 27 10 23 8 7 9 25 17 30 0
0 11 14 33 19 22 3 6 29 31 21 20 1 32 18 28 26 4 24 16 13 2 15 12 5 27 10 23 8 7 9 25 17 30 0
0 11 14 33 19 22 3 6 29 31 21 20 1 32 18 28 26 4 24 16 13 2 15 12 5 27 10 23 8 7 9 25 17 30 0
0 11 14 33 19 22 3 6 29 31 21 20 1 32 18 28 26 4 24 16 13 2 15 12 5 27 10 23 8 7 9 25 17 30 0
0 11 14 33 19 22 3 6 29 31 21 20 1 32 18 28 26 4 24 16 13 2 15 12 5 27 10 23 8 7 9 25 17 30 0
0 11 14 33 19 22 3 6 29 31 21 20 1 32 18 28 26 4 24 16 13 2 15 12 5 27 10 23 8 7 9 25 17 30 0
0 11 14 33 19 22 3 6 29 31 21 20 1 32 18 28 26 4 24 16 13 2 15 12 5 27 10 23 8 7 9 25 17 30 0
0 11 14 33 19 22 3 6 29 31 21 20 1 32 18 28 26 4 24 16 13 2 15 12 5 27 10 23 8 7 9 25 17 30 0
0 11 14 33 19 22 3 6 29 31 21 20 1 32 18 28 26 4 24 16 13 2 15 12 5 27 10 23 8 7 9 25 17 30 0
0 11 14 33 19 22 3 6 29 31 21 20 1 32 18 28 26 4 24 16 13 2 15 12 5 27 10 23 8 7 9 25 17 30 0
0 11 14 33 19 22 3 6 29 31 21 20 1 32 18 28 26 4 24 16 13 2 15 12 5 27 10 23 8 7 9 25 17 30 0
0 11 14 33 19 22 3 6 29 31 21 20 1 32 18 28 26 4 24 16 13 2 15 12 5 27 10 23 8 7 9 25 17 30 0
0 11 14 33 19 22 3 6 29 31 21 20 1 32 18 28 26 4 24 16 13 2 15 12 5 27 10 23 8 7 9 25 17 30 0
0 11 14 33 19 22 3 6 29 31 21 20 1 32 18 28 26 4 24 16 13 2 15 12 5 27 10 23 8 7 9 25 17 30 0
0 11 14 33 19 22 3 6 29 31 21 20 1 32 18 28 26 4 24 16 13 2 15 12 5 27 10 23 8 7 9 25 17 30 0
0 11 14 33 19 22 3 6 29 31 21 20 1 32 18 28 26 4 24 16 13 2 15 12 5 27 10 23 8 7 9 25 17 30 0
0 11 14 33 19 22 3 6 29 31 21 20 1 32 18 28 26 4 24 16 13 2 15 12 5 27 10 23 8 7 9 25 17 30 0
0 11 14 33 19 22 3 6 29 31 21 20 1 32 18 28 26 4 24 16 13 2 15 12 5 27 10 23 8 7 9 25 17 30 0
0 11 14 33 19 22 3 6 29 31 21 20 1 32 18 28 26 4 24 16 13 2 15 12 5 27 10 23 8 7 9 25 17 30 0
0 11 14 33 19 22 3 6 29 31 21 20 1 32 18 28 26 4 24 16 13 2 15 12 5 27 10 23 8 7 9 25 17 30 0
0 11 14 33 19 22 3 6 29 31 21 20 1 32 18 28 26 4 24 16 13 2 15 12 5 27 10 23 8 7 9 25 17 30 0
0 11 14 33 19 22 3 6 29 31 21 20 1 32 18 28 26 4 24 16 13 2 15 12 5 27 10 23 8 7 9 25 17 30 0
0 11 14 33 19 22 3 6 29 31 21 20 1 32 18 28 26 4 24 16 13 2 15 12 5 27 10 23 8 7 9 25 17 30 0
0 11 14 33 19 22 3 6 29 31 21 20 1 32 18 28 26 4 24 16 13 2 15 12 5 27 10 23 8 7 9 25 17 30 0
0 11 14 33 19 22 3 6 29 31 21 20 1 32 18 28 26 4 24 16 13 2 15 12 5 27 10 23 8 7 9 25 17 30 0
0 11 14 33 19 22 3 6 29 31 21 20 1 32 18 28 26 4 24 16 13 2 15 12 5 27 10 23 8 7 9 25 17 30 0
0 11 14 33 19 22 3 6 29 31 21 20 1 32 18 28 26 4 24 16 13 2 15 12 5 27 10 23 8 7 9 25 17 30 0
0 11 14 33 19 22 3 6 29 31 21 20 1 32 18 28 26 4 24 16 13 2 15 12 5 27 10 23 8 7 9 25 17 30 0
0 11 14 33 19 22 3 6 29 31 21 20 1 32 18 28 26 4 24 16 13 2 15 12 5 27 10 23 8 7 9 25 17 30 0
0 11 14 33 19 22 3 6 29 31 21 20 1 32 18 28 26 4 24 16 13 2 15 12 5 27 10 23 8 7 9 25 17 30 0
0 11 14 33 19 22 3 6 29 31 21 20 1 32 18 28 26 4 24 16 13 2 15 12 5 27 10 23 8 7 9 25 17 30 0
0 11 14 33 19 22 3 6 29 31 21 20 1 32 18 28 26 4 24 16 13 2 15 12 5 27 10 23 8 7 9 25 17 30 0
0 11 14 33 19 22 3 6 29 31 21 20 1 32 18 28 26 4 24 16 13 2 15 12 5 27 10 23 8 7 9 25 17 30 0
0 11 14 33 19 22 3 6 29 31 21 20 1 32 18 28 26 4 24 16 13 2 15 12 5 27 10 23 8 7 9 25 17 30 0
0 11 14 33 19 22 3 6 29 31 21 20 1 32 18 28 26 4 24 16 13 2 15 12 5 27 10 23 8 7 9 25 17 30 0
0 11 14 33 19 22 3 6 29 31 21 20 1 32 18 28 26 4 24 16 13 2 15 12 5 27 10 23 8 7 9 25 17 30 0
0 11 14 33 19 22 3 6 29 31 21 20 1 32 18 28 26 4 24 16 13 2 15 12 5 27 10 23 8 7 9 25 17 30 0
0 11 14 33 19 22 3 6 29 31 21 20 1 32 18 28 26 4 24 16 13 2 15 12 5 27 10 23 8 7 9 25 17 30 0
0 11 14 33 19 22 3 6 29 31 21 20 1 32 18 28 26 4 24 16 13 2 15 12 5 27 10 23 8 7 9 25 17 30 0
0 11 14 33 19 22 3 6 29 31 21 20 1 32 18 28 26 4 24 16 13 2 15 12 5 27 10 23 8 7 9 25 17 30 0
0 11 14 33 19 22 3 6 29 31 21 20 1 32 18 28 26 4 24 16 13 2 15 12 5 27 10 23 8 7 9 25 17 30 0
0 11 14 33 19 22 3 6 29 31 21 20 1 32 18 28 26 4 24 16 13 2 15 12 5 27 10 23 8 7 9 25 17 30 0
0 11 14 33 19 22 3 6 29 31 21 20 1 32 18 28 26 4 24 16 13 2 15 12 5 27 10 23 8 7 9 25 17 30 0
0 11 14 33 19 22 3 6 29 31 21 20 1 32 18 28 26 4 24 16 13 2 15 12 5 27 10 23 8 7 9 25 17 30 0
0 11 14 33 19 22 3 6 29 31 21 20 1 32 18 28 26 4 24 16 13 2 15 12 5 27 10 23 8 7 9 25 17 30 0
0 11 14 33 19 22 3 6 29 31 21 20 1 32 18 28 26 4 24 16 13 2 15 12 5 27 10 23 8 7 9 25 17 30 0
0 11 14 33 19 22 3 6 29 31 21 20 1 32 18 28 26 4 24 16 13 2 15 12 5 27 10 23 8 7 9 25 17 30 0
0 11 14 33 19 22 3 6 29 31 21 20 1 32 18 28 26 4 24 16 13 2 15 12 5 27 10 23 8 7 9 25 17 30 0
0 11 14 33 19 22 3 6 29 31 21 20 1 32 18 28 26 4 24 16 13 2 15 12 5 27 10 23 8 7 9 25 17 30 0
0 11 14 33 19 22 3 6 29 31 21 20 1 32 18 28 26 4 24 16 13 2 15 12 5 27 10 23 8 7 9 25 17 30 0
0 11 14 33 19 22 3 6 29 31 21 20 1 32 18 28 26 4 24 16 13 2 15 12 5 27 10 23 8 7 9 25 17 30 0
0 11 14 33 19 22 3 6 29 31 21 20 1 32 18 28 26 4 24 16 13 2 15 12 5 27 10 23 8 7 9 25 17 30 0
0 11 14 33 19 22 3 6 29 31 21 20 1 32 18 28 26 4 24 16 13 2 15 12 5 27 10 23 8 7 9 25 17 30 0
0 11 14 33 19 22 3 6 29 31 21 20 1 32 18 28 26 4 24 16 13 2 15 12 5 27 10 23 8 7 9 25 17 30 0
0 11 14 33 19 22 3 6 29 31 21 20 1 32 18 28 26 4 24 16 13 2 15 12 5 27 10 23 8 7 9 25 17 30 0
0 11 14 33 19 22 3 6 29 31 21 20 1 32 18 28 26 4 24 16 13 2 15 12 5 27 10 23 8 7 9 25 17 30 0
0 11 14 33 19 22 3 6 29 31 21 20 1 32 18 28 26 4 24 16 13 2 15 12 5 27 10 23 8 7 9 25 17 30 0
0 11 14 33 19 22 3 6 29 31 21 20 1 32 18 28 26 4 24 16 13 2 15 12 5 27 10 23 8 7 9 25 17 30 0
0 11 14 33 19 22 3 6 29 31 21 20 1 32 18 28 26 4 24 16 13 2 15 12 5 27 10 23 8 7 9 25 17 30 0
0 11 14 33 19 22 3 6 29 31 21 20 1 32 18 28 26 4 24 16 13 2 15 12 5 27 10 23 8 7 9 25 17 30 0
0 11 14 33 19 22 3 6 29 31 21 20 1 32 18 28 26 4 24 16 13 2 15 12 5 27 10 23 8 7 9 25 17 30 0
0 11 14 33 19 22 3 6 29 31 21 20 1 32 18 28 26 4 24 16 13 2 15 12 5 27 10 23 8 7 9 25 17 30 0
0 11 14 33 19 22 3 6 29 31 21 20 1 32 18 28 26 4 24 16 13 2 15 12 5 27 10 23 8 7 9 25 17 30 0
0 11 14 33 19 22 3 6 29 31 21 20 1 32 18 28 26 4 24 16 13 2 15 12 5 27 10 23 8 7 9 25 17 30 0
0 11 14 33 19 22 3 6 29 31 21 20 1 32 18 28 26 4 24 16 13 2 15 12 5 27 10 23 8 7 9 25 17 30 0
0 11 14 33 19 22 3 6 29 31 21 20 1 32 18 28 26 4 24 16 13 2 15 12 5 27 10 23 8 7 9 25 17 30 0
0 11 14 33 19 22 3 6 29 31 21 20 1 32 18 28 26 4 24 16 13 2 15 12 5 27 10 23 8 7 9 25 17 30 0
0 11 14 33 19 22 3 6 29 31 21 20 1 32 18 28 26 4 24 16 13 2 15 12 5 27 10 23 8 7 9 25 17 30 0
0 11 14 33 19 22 3 6 29 31 21 20 1 32 18 28 26 4 24 16 13 2 15 12 5 27 10 23 8 7 9 25 17 30 0
0 11 14 33 19 22 3 6 29 31 21 20 1 32 18 28 26 4 24 16 13 2 15 12 5 27 10 23 8 7 9 25 17 30 0
0 11 14 33 19 22 3 6 29 31 21 20 1 32 18 28 26 4 24 16 13 2 15 12 5 27 10 23 8 7 9 25 17 30 0
0 11 14 33 19 22 3 6 29 31 21 20 1 32 18 28 26 4 24 16 13 2 15 12 5 27 10 23 8 7 9 25 17 30 0
0 11 14 33 19 22 3 6 29 31 21 20 1 32 18 28 26 4 24 16 13 2 15 12 5 27 10 23 8 7 9 25 17 30 0
0 11 14 33 19 22 3 6 29 31 21 20 1 32 18 28 26 4 24 16 13 2 15 12 5 27 10 23 8 7 9 25 17 30 0
0 11 14 33 19 22 3 6 29 31 21 20 1 32 18 28 26 4 24 16 13 2 15 12 5 27 10 23 8 7 9 25 17 30 0
0 11 14 33 19 22 3 6 29 31 21 20 1 32 18 28 26 4 24 16 13 2 15 12 5 27 10 23 8 7 9 25 17 30 0
0 11 14 33 19 22 3 6 29 31 21 20 1 32 18 28 26 4 24 16 13 2 15 12 5 27 10 23 8 7 9 25 17 30 0
0 11 14 33 19 22 3 6 29 31 21 20 1 32 18 28 26 4 24 16 13 2 15 12 5 27 10 23 8 7 9 25 17 30 0
0 11 14 33 19 22 3 6 29 31 21 20 1 32 18 28 26 4 24 16 13 2 15 12 5 27 10 23 8 7 9 25 17 30 0
0 11 14 33 19 22 3 6 29 31 21 20 1 32 18 28 26 4 24 16 13 2 15 12 5 27 10 23 8 7 9 25 17 30 0
0 11 14 33 19 22 3 6 29 31 21 20 1 32 18 28 26 4 24 16 13 2 15 12 5 27 10 23 8 7 9 25 17 30 0
0 11 14 33 19 22 3 6 29 31 21 20 1 32 18 28 26 4 24 16 13 2 15 12 5 27 10 23 8 7 9 25 17 30 0
0 11 14 33 19 22 3 6 29 31 21 20 1 32 18 28 26 4 24 16 13 2 15 12 5 27 10 23 8 7 9 25 17 30 0
0 11 14 33 19 22 3 6 29 31 21 20 1 32 18 28 26 4 24 16 13 2 15 12 5 27 10 23 8 7 9 25 17 30 0
0 11 14 33 19 22 3 6 29 31 21 20 1 32 18 28 26 4 24 16 13 2 15 12 5 27 10 23 8 7 9 25 17 30 0
0 11 14 33 19 22 3 6 29 31 21 20 1 32 18 28 26 4 24 16 13 2 15 12 5 27 10 23 8 7 9 25 17 30 0
0 11 14 33 19 22 3 6 29 31 21 20 1 32 18 28 26 4 24 16 13 2 15 12 5 27 10 23 8 7 9 25 17 30 0
0 11 14 33 19 22 3 6 29 31 21 20 1 32 18 28 26 4 24 16 13 2 15 12 5 27 10 23 8 7 9 25 17 30 0
0 11 14 33 19 22 3 6 29 31 21 20 1 32 18 28 26 4 24 16 13 2 15 12 5 27 10 23 8 7 9 25 17 30 0
0 11 14 33 19 22 3 6 29 31 21 20 1 32 18 28 26 4 24 16 13 2 15 12 5 27 10 23 8 7 9 25 17 30 0
0 11 14 33 19 22 3 6 29 31 21 20 1 32 18 28 26 4 24 16 13 2 15 12 5 27 10 23 8 7 9 25 17 30 0
0 11 14 33 19 22 3 6 29 31 21 20 1 32 18 28 26 4 24 16 13 2 15 12 5 27 10 23 8 7 9 25 17 30 0
0 11 14 33 19 22 3 6 29 31 21 20 1 32 18 28 26 4 24 16 13 2 15 12 5 27 10 23 8 7 9 25 17 30 0
0 11 14 33 19 22 3 6 29 31 21 20 1 32 18 28 26 4 24 16 13 2 15 12 5 27 10 23 8 7 9 25 17 30 0
0 11 14 33 19 22 3 6 29 31 21 20 1 32 18 28 26 4 24 16 13 2 15 12 5 27 10 23 8 7 9 25 17 30 0
0 11 14 33 19 22 3 6 29 31 21 20 1 32 18 28 26 4 24 16 13 2 15 12 5 27 10 23 8 7 9 25 17 30 0
0 11 14 33 19 22 3 6 29 31 21 20 1 32 18 28 26 4 24 16 13 2 15 12 5 27 10 23 8 7 9 25 17 30 0
0 11 14 33 19 22 3 6 29 31 21 20 1 32 18 28 26 4 24 16 13 2 15 12 5 27 10 23 8 7 9 25 17 30 0
0 11 14 33 19 22 3 6 29 31 21 20 1 32 18 28 26 4 24 16 13 2 15 12 5 27 10 23 8 7 9 25 17 30 0
0 11 14 33 19 22 3 6 29 31 21 20 1 32 18 28 26 4 24 16 13 2 15 12 5 27 10 23 8 7 9 25 17 30 0
0 11 14 33 19 22 3 6 29 31 21 20 1 32 18 28 26 4 24 16 13 2 15 12 5 27 10 23 8 7 9 25 17 30 0
0 11 14 33 19 22 3 6 29 31 21 20 1 32 18 28 26 4 24 16 13 2 15 12 5 27 10 23 8 7 9 25 17 30 0
0 11 14 33 19 22 3 6 29 31 21 20 1 32 18 28 26 4 24 16 13 2 15 12 5 27 10 23 8 7 9 25 17 30 0
0 11 14 33 19 22 3 6 29 31 21 20 1 32 18 28 26 4 24 16 13 2 15 12 5 27 10 23 8 7 9 25 17 30 0
0 11 14 33 19 22 3 6 29 31 21 20 1 32 18 28 26 4 24 16 13 2 15 12 5 27 10 23 8 7 9 25 17 30 0
0 11 14 33 19 22 3 6 29 31 21 20 1 32 18 28 26 4 24 16 13 2 15 12 5 27 10 23 8 7 9 25 17 30 0
0 11 14 33 19 22 3 6 29 31 21 20 1 32 18 28 26 4 24 16 13 2 15 12 5 27 10 23 8 7 9 25 17 30 0
0 11 14 33 19 22 3 6 29 31 21 20 1 32 18 28 26 4 24 16 13 2 15 12 5 27 10 23 8 7 9 25 17 30 0
0 11 14 33 19 22 3 6 29 31 21 20 1 32 18 28 26 4 24 16 13 2 15 12 5 27 10 23 8 7 9 25 17 30 0
0 11 14 33 19 22 3 6 29 31 21 20 1 32 18 28 26 4 24 16 13 2 15 12 5 27 10 23 8 7 9 25 17 30 0
0 11 14 33 19 22 3 6 29 31 21 20 1 32 18 28 26 4 24 16 13 2 15 12 5 27 10 23 8 7 9 25 17 30 0
0 11 14 33 19 22 3 6 29 31 21 20 1 32 18 28 26 4 24 16 13 2 15 12 5 27 10 23 8 7 9 25 17 30 0
0 11 14 33 19 22 3 6 29 31 21 20 1 32 18 28 26 4 24 16 13 2 15 12 5 27 10 23 8 7 9 25 17 30 0
0 11 14 33 19 22 3 6 29 31 21 20 1 32 18 28 26 4 24 16 13 2 15 12 5 27 10 23 8 7 9 25 17 30 0
0 11 14 33 19 22 3 6 29 31 21 20 1 32 18 28 26 4 24 16 13 2 15 12 5 27 10 23 8 7 9 25 17 30 0
0 11 14 33 19 22 3 6 29 31 21 20 1 32 18 28 26 4 24 16 13 2 15 12 5 27 10 23 8 7 9 25 17 30 0
0 11 14 33 19 22 3 6 29 31 21 20 1 32 18 28 26 4 24 16 13 2 15 12 5 27 10 23 8 7 9 25 17 30 0
0 11 14 33 19 22 3 6 29 31 21 20 1 32 18 28 26 4 24 16 13 2 15 12 5 27 10 23 8 7 9 25 17 30 0
0 11 14 33 19 22 3 6 29 31 21 20 1 32 18 28 26 4 24 16 13 2 15 12 5 27 10 23 8 7 9 25 17 30 0
0 11 14 33 19 22 3 6 29 31 21 20 1 32 18 28 26 4 24 16 13 2 15 12 5 27 10 23 8 7 9 25 17 30 0
0 11 14 33 19 22 3 6 29 31 21 20 1 32 18 28 26 4 24 16 13 2 15 12 5 27 10 23 8 7 9 25 17 30 0
0 11 14 33 19 22 3 6 29 31 21 20 1 32 18 28 26 4 24 16 13 2 15 12 5 27 10 23 8 7 9 25 17 30 0
0 11 14 33 19 22 3 6 29 31 21 20 1 32 18 28 26 4 24 16 13 2 15 12 5 27 10 23 8 7 9 25 17 30 0
0 11 14 33 19 22 3 6 29 31 21 20 1 32 18 28 26 4 24 16 13 2 15 12 5 27 10 23 8 7 9 25 17 30 0
0 11 14 33 19 22 3 6 29 31 21 20 1 32 18 28 26 4 24 16 13 2 15 12 5 27 10 23 8 7 9 25 17 30 0
0 11 14 33 19 22 3 6 29 31 21 20 1 32 18 28 26 4 24 16 13 2 15 12 5 27 10 23 8 7 9 25 17 30 0
0 11 14 33 19 22 3 6 29 31 21 20 1 32 18 28 26 4 24 16 13 2 15 12 5 27 10 23 8 7 9 25 17 30 0
0 11 14 33 19 22 3 6 29 31 21 20 1 32 18 28 26 4 24 16 13 2 15 12 5 27 10 23 8 7 9 25 17 30 0
0 11 14 33 19 22 3 6 29 31 21 20 1 32 18 28 26 4 24 16 13 2 15 12 5 27 10 23 8 7 9 25 17 30 0
0 11 14 33 19 22 3 6 29 31 21 20 1 32 18 28 26 4 24 16 13 2 15 12 5 27 10 23 8 7 9 25 17 30 0
0 11 14 33 19 22 3 6 29 31 21 20 1 32 18 28 26 4 24 16 13 2 15 12 5 27 10 23 8 7 9 25 17 30 0
0 11 14 33 19 22 3 6 29 31 21 20 1 32 18 28 26 4 24 16 13 2 15 12 5 27 10 23 8 7 9 25 17 30 0
0 11 14 33 19 22 3 6 29 31 21 20 1 32 18 28 26 4 24 16 13 2 15 12 5 27 10 23 8 7 9 25 17 30 0
0 11 14 33 19 22 3 6 29 31 21 20 1 32 18 28 26 4 24 16 13 2 15 12 5 27 10 23 8 7 9 25 17 30 0
0 11 14 33 19 22 3 6 29 31 21 20 1 32 18 28 26 4 24 16 13 2 15 12 5 27 10 23 8 7 9 25 17 30 0
0 11 14 33 19 22 3 6 29 31 21 20 1 32 18 28 26 4 24 16 13 2 15 12 5 27 10 23 8 7 9 25 17 30 0
0 11 14 33 19 22 3 6 29 31 21 20 1 32 18 28 26 4 24 16 13 2 15 12 5 27 10 23 8 7 9 25 17 30 0
0 11 14 33 19 22 3 6 29 31 21 20 1 32 18 28 26 4 24 16 13 2 15 12 5 27 10 23 8 7 9 25 17 30 0
0 11 14 33 19 22 3 6 29 31 21 20 1 32 18 28 26 4 24 16 13 2 15 12 5 27 10 23 8 7 9 25 17 30 0
0 11 14 33 19 22 3 6 29 31 21 20 1 32 18 28 26 4 24 16 13 2 15 12 5 27 10 23 8 7 9 25 17 30 0
0 11 14 33 19 22 3 6 29 31 21 20 1 32 18 28 26 4 24 16 13 2 15 12 5 27 10 23 8 7 9 25 17 30 0
0 11 14 33 19 22 3 6 29 31 21 20 1 32 18 28 26 4 24 16 13 2 15 12 5 27 10 23 8 7 9 25 17 30 0
0 11 14 33 19 22 3 6 29 31 21 20 1 32 18 28 26 4 24 16 13 2 15 12 5 27 10 23 8 7 9 25 17 30 0
0 11 14 33 19 22 3 6 29 31 21 20 1 32 18 28 26 4 24 16 13 2 15 12 5 27 10 23 8 7 9 25 17 30 0
0 11 14 33 19 22 3 6 29 31 21 20 1 32 18 28 26 4 24 16 13 2 15 12 5 27 10 23 8 7 9 25 17 30 0
0 11 14 33 19 22 3 6 29 31 21 20 1 32 18 28 26 4 24 16 13 2 15 12 5 27 10 23 8 7 9 25 17 30 0
0 11 14 33 19 22 3 6 29 31 21 20 1 32 18 28 26 4 24 16 13 2 15 12 5 27 10 23 8 7 9 25 17 30 0
0 11 14 33 19 22 3 6 29 31 21 20 1 32 18 28 26 4 24 16 13 2 15 12 5 27 10 23 8 7 9 25 17 30 0
0 11 14 33 19 22 3 6 29 31 21 20 1 32 18 28 26 4 24 16 13 2 15 12 5 27 10 23 8 7 9 25 17 30 0
0 11 14 33 19 22 3 6 29 31 21 20 1 32 18 28 26 4 24 16 13 2 15 12 5 27 10 23 8 7 9 25 17 30 0
0 11 14 33 19 22 3 6 29 31 21 20 1 32 18 28 26 4 24 16 13 2 15 12 5 27 10 23 8 7 9 25 17 30 0
0 11 14 33 19 22 3 6 29 31 21 20 1 32 18 28 26 4 24 16 13 2 15 12 5 27 10 23 8 7 9 25 17 30 0
0 11 14 33 19 22 3 6 29 31 21 20 1 32 18 28 26 4 24 16 13 2 15 12 5 27 10 23 8 7 9 25 17 30 0
0 11 14 33 19 22 3 6 29 31 21 20 1 32 18 28 26 4 24 16 13 2 15 12 5 27 10 23 8 7 9 25 17 30 0
0 11 14 33 19 22 3 6 29 31 21 20 1 32 18 28 26 4 24 16 13 2 15 12 5 27 10 23 8 7 9 25 17 30 0
0 11 14 33 19 22 3 6 29 31 21 20 1 32 18 28 26 4 24 16 13 2 15 12 5 27 10 23 8 7 9 25 17 30 0
0 11 14 33 19 22 3 6 29 31 21 20 1 32 18 28 26 4 24 16 13 2 15 12 5 27 10 23 8 7 9 25 17 30 0
0 11 14 33 19 22 3 6 29 31 21 20 1 32 18 28 26 4 24 16 13 2 15 12 5 27 10 23 8 7 9 25 17 30 0
0 11 14 33 19 22 3 6 29 31 21 20 1 32 18 28 26 4 24 16 13 2 15 12 5 27 10 23 8 7 9 25 17 30 0
0 11 14 33 19 22 3 6 29 31 21 20 1 32 18 28 26 4 24 16 13 2 15 12 5 27 10 23 8 7 9 25 17 30 0
0 11 14 33 19 22 3 6 29 31 21 20 1 32 18 28 26 4 24 16 13 2 15 12 5 27 10 23 8 7 9 25 17 30 0
0 11 14 33 19 22 3 6 29 31 21 20 1 32 18 28 26 4 24 16 13 2 15 12 5 27 10 23 8 7 9 25 17 30 0
0 11 14 33 19 22 3 6 29 31 21 20 1 32 18 28 26 4 24 16 13 2 15 12 5 27 10 23 8 7 9 25 17 30 0
0 11 14 33 19 22 3 6 29 31 21 20 1 32 18 28 26 4 24 16 13 2 15 12 5 27 10 23 8 7 9 25 17 30 0
0 11 14 33 19 22 3 6 29 31 21 20 1 32 18 28 26 4 24 16 13 2 15 12 5 27 10 23 8 7 9 25 17 30 0
0 11 14 33 19 22 3 6 29 31 21 20 1 32 18 28 26 4 24 16 13 2 15 12 5 27 10 23 8 7 9 25 17 30 0
0 11 14 33 19 22 3 6 29 31 21 20 1 32 18 28 26 4 24 16 13 2 15 12 5 27 10 23 8 7 9 25 17 30 0
0 11 14 33 19 22 3 6 29 31 21 20 1 32 18 28 26 4 24 16 13 2 15 12 5 27 10 23 8 7 9 25 17 30 0
0 11 14 33 19 22 3 6 29 31 21 20 1 32 18 28 26 4 24 16 13 2 15 12 5 27 10 23 8 7 9 25 17 30 0
0 11 14 33 19 22 3 6 29 31 21 20 1 32 18 28 26 4 24 16 13 2 15 12 5 27 10 23 8 7 9 25 17 30 0
0 11 14 33 19 22 3 6 29 31 21 20 1 32 18 28 26 4 24 16 13 2 15 12 5 27 10 23 8 7 9 25 17 30 0
0 11 14 33 19 22 3 6 29 31 21 20 1 32 18 28 26 4 24 16 13 2 15 12 5 27 10 23 8 7 9 25 17 30 0
0 11 14 33 19 22 3 6 29 31 21 20 1 32 18 28 26 4 24 16 13 2 15 12 5 27 10 23 8 7 9 25 17 30 0
0 11 14 33 19 22 3 6 29 31 21 20 1 32 18 28 26 4 24 16 13 2 15 12 5 27 10 23 8 7 9 25 17 30 0
0 11 14 33 19 22 3 6 29 31 21 20 1 32 18 28 26 4 24 16 13 2 15 12 5 27 10 23 8 7 9 25 17 30 0
0 11 14 33 19 22 3 6 29 31 21 20 1 32 18 28 26 4 24 16 13 2 15 12 5 27 10 23 8 7 9 25 17 30 0
0 11 14 33 19 22 3 6 29 31 21 20 1 32 18 28 26 4 24 16 13 2 15 12 5 27 10 23 8 7 9 25 17 30 0
0 11 14 33 19 22 3 6 29 31 21 20 1 32 18 28 26 4 24 16 13 2 15 12 5 27 10 23 8 7 9 25 17 30 0
0 11 14 33 19 22 3 6 29 31 21 20 1 32 18 28 26 4 24 16 13 2 15 12 5 27 10 23 8 7 9 25 17 30 0
0 11 14 33 19 22 3 6 29 31 21 20 1 32 18 28 26 4 24 16 13 2 15 12 5 27 10 23 8 7 9 25 17 30 0
0 11 14 33 19 22 3 6 29 31 21 20 1 32 18 28 26 4 24 16 13 2 15 12 5 27 10 23 8 7 9 25 17 30 0
0 11 14 33 19 22 3 6 29 31 21 20 1 32 18 28 26 4 24 16 13 2 15 12 5 27 10 23 8 7 9 25 17 30 0
0 11 14 33 19 22 3 6 29 31 21 20 1 32 18 28 26 4 24 16 13 2 15 12 5 27 10 23 8 7 9 25 17 30 0
0 11 14 33 19 22 3 6 29 31 21 20 1 32 18 28 26 4 24 16 13 2 15 12 5 27 10 23 8 7 9 25 17 30 0
0 11 14 33 19 22 3 6 29 31 21 20 1 32 18 28 26 4 24 16 13 2 15 12 5 27 10 23 8 7 9 25 17 30 0
0 11 14 33 19 22 3 6 29 31 21 20 1 32 18 28 26 4 24 16 13 2 15 12 5 27 10 23 8 7 9 25 17 30 0
0 11 14 33 19 22 3 6 29 31 21 20 1 32 18 28 26 4 24 16 13 2 15 12 5 27 10 23 8 7 9 25 17 30 0
0 11 14 33 19 22 3 6 29 31 21 20 1 32 18 28 26 4 24 16 13 2 15 12 5 27 10 23 8 7 9 25 17 30 0
0 11 14 33 19 22 3 6 29 31 21 20 1 32 18 28 26 4 24 16 13 2 15 12 5 27 10 23 8 7 9 25 17 30 0
0 11 14 33 19 22 3 6 29 31 21 20 1 32 18 28 26 4 24 16 13 2 15 12 5 27 10 23 8 7 9 25 17 30 0
0 11 14 33 19 22 3 6 29 31 21 20 1 32 18 28 26 4 24 16 13 2 15 12 5 27 10 23 8 7 9 25 17 30 0
0 11 14 33 19 22 3 6 29 31 21 20 1 32 18 28 26 4 24 16 13 2 15 12 5 27 10 23 8 7 9 25 17 30 0
0 11 14 33 19 22 3 6 29 31 21 20 1 32 18 28 26 4 24 16 13 2 15 12 5 27 10 23 8 7 9 25 17 30 0
0 11 14 33 19 22 3 6 29 31 21 20 1 32 18 28 26 4 24 16 13 2 15 12 5 27 10 23 8 7 9 25 17 30 0
0 11 14 33 19 22 3 6 29 31 21 20 1 32 18 28 26 4 24 16 13 2 15 12 5 27 10 23 8 7 9 25 17 30 0
0 11 14 33 19 22 3 6 29 31 21 20 1 32 18 28 26 4 24 16 13 2 15 12 5 27 10 23 8 7 9 25 17 30 0
0 11 14 33 19 22 3 6 29 31 21 20 1 32 18 28 26 4 24 16 13 2 15 12 5 27 10 23 8 7 9 25 17 30 0
0 11 14 33 19 22 3 6 29 31 21 20 1 32 18 28 26 4 24 16 13 2 15 12 5 27 10 23 8 7 9 25 17 30 0
0 11 14 33 19 22 3 6 29 31 21 20 1 32 18 28 26 4 24 16 13 2 15 12 5 27 10 23 8 7 9 25 17 30 0
0 11 14 33 19 22 3 6 29 31 21 20 1 32 18 28 26 4 24 16 13 2 15 12 5 27 10 23 8 7 9 25 17 30 0
0 11 14 33 19 22 3 6 29 31 21 20 1 32 18 28 26 4 24 16 13 2 15 12 5 27 10 23 8 7 9 25 17 30 0
0 11 14 33 19 22 3 6 29 31 21 20 1 32 18 28 26 4 24 16 13 2 15 12 5 27 10 23 8 7 9 25 17 30 0
0 11 14 33 19 22 3 6 29 31 21 20 1 32 18 28 26 4 24 16 13 2 15 12 5 27 10 23 8 7 9 25 17 30 0
0 11 14 33 19 22 3 6 29 31 21 20 1 32 18 28 26 4 24 16 13 2 15 12 5 27 10 23 8 7 9 25 17 30 0
0 11 14 33 19 22 3 6 29 31 21 20 1 32 18 28 26 4 24 16 13 2 15 12 5 27 10 23 8 7 9 25 17 30 0
0 11 14 33 19 22 3 6 29 31 21 20 1 32 18 28 26 4 24 16 13 2 15 12 5 27 10 23 8 7 9 25 17 30 0
0 11 14 33 19 22 3 6 29 31 21 20 1 32 18 28 26 4 24 16 13 2 15 12 5 27 10 23 8 7 9 25 17 30 0
0 11 14 33 19 22 3 6 29 31 21 20 1 32 18 28 26 4 24 16 13 2 15 12 5 27 10 23 8 7 9 25 17 30 0
0 11 14 33 19 22 3 6 29 31 21 20 1 32 18 28 26 4 24 16 13 2 15 12 5 27 10 23 8 7 9 25 17 30 0
0 11 14 33 19 22 3 6 29 31 21 20 1 32 18 28 26 4 24 16 13 2 15 12 5 27 10 23 8 7 9 25 17 30 0
0 11 14 33 19 22 3 6 29 31 21 20 1 32 18 28 26 4 24 16 13 2 15 12 5 27 10 23 8 7 9 25 17 30 0
0 11 14 33 19 22 3 6 29 31 21 20 1 32 18 28 26 4 24 16 13 2 15 12 5 27 10 23 8 7 9 25 17 30 0
0 11 14 33 19 22 3 6 29 31 21 20 1 32 18 28 26 4 24 16 13 2 15 12 5 27 10 23 8 7 9 25 17 30 0
0 11 14 33 19 22 3 6 29 31 21 20 1 32 18 28 26 4 24 16 13 2 15 12 5 27 10 23 8 7 9 25 17 30 0
0 11 14 33 19 22 3 6 29 31 21 20 1 32 18 28 26 4 24 16 13 2 15 12 5 27 10 23 8 7 9 25 17 30 0
0 11 14 33 19 22 3 6 29 31 21 20 1 32 18 28 26 4 24 16 13 2 15 12 5 27 10 23 8 7 9 25 17 30 0
0 11 14 33 19 22 3 6 29 31 21 20 1 32 18 28 26 4 24 16 13 2 15 12 5 27 10 23 8 7 9 25 17 30 0
0 11 14 33 19 22 3 6 29 31 21 20 1 32 18 28 26 4 24 16 13 2 15 12 5 27 10 23 8 7 9 25 17 30 0
0 11 14 33 19 22 3 6 29 31 21 20 1 32 18 28 26 4 24 16 13 2 15 12 5 27 10 23 8 7 9 25 17 30 0
0 11 14 33 19 22 3 6 29 31 21 20 1 32 18 28 26 4 24 16 13 2 15 12 5 27 10 23 8 7 9 25 17 30 0
0 11 14 33 19 22 3 6 29 31 21 20 1 32 18 28 26 4 24 16 13 2 15 12 5 27 10 23 8 7 9 25 17 30 0
0 11 14 33 19 22 3 6 29 31 21 20 1 32 18 28 26 4 24 16 13 2 15 12 5 27 10 23 8 7 9 25 17 30 0
0 11 14 33 19 22 3 6 29 31 21 20 1 32 18 28 26 4 24 16 13 2 15 12 5 27 10 23 8 7 9 25 17 30 0
0 11 14 33 19 22 3 6 29 31 21 20 1 32 18 28 26 4 24 16 13 2 15 12 5 27 10 23 8 7 9 25 17 30 0
0 11 14 33 19 22 3 6 29 31 21 20 1 32 18 28 26 4 24 16 13 2 15 12 5 27 10 23 8 7 9 25 17 30 0
0 11 14 33 19 22 3 6 29 31 21 20 1 32 18 28 26 4 24 16 13 2 15 12 5 27 10 23 8 7 9 25 17 30 0
0 11 14 33 19 22 3 6 29 31 21 20 1 32 18 28 26 4 24 16 13 2 15 12 5 27 10 23 8 7 9 25 17 30 0
0 11 14 33 19 22 3 6 29 31 21 20 1 32 18 28 26 4 24 16 13 2 15 12 5 27 10 23 8 7 9 25 17 30 0
0 11 14 33 19 22 3 6 29 31 21 20 1 32 18 28 26 4 24 16 13 2 15 12 5 27 10 23 8 7 9 25 17 30 0
0 11 14 33 19 22 3 6 29 31 21 20 1 32 18 28 26 4 24 16 13 2 15 12 5 27 10 23 8 7 9 25 17 30 0
0 11 14 33 19 22 3 6 29 31 21 20 1 32 18 28 26 4 24 16 13 2 15 12 5 27 10 23 8 7 9 25 17 30 0
0 11 14 33 19 22 3 6 29 31 21 20 1 32 18 28 26 4 24 16 13 2 15 12 5 27 10 23 8 7 9 25 17 30 0
0 11 14 33 19 22 3 6 29 31 21 20 1 32 18 28 26 4 24 16 13 2 15 12 5 27 10 23 8 7 9 25 17 30 0
0 11 14 33 19 22 3 6 29 31 21 20 1 32 18 28 26 4 24 16 13 2 15 12 5 27 10 23 8 7 9 25 17 30 0
0 11 14 33 19 22 3 6 29 31 21 20 1 32 18 28 26 4 24 16 13 2 15 12 5 27 10 23 8 7 9 25 17 30 0
0 11 14 33 19 22 3 6 29 31 21 20 1 32 18 28 26 4 24 16 13 2 15 12 5 27 10 23 8 7 9 25 17 30 0
0 11 14 33 19 22 3 6 29 31 21 20 1 32 18 28 26 4 24 16 13 2 15 12 5 27 10 23 8 7 9 25 17 30 0
0 11 14 33 19 22 3 6 29 31 21 20 1 32 18 28 26 4 24 16 13 2 15 12 5 27 10 23 8 7 9 25 17 30 0
0 11 14 33 19 22 3 6 29 31 21 20 1 32 18 28 26 4 24 16 13 2 15 12 5 27 10 23 8 7 9 25 17 30 0
0 11 14 33 19 22 3 6 29 31 21 20 1 32 18 28 26 4 24 16 13 2 15 12 5 27 10 23 8 7 9 25 17 30 0
0 11 14 33 19 22 3 6 29 31 21 20 1 32 18 28 26 4 24 16 13 2 15 12 5 27 10 23 8 7 9 25 17 30 0
0 11 14 33 19 22 3 6 29 31 21 20 1 32 18 28 26 4 24 16 13 2 15 12 5 27 10 23 8 7 9 25 17 30 0
0 11 14 33 19 22 3 6 29 31 21 20 1 32 18 28 26 4 24 16 13 2 15 12 5 27 10 23 8 7 9 25 17 30 0
0 11 14 33 19 22 3 6 29 31 21 20 1 32 18 28 26 4 24 16 13 2 15 12 5 27 10 23 8 7 9 25 17 30 0
0 11 14 33 19 22 3 6 29 31 21 20 1 32 18 28 26 4 24 16 13 2 15 12 5 27 10 23 8 7 9 25 17 30 0
0 11 14 33 19 22 3 6 29 31 21 20 1 32 18 28 26 4 24 16 13 2 15 12 5 27 10 23 8 7 9 25 17 30 0
0 11 14 33 19 22 3 6 29 31 21 20 1 32 18 28 26 4 24 16 13 2 15 12 5 27 10 23 8 7 9 25 17 30 0
0 11 14 33 19 22 3 6 29 31 21 20 1 32 18 28 26 4 24 16 13 2 15 12 5 27 10 23 8 7 9 25 17 30 0
0 11 14 33 19 22 3 6 29 31 21 20 1 32 18 28 26 4 24 16 13 2 15 12 5 27 10 23 8 7 9 25 17 30 0
0 11 14 33 19 22 3 6 29 31 21 20 1 32 18 28 26 4 24 16 13 2 15 12 5 27 10 23 8 7 9 25 17 30 0
0 11 14 33 19 22 3 6 29 31 21 20 1 32 18 28 26 4 24 16 13 2 15 12 5 27 10 23 8 7 9 25 17 30 0
0 11 14 33 19 22 3 6 29 31 21 20 1 32 18 28 26 4 24 16 13 2 15 12 5 27 10 23 8 7 9 25 17 30 0
0 11 14 33 19 22 3 6 29 31 21 20 1 32 18 28 26 4 24 16 13 2 15 12 5 27 10 23 8 7 9 25 17 30 0
0 11 14 33 19 22 3 6 29 31 21 20 1 32 18 28 26 4 24 16 13 2 15 12 5 27 10 23 8 7 9 25 17 30 0
0 11 14 33 19 22 3 6 29 31 21 20 1 32 18 28 26 4 24 16 13 2 15 12 5 27 10 23 8 7 9 25 17 30 0
0 11 14 33 19 22 3 6 29 31 21 20 1 32 18 28 26 4 24 16 13 2 15 12 5 27 10 23 8 7 9 25 17 30 0
0 11 14 33 19 22 3 6 29 31 21 20 1 32 18 28 26 4 24 16 13 2 15 12 5 27 10 23 8 7 9 25 17 30 0
0 11 14 33 19 22 3 6 29 31 21 20 1 32 18 28 26 4 24 16 13 2 15 12 5 27 10 23 8 7 9 25 17 30 0
0 11 14 33 19 22 3 6 29 31 21 20 1 32 18 28 26 4 24 16 13 2 15 12 5 27 10 23 8 7 9 25 17 30 0
0 11 14 33 19 22 3 6 29 31 21 20 1 32 18 28 26 4 24 16 13 2 15 12 5 27 10 23 8 7 9 25 17 30 0
0 11 14 33 19 22 3 6 29 31 21 20 1 32 18 28 26 4 24 16 13 2 15 12 5 27 10 23 8 7 9 25 17 30 0
0 11 14 33 19 22 3 6 29 31 21 20 1 32 18 28 26 4 24 16 13 2 15 12 5 27 10 23 8 7 9 25 17 30 0
0 11 14 33 19 22 3 6 29 31 21 20 1 32 18 28 26 4 24 16 13 2 15 12 5 27 10 23 8 7 9 25 17 30 0
0 11 14 33 19 22 3 6 29 31 21 20 1 32 18 28 26 4 24 16 13 2 15 12 5 27 10 23 8 7 9 25 17 30 0
0 11 14 33 19 22 3 6 29 31 21 20 1 32 18 28 26 4 24 16 13 2 15 12 5 27 10 23 8 7 9 25 17 30 0
0 11 14 33 19 22 3 6 29 31 21 20 1 32 18 28 26 4 24 16 13 2 15 12 5 27 10 23 8 7 9 25 17 30 0
0 11 14 33 19 22 3 6 29 31 21 20 1 32 18 28 26 4 24 16 13 2 15 12 5 27 10 23 8 7 9 25 17 30 0
0 11 14 33 19 22 3 6 29 31 21 20 1 32 18 28 26 4 24 16 13 2 15 12 5 27 10 23 8 7 9 25 17 30 0
0 11 14 33 19 22 3 6 29 31 21 20 1 32 18 28 26 4 24 16 13 2 15 12 5 27 10 23 8 7 9 25 17 30 0
0 11 14 33 19 22 3 6 29 31 21 20 1 32 18 28 26 4 24 16 13 2 15 12 5 27 10 23 8 7 9 25 17 30 0
0 11 14 33 19 22 3 6 29 31 21 20 1 32 18 28 26 4 24 16 13 2 15 12 5 27 10 23 8 7 9 25 17 30 0
0 11 14 33 19 22 3 6 29 31 21 20 1 32 18 28 26 4 24 16 13 2 15 12 5 27 10 23 8 7 9 25 17 30 0
0 11 14 33 19 22 3 6 29 31 21 20 1 32 18 28 26 4 24 16 13 2 15 12 5 27 10 23 8 7 9 25 17 30 0
0 11 14 33 19 22 3 6 29 31 21 20 1 32 18 28 26 4 24 16 13 2 15 12 5 27 10 23 8 7 9 25 17 30 0
0 11 14 33 19 22 3 6 29 31 21 20 1 32 18 28 26 4 24 16 13 2 15 12 5 27 10 23 8 7 9 25 17 30 0
0 11 14 33 19 22 3 6 29 31 21 20 1 32 18 28 26 4 24 16 13 2 15 12 5 27 10 23 8 7 9 25 17 30 0
0 11 14 33 19 22 3 6 29 31 21 20 1 32 18 28 26 4 24 16 13 2 15 12 5 27 10 23 8 7 9 25 17 30 0
0 11 14 33 19 22 3 6 29 31 21 20 1 32 18 28 26 4 24 16 13 2 15 12 5 27 10 23 8 7 9 25 17 30 0
0 11 14 33 19 22 3 6 29 31 21 20 1 32 18 28 26 4 24 16 13 2 15 12 5 27 10 23 8 7 9 25 17 30 0
0 11 14 33 19 22 3 6 29 31 21 20 1 32 18 28 26 4 24 16 13 2 15 12 5 27 10 23 8 7 9 25 17 30 0
0 11 14 33 19 22 3 6 29 31 21 20 1 32 18 28 26 4 24 16 13 2 15 12 5 27 10 23 8 7 9 25 17 30 0
0 11 14 33 19 22 3 6 29 31 21 20 1 32 18 28 26 4 24 16 13 2 15 12 5 27 10 23 8 7 9 25 17 30 0
0 11 14 33 19 22 3 6 29 31 21 20 1 32 18 28 26 4 24 16 13 2 15 12 5 27 10 23 8 7 9 25 17 30 0
0 11 14 33 19 22 3 6 29 31 21 20 1 32 18 28 26 4 24 16 13 2 15 12 5 27 10 23 8 7 9 25 17 30 0
0 11 14 33 19 22 3 6 29 31 21 20 1 32 18 28 26 4 24 16 13 2 15 12 5 27 10 23 8 7 9 25 17 30 0
0 11 14 33 19 22 3 6 29 31 21 20 1 32 18 28 26 4 24 16 13 2 15 12 5 27 10 23 8 7 9 25 17 30 0
0 11 14 33 19 22 3 6 29 31 21 20 1 32 18 28 26 4 24 16 13 2 15 12 5 27 10 23 8 7 9 25 17 30 0
0 11 14 33 19 22 3 6 29 31 21 20 1 32 18 28 26 4 24 16 13 2 15 12 5 27 10 23 8 7 9 25 17 30 0
0 11 14 33 19 22 3 6 29 31 21 20 1 32 18 28 26 4 24 16 13 2 15 12 5 27 10 23 8 7 9 25 17 30 0
0 11 14 33 19 22 3 6 29 31 21 20 1 32 18 28 26 4 24 16 13 2 15 12 5 27 10 23 8 7 9 25 17 30 0
0 11 14 33 19 22 3 6 29 31 21 20 1 32 18 28 26 4 24 16 13 2 15 12 5 27 10 23 8 7 9 25 17 30 0
0 11 14 33 19 22 3 6 29 31 21 20 1 32 18 28 26 4 24 16 13 2 15 12 5 27 10 23 8 7 9 25 17 30 0
0 11 14 33 19 22 3 6 29 31 21 20 1 32 18 28 26 4 24 16 13 2 15 12 5 27 10 23 8 7 9 25 17 30 0
0 11 14 33 19 22 3 6 29 31 21 20 1 32 18 28 26 4 24 16 13 2 15 12 5 27 10 23 8 7 9 25 17 30 0
0 11 14 33 19 22 3 6 29 31 21 20 1 32 18 28 26 4 24 16 13 2 15 12 5 27 10 23 8 7 9 25 17 30 0
0 11 14 33 19 22 3 6 29 31 21 20 1 32 18 28 26 4 24 16 13 2 15 12 5 27 10 23 8 7 9 25 17 30 0
0 11 14 33 19 22 3 6 29 31 21 20 1 32 18 28 26 4 24 16 13 2 15 12 5 27 10 23 8 7 9 25 17 30 0
0 11 14 33 19 22 3 6 29 31 21 20 1 32 18 28 26 4 24 16 13 2 15 12 5 27 10 23 8 7 9 25 17 30 0
0 11 14 33 19 22 3 6 29 31 21 20 1 32 18 28 26 4 24 16 13 2 15 12 5 27 10 23 8 7 9 25 17 30 0
0 11 14 33 19 22 3 6 29 31 21 20 1 32 18 28 26 4 24 16 13 2 15 12 5 27 10 23 8 7 9 25 17 30 0
0 11 14 33 19 22 3 6 29 31 21 20 1 32 18 28 26 4 24 16 13 2 15 12 5 27 10 23 8 7 9 25 17 30 0
0 11 14 33 19 22 3 6 29 31 21 20 1 32 18 28 26 4 24 16 13 2 15 12 5 27 10 23 8 7 9 25 17 30 0
0 11 14 33 19 22 3 6 29 31 21 20 1 32 18 28 26 4 24 16 13 2 15 12 5 27 10 23 8 7 9 25 17 30 0
0 11 14 33 19 22 3 6 29 31 21 20 1 32 18 28 26 4 24 16 13 2 15 12 5 27 10 23 8 7 9 25 17 30 0
0 11 14 33 19 22 3 6 29 31 21 20 1 32 18 28 26 4 24 16 13 2 15 12 5 27 10 23 8 7 9 25 17 30 0
0 11 14 33 19 22 3 6 29 31 21 20 1 32 18 28 26 4 24 16 13 2 15 12 5 27 10 23 8 7 9 25 17 30 0
0 11 14 33 19 22 3 6 29 31 21 20 1 32 18 28 26 4 24 16 13 2 15 12 5 27 10 23 8 7 9 25 17 30 0
0 11 14 33 19 22 3 6 29 31 21 20 1 32 18 28 26 4 24 16 13 2 15 12 5 27 10 23 8 7 9 25 17 30 0
0 11 14 33 19 22 3 6 29 31 21 20 1 32 18 28 26 4 24 16 13 2 15 12 5 27 10 23 8 7 9 25 17 30 0
0 11 14 33 19 22 3 6 29 31 21 20 1 32 18 28 26 4 24 16 13 2 15 12 5 27 10 23 8 7 9 25 17 30 0
0 11 14 33 19 22 3 6 29 31 21 20 1 32 18 28 26 4 24 16 13 2 15 12 5 27 10 23 8 7 9 25 17 30 0
0 11 14 33 19 22 3 6 29 31 21 20 1 32 18 28 26 4 24 16 13 2 15 12 5 27 10 23 8 7 9 25 17 30 0
0 11 14 33 19 22 3 6 29 31 21 20 1 32 18 28 26 4 24 16 13 2 15 12 5 27 10 23 8 7 9 25 17 30 0
0 11 14 33 19 22 3 6 29 31 21 20 1 32 18 28 26 4 24 16 13 2 15 12 5 27 10 23 8 7 9 25 17 30 0
0 11 14 33 19 22 3 6 29 31 21 20 1 32 18 28 26 4 24 16 13 2 15 12 5 27 10 23 8 7 9 25 17 30 0
0 11 14 33 19 22 3 6 29 31 21 20 1 32 18 28 26 4 24 16 13 2 15 12 5 27 10 23 8 7 9 25 17 30 0
0 11 14 33 19 22 3 6 29 31 21 20 1 32 18 28 26 4 24 16 13 2 15 12 5 27 10 23 8 7 9 25 17 30 0
0 11 14 33 19 22 3 6 29 31 21 20 1 32 18 28 26 4 24 16 13 2 15 12 5 27 10 23 8 7 9 25 17 30 0
0 11 14 33 19 22 3 6 29 31 21 20 1 32 18 28 26 4 24 16 13 2 15 12 5 27 10 23 8 7 9 25 17 30 0
0 11 14 33 19 22 3 6 29 31 21 20 1 32 18 28 26 4 24 16 13 2 15 12 5 27 10 23 8 7 9 25 17 30 0
0 11 14 33 19 22 3 6 29 31 21 20 1 32 18 28 26 4 24 16 13 2 15 12 5 27 10 23 8 7 9 25 17 30 0
0 11 14 33 19 22 3 6 29 31 21 20 1 32 18 28 26 4 24 16 13 2 15 12 5 27 10 23 8 7 9 25 17 30 0
0 11 14 33 19 22 3 6 29 31 21 20 1 32 18 28 26 4 24 16 13 2 15 12 5 27 10 23 8 7 9 25 17 30 0
0 11 14 33 19 22 3 6 29 31 21 20 1 32 18 28 26 4 24 16 13 2 15 12 5 27 10 23 8 7 9 25 17 30 0
0 11 14 33 19 22 3 6 29 31 21 20 1 32 18 28 26 4 24 16 13 2 15 12 5 27 10 23 8 7 9 25 17 30 0
0 11 14 33 19 22 3 6 29 31 21 20 1 32 18 28 26 4 24 16 13 2 15 12 5 27 10 23 8 7 9 25 17 30 0
0 11 14 33 19 22 3 6 29 31 21 20 1 32 18 28 26 4 24 16 13 2 15 12 5 27 10 23 8 7 9 25 17 30 0
