2.79125
2.51396
2.10247
1.18827
1.41391
1.41391
1.41391
1.41391
1.35834
1.70514
1.70514
2.40669
2.40669
3.00759
2.64889
1.81142
1.81142
1.81142
1.81142
1.81142
2.49638
2.49638
2.49638
2.51743
2.51743
2.51743
2.05651
2.05651
2.05651
2.37602
2.59726
3.04974
3.04974
2.43529
1.63468
1.63468
2.44235
2.44235
1.72158
1.91008
2.02876
2.36966
1.54199
0.812928
0.812928
0.812928
0.627312
0.627312
0.627312
0.627312
0.627312
0.627312
0.627312
0.627312
0.627312
0.627312
0.796886
0.796886
1.42192
0.806077
0.806077
1.58873
1.63279
1.28359
1.28359
0.853837
0.472503
0.472503
0.472503
0.472503
0.472503
0.947457
0.421549
1.19151
1.19151
1.04009
1.04009
1.04009
0.595923
0.683506
0.683506
0.177833
0.177833
0.177833
0.177833
0.177833
0.177833
0.177833
0.693957
0.693957
0.693957
0.693957
0.693957
0.693957
0.693957
0.693957
0.693957
0.693957
0.926761
0.926761
0.994791
0.994791
1.24448
1.24448
1.58065
1.58065
1.70338
1.68511
1.68511
1.68511
2.04449
1.97487
1.61939
1.90253
1.10153
1.10153
1.10153
1.10153
1.10153
1.59792
1.59792
1.57131
1.86044
1.86044
1.86044
1.32247
1.32247
1.32247
1.32247
1.03315
0.574558
0.574558
1.21688
1.4453
0.668391
0.929739
0.929739
0.929739
0.929739
0.929739
0.929739
0.609747
0.609747
0.609747
0.609747
0.609747
0.609747
0.609747
0.609747
1.43276
2.23435
2.23435
2.23435
2.23435
2.46966
2.46966
2.46966
2.46966
2.46966
2.46966
1.37348
1.68173
1.1525
0.970393
0.89089
0.969599
0.969599
0.470434
0.470434
0.470434
0.470434
0.470434
0.470434
1.41739
0.966925
1.0501
1.41148
1.41148
1.41148
0.710561
0.616099
0.616099
0.721894
0.721894
1.37671
1.37671
1.29263
1.29263
1.29263
1.29263
1.29263
1.29263
1.29263
1.29263
1.29263
1.29263
1.29263
1.13142
1.13142
1.34621
1.09121
1.09121
0.812402
0.812402
0.975195
1.17564
1.17564
1.59581
1.59581
1.24478
1.20164
1.20164
0.948397
1.36666
1.36666
0.841604
0.307039
1.18639
0.498204
0.498204
0.498204
0.498204
0.498204
0.498204
0.498204
0.498204
0.498204
0.498204
0.498204
0.498204
0.439962
0.439962
0.616723
0.616723
0.616723
0.616723
0.634229
0.634229
0.565792
0.565792
0.565792
0.565792
0.795653
0.795653
0.76606
1.33311
1.33311
1.27349
2.14428
1.8098
1.8098
1.79974
1.51633
1.51633
1.4017
1.44773
1.44773
1.44773
1.1651
0.849904
0.849904
1.1705
1.65919
2.17874
2.10068
1.19686
1.14154
1.14154
1.14154
1.04759
1.68273
1.03324
0.9739
0.9739
0.9739
1.02189
1.02189
1.02189
1.02189
1.02189
1.48083
1.48083
1.97082
2.07564
1.14195
1.14195
2.02254
1.67093
1.67093
2.16047
2.16047
2.14913
1.7949
1.28476
1.28476
1.6127
1.6127
1.32304
1.18595
1.18595
0.94528
0.94528
0.612682
0.612682
0.612682
0.612682
0.612682
0.612682
0.532031
1.27252
2.40481
1.42782
1.42782
1.42782
1.51311
1.59542
1.66663
1.66663
1.66133
1.6848
1.43403
1.43403
1.43403
1.73455
1.73455
2.24961
1.33842
1.33842
1.51035
2.0025
1.39655
1.39655
0.793958
1.13076
1.20754
1.20754
2.23138
2.23138
3.17383
2.28591
2.31001
2.31001
2.31001
2.31001
1.60634
1.14158
1.86004
2.07866
1.25266
1.17957
1.27823
0.989669
0.989669
1.84775
1.84775
1.88801
2.01277
2.01277
2.19983
1.57471
1.83665
2.5071
2.5071
2.70757
2.70757
2.70757
2.70757
2.30821
2.30821
2.57021
2.57021
2.70341
3.37597
2.75854
3.1054
3.34055
2.68363
1.96681
1.94032
1.35197
1.43591
1.43591
1.2849
0.730686
1.74258
3.26587
2.98512
4.16022
3.87525
3.37197
2.18735
2.18735
2.08963
1.91103
1.91103
1.22164
1.22164
1.44427
1.44427
1.44427
1.14012
1.14012
1.14012
1.14012
1.18197
1.18197
0.817411
0.817411
0.817411
0.817411
0.817411
1.3266
1.55075
1.82185
1.82185
1.31784
1.31784
1.31784
1.49917
1.49917
0.747741
0.747741
0.747741
0.887829
0.887829
0.887829
0.915475
0.673424
0.673424
1.45211
1.45211
0.959333
1.08017
1.08017
1.08017
1.39307
1.39307
0.549995
0.966208
0.530662
1.02415
1.02415
1.02415
1.21702
0.711925
0.711925
1.79661
1.28378
1.15737
1.59172
2.04058
2.04058
1.46293
1.46293
1.46293
1.46293
1.46293
0.822911
0.822911
0.822911
0.822911
0.822911
0.49086
0.49086
0.49086
0.49086
0.49086
0.49086
0.49086
0.49086
0.49086
0.49086
1.66369
1.66369
1.95072
2.01244
1.38576
1.34429
1.98213
2.06786
1.97569
1.86609
1.86609
2.22411
2.22411
1.59009
1.59009
1.59009
1.59009
1.59009
1.59009
2.39121
2.39121
1.82743
1.82743
1.91746
1.91746
2.38472
2.38472
1.85898
2.63715
2.76359
2.45298
2.37971
1.81899
1.81899
1.81899
2.21971
2.21971
2.21971
2.22892
2.24944
2.25774
2.7325
2.57495
2.24271
1.93584
2.11008
1.39207
1.39207
0.709086
1.28751
1.44407
1.50714
1.50714
1.82701
1.82701
1.82701
1.82701
1.82701
1.82701
2.72892
3.16409
2.94694
2.94694
3.59561
3.59561
3.65341
3.65341
2.20126
2.05711
2.05711
1.95403
0.935651
0.935651
0.6945
0.461124
0.461124
0.99817
0.99817
0.99817
0.99817
0.99817
0.596622
1.07802
0.867488
0.867488
0.867488
1.01116
0.663048
0.663048
0.663048
0.952635
0.952635
0.952635
0.952635
0.952635
0.952635
0.952635
0.952635
0.952635
1.00947
0.455909
0.455909
0.455909
0.455909
0.418829
0.169912
0.169912
0.169912
0.169912
0.169912
0.169912
0.169912
0.169912
0.734343
0.734343
0.945602
0.945602
1.22473
1.0788
1.0788
1.0788
1.0788
1.0788
1.0788
1.0788
1.36057
1.36057
1.36057
1.16865
1.16865
0.843267
0.843267
1.39559
1.39559
1.33195
0.922071
0.922071
0.626314
0.626314
0.626314
0.626314
0.464974
0.464974
0.464974
0.464974
0.464974
0.464974
0.464974
0.464974
0.464974
0.286224
0.286224
0.286224
0.286224
0.286224
0.286224
0.286224
0.286224
0.286224
0.221879
0.221879
0.221879
0.221879
1.45163
2.08615
2.08615
2.65373
2.59314
2.59314
1.94738
1.94738
1.94738
1.28715
1.4916
1.69843
1.45233
1.00865
1.00865
0.417597
0.417597
0.417597
0.417597
0.417597
0.417597
0.51063
1.62311
2.2382
2.2382
2.2382
2.50041
1.67021
1.17717
1.17717
2.03412
2.03412
1.98131
1.98131
1.21432
1.30328
2.22914
1.51892
0.788839
0.788839
1.68774
2.15242
0.37021
0.70803
0.70803
1.50813
1.06862
1.06862
1.20956
1.39101
1.18345
1.30565
1.30565
1.30565
0.819523
0.819523
0.819523
0.819523
0.819523
0.609753
0.773161
0.754674
0.754674
0.754674
0.754674
1.10015
1.10015
1.10015
1.10015
0.794667
1.2232
1.2232
1.98015
2.64774
3.09871
3.09871
3.09871
2.1971
2.1971
2.1971
2.09648
2.32978
1.35528
1.35528
1.35528
1.35528
1.35528
1.35528
0.792319
0.761301
0.655478
0.798282
1.32284
1.32284
1.63607
1.68524
1.68524
1.68524
1.82259
2.21187
2.65719
2.65719
2.92432
2.92432
2.92432
2.92432
2.92432
2.87205
2.58097
2.58097
2.74278
3.49286
2.95713
2.95713
2.9591
2.97429
2.97429
2.97429
1.64849
1.64849
1.64849
1.70575
2.95162
3.4158
2.98759
3.01015
3.01015
2.70563
2.70563
2.70554
2.32018
1.48127
1.48127
1.24465
1.24465
1.24465
1.24465
1.52915
1.51268
1.61544
1.51467
1.68923
1.42967
1.36048
1.12035
1.12035
1.12035
1.12035
0.911867
0.911867
0.911867
1.77938
2.14722
3.34527
3.34527
2.57789
2.57789
2.57789
2.4867
2.4867
3.13182
1.62181
1.38101
1.46347
1.46347
1.26629
1.26629
0.487276
0.487276
0.487276
0.487276
0.487276
0.487276
0.487276
0.487276
0.487276
0.487276
0.487276
0.487276
0.487276
0.487276
0.487276
0.487276
0.487276
1.03477
1.11402
0.622123
0.622123
0.622123
1.02823
1.02823
2.18151
3.05585
2.67358
2.6839
2.41307
2.26845
2.40202
2.40202
2.51624
2.51624
3.44391
3.44391
2.85819
2.36369
3.47386
3.47386
3.30045
3.31158
3.31158
3.85037
4.53187
4.38745
4.22903
4.22903
4.22903
4.22903
4.28703
4.03002
3.77619
4.0911
4.45794
4.45794
5.06853
5.07352
5.07352
4.1346
4.1346
4.1346
3.13854
3.32846
2.24413
2.65142
2.42173
2.55017
1.96802
1.96802
1.96802
1.96802
1.40777
1.40777
1.40777
1.61585
1.18458
1.29417
1.29417
0.868356
1.68127
1.68127
1.68127
1.68127
1.68127
0.913548
0.913548
1.6233
1.63651
0.924313
1.50308
1.50308
1.50308
1.50308
2.81765
2.27417
1.76648
1.34762
1.34762
1.62269
0.581436
0.581436
0.435641
0.8462
0.8462
0.8462
0.8462
0.8462
0.8462
0.8462
0.8462
0.8462
1.60118
1.60118
1.1003
0.652363
0.652363
0.652363
0.652363
1.02693
1.02693
1.02693
1.02693
1.02693
1.06246
1.46915
1.05505
1.29163
0.553721
0.553721
0.553721
0.428768
0.428768
1.10608
0.749703
0.779443
0.779443
0.779443
0.486025
0.486025
0.486025
0.858067
0.858067
0.858067
1.21532
1.04607
1.04607
1.04607
0.859289
0.859289
0.859289
0.859289
0.859289
0.859289
0.859289
0.613504
0.613504
0.613504
1.04338
0.619648
0.619648
1.16538
1.54342
1.54342
1.38249
2.02038
2.14999
2.14999
2.71602
2.75493
4.03678
3.26255
3.26255
3.26255
3.26255
3.16923
3.69315
3.69315
2.34018
2.09074
1.27199
1.27199
0.565073
0.565073
0.565073
0.835965
0.992425
0.992425
0.992425
1.74293
1.73269
1.73269
2.27528
2.27528
2.63605
3.27664
3.92253
3.92253
3.39299
2.94873
2.94873
2.16438
2.16438
2.02833
2.54014
2.54014
2.79883
2.79883
3.76843
3.36771
3.36771
2.28076
2.85944
2.85944
2.86176
2.97654
3.16027
3.15587
3.15587
2.54794
2.54794
3.41135
3.41135
2.70202
2.26324
2.26324
2.26324
1.86113
0.552987
0.552987
0.552987
1.33511
1.33511
1.51342
2.09456
2.19851
1.83187
1.00104
1.00104
1.00104
1.00104
1.00104
1.00104
1.34492
1.34492
1.34492
1.09051
1.09051
1.09051
2.10757
1.93769
1.13694
1.24105
1.24105
1.24105
1.24105
0.572809
0.778766
1.59418
1.00372
1.00372
1.00372
0.761063
0.63289
0.135766
0.135766
0.135766
0.135766
0.135766
0.135766
0.135766
0.135766
0.135766
0.135766
0.135766
0.135766
0.135766
0.135766
0.135766
0.135766
0.135766
0.699687
0.914137
0.914137
0.914137
0.914137
0.609685
0.609685
0.689434
0.679969
0.679969
0.6689
0.6689
1.39768
1.39768
1.39768
1.99647
1.00261
1.00261
1.00261
1.00261
1.00261
1.00261
1.00261
1.00261
1.00261
0.640841
0.640841
0.876686
1.00616
1.34307
0.94907
0.947698
0.947698
0.753083
0.753083
0.888883
0.644584
0.644584
0.644584
0.644584
1.30675
1.99771
1.99771
1.77328
2.03952
2.03952
2.03952
2.03952
1.89514
1.89514
1.89514
1.80605
1.48966
1.98986
1.51233
1.51233
1.51233
1.51233
1.51233
1.26924
1.68975
1.56664
1.87237
1.35123
0.851706
0.805962
0.805962
0.805962
1.37155
1.37155
1.37155
0.873553
0.873553
1.0903
1.0903
1.0903
2.69188
2.63284
2.75365
2.75365
3.37071
3.61572
3.5224
3.43633
3.43633
3.90346
3.90346
3.90346
4.25085
4.25085
4.00215
4.00215
4.10481
3.9777
4.32398
4.67291
4.67291
4.67291
4.45248
3.98624
3.98624
3.98624
3.98624
3.98624
3.98624
4.59568
5.13676
5.13676
5.4561
5.4561
4.77072
3.60271
3.48442
3.17953
3.17953
4.29973
4.41636
3.9871
3.9871
4.26304
3.82165
3.51448
2.50824
1.93561
2.13846
1.71747
1.24012
1.24012
1.45226
0.879761
0.879761
0.879761
1.36154
1.90799
1.94655
1.94655
1.10273
1.10273
1.10273
1.03093
1.03093
1.22355
1.00152
1.00152
1.00152
2.13916
2.13916
2.13916
2.13916
1.9242
1.9242
1.9242
1.9242
1.92113
1.94809
1.94809
2.03772
2.03772
1.18115
0.672936
0.672936
0.858655
0.858655
1.29135
1.29135
1.29135
1.29135
1.86617
2.24696
2.24696
1.76923
1.76923
1.76923
2.00452
2.00452
2.59854
2.59854
2.68334
3.27783
4.28558
4.28558
4.28558
4.28558
3.81091
3.81091
3.81091
3.82809
3.53803
2.67527
2.43646
0.889566
0.889566
0.889566
0.889566
0.889566
0.889566
1.19997
2.17553
2.17553
2.67826
2.60648
1.46957
1.46957
1.46957
1.46957
0.781158
1.6863
1.21212
1.21212
1.21212
1.21212
0.809338
1.25976
1.25976
1.60969
1.60969
2.67797
2.57095
2.57095
2.02454
3.00289
2.71375
3.89922
3.52306
4.41347
4.41347
4.41347
4.41347
5.05487
4.67019
4.67019
4.4992
3.98263
4.03221
4.48676
4.48676
3.415
3.39411
3.39411
3.49951
3.40253
3.33845
3.33845
2.87853
1.84758
0.617838
0.985653
0.985653
0.985653
0.985653
0.985653
2.06955
1.99195
1.99195
1.99195
1.8516
1.8516
2.00409
2.00409
2.00409
2.21515
2.52283
2.52283
2.49932
1.85947
1.85947
1.85947
1.85947
1.85947
1.85947
1.95738
2.59779
2.05117
1.1956
1.26827
1.26827
1.26827
0.6033
0.6033
0.627403
0.627403
0.627403
0.643433
0.513779
0.513779
0.513779
0.513779
1.12283
1.12283
1.12283
0.577768
0.577768
0.577768
0.577768
0.577768
0.577768
0.577768
0.577768
0.577768
0.826749
0.826749
0.802459
0.802459
0.802459
0.802459
0.802459
1.4469
1.4469
1.4469
1.92206
1.92206
1.92206
1.92206
1.36891
1.36891
1.36891
2.38619
2.77729
3.20577
2.80237
2.80237
2.33852
2.59662
2.81362
2.36573
2.36573
2.36573
1.5657
1.83112
2.13063
2.07917
2.07917
1.48566
2.10449
2.10449
2.10449
3.06859
3.02638
2.40559
2.4656
2.4656
2.4656
1.80992
2.32196
2.16831
2.25098
2.25098
2.62551
2.87608
2.87608
3.00909
3.00909
3.57516
3.49353
2.5198
2.99921
3.34629
2.34912
2.54576
2.54576
2.45309
2.45309
2.97154
2.97154
2.72988
2.75469
2.75469
2.75469
3.70232
3.86149
3.54077
3.54077
3.54077
2.77389
2.7522
2.7522
3.1059
3.1059
3.1059
3.04634
4.30319
4.30319
4.60188
4.67199
4.19657
5.23621
5.28818
5.03374
5.03374
5.03374
5.03374
4.73984
3.95095
4.13919
4.26027
4.46035
4.46035
4.46035
4.46035
5.45328
6.27955
5.81725
4.99487
4.99487
5.60369
5.0711
4.8214
5.35628
5.35628
4.78836
4.78836
4.67361
4.49167
3.77405
3.77405
4.3258
3.47408
3.47408
3.69886
3.69886
3.69886
3.69492
3.69492
4.20096
3.63697
4.10859
4.07092
4.07092
3.62919
3.62919
2.24998
2.24998
3.11004
3.11004
3.11004
3.11004
3.11004
3.11004
3.11004
2.767
3.04591
2.30138
1.98099
1.98099
1.98099
1.98099
1.92166
1.92166
1.92166
2.55104
2.89519
2.68933
2.74223
3.08444
3.08444
3.08444
2.77691
2.85724
3.28187
1.7619
2.15223
2.15223
2.15223
1.52049
1.52049
1.52049
1.52049
2.16036
3.30404
3.30404
3.30404
2.88412
3.21207
2.64955
1.7924
1.7924
1.59298
1.45631
1.45631
1.45631
1.45631
1.46928
1.35152
0.407558
0.407558
0.407558
0.407558
1.1834
0.518428
0.518428
0.518428
0.518428
1.29221
1.29221
0.875714
0.875714
0.875714
0.875714
1.34145
1.96765
2.32775
2.30721
1.75504
0.853073
0.853073
0.853073
0.853073
0.853073
0.853073
1.00011
1.00011
0.676963
0.676963
0.676963
0.676963
0.676963
0.783055
0.783055
0.879485
0.879485
0.888585
0.519115
0.519115
0.519115
0.519115
0.519115
0.519115
0.519115
0.64783
0.980365
0.980365
0.980365
0.980365
1.29344
0.940178
0.940178
1.58864
1.78481
1.78481
1.9624
1.9624
2.17597
2.17597
2.17597
1.89357
1.69548
1.69548
1.66286
1.66286
1.66286
1.97727
1.37882
0.792838
0.792838
0.792838
0.792838
0.792838
0.896421
0.896421
0.896421
0.896421
0.896421
0.896421
0.996762
0.996762
0.996762
0.996762
1.71499
1.833
1.61915
0.988072
0.988072
0.988072
1.08895
1.08895
1.51023
1.20961
1.20961
2.0558
1.86507
1.79371
1.69358
1.69358
1.69358
1.69358
1.94843
1.47811
1.47811
1.47811
1.47811
1.76561
2.14913
2.14913
1.75141
1.75141
1.23186
1.23186
1.37715
2.10927
2.10927
2.10302
2.55238
2.55238
2.35611
1.99159
1.45196
1.45196
1.45196
2.02977
2.78969
2.78969
2.51201
1.90855
2.35217
2.88091
2.67548
2.3525
2.32098
1.84594
2.40457
2.50368
2.50368
2.319
2.16716
2.17228
1.8929
2.49516
2.49516
2.49516
2.51678
2.51678
2.51678
2.60139
1.5843
0.585759
0.585759
0.585759
0.540676
0.540676
0.540676
0.612495
0.612495
0.832596
0.832596
0.705479
0.659576
0.659576
0.869054
0.526769
0.526769
0.526769
0.645535
0.645535
0.918125
1.26039
1.26039
0.884319
0.884319
0.884319
0.667081
1.0962
1.0962
1.85181
1.79982
2.47267
2.47267
2.32213
1.82292
2.4155
2.60649
2.60649
1.5534
1.79286
1.79286
1.79286
1.16691
0.71364
0.71364
0.631163
1.63235
1.63235
1.63235
1.63235
2.72813
2.72813
2.85898
3.25307
3.25307
3.25307
3.25307
2.9696
3.10281
1.77279
1.77279
1.77279
1.87148
1.87148
1.87148
2.90202
2.90202
2.90202
2.69508
2.04261
1.99098
1.99098
1.94938
2.30159
2.3479
2.12521
1.36567
1.54005
1.54005
1.54005
1.54005
1.25947
1.07863
1.07863
0.696348
0.696348
0.696348
0.696348
0.696348
0.929794
0.929794
0.992237
0.992237
0.992237
0.992237
1.4119
0.982675
0.982675
0.982675
0.982675
1.47022
1.47022
1.47022
0.780238
0.780238
0.780238
1.27596
1.08163
1.08163
1.08163
0.986864
1.35967
1.35967
0.736085
0.736085
0.736085
0.87619
0.87619
0.87619
0.87619
0.727029
0.727029
0.345035
1.46178
1.53198
2.26567
2.29505
2.89494
3.68299
3.77047
3.77047
4.18604
3.54591
3.54591
3.3165
3.47558
2.72111
2.72111
2.7616
2.7616
2.60112
2.57869
2.57869
2.5641
2.26055
1.98892
2.43739
2.36698
2.36698
2.44504
2.44504
2.44504
2.62352
2.57543
2.41775
2.10772
2.10772
2.10772
1.9768
1.9768
1.9768
2.00538
2.00538
2.00538
1.557
1.81074
1.03385
1.03385
1.32801
1.0937
0.844083
0.844083
0.844083
0.844083
0.852538
0.852538
0.852538
0.852538
0.852538
0.22946
0.22946
0.22946
0.22946
0.22946
0.22946
0.22946
0.22946
0.22946
0.22946
0.22946
0.935611
0.935611
0.935611
0.935611
0.808502
0.808502
0.808502
0.929932
0.929932
0.929932
0.939202
0.38746
0.38746
0.38746
0.38746
0.637695
0.637695
0.637695
0.637695
0.637695
0.637695
0.637695
0.637695
0.637043
0.940442
0.940442
0.940442
0.940442
0.757715
0.757715
0.871353
1.0756
1.0756
1.27118
0.798103
0.798103
0.779988
0.779988
0.779988
1.18837
1.10239
1.10239
0.923241
0.923241
1.64673
1.78841
1.27831
1.27831
1.27831
1.40205
1.40205
0.662489
0.662489
1.0091
1.36652
2.21512
1.83379
1.83379
1.83379
1.83379
1.83379
1.83379
2.08442
1.27063
0.9285
1.14967
1.14967
0.960614
0.960614
1.25674
1.25674
1.25674
0.719784
1.84991
1.84991
1.54307
1.54307
1.54307
1.54307
0.741708
1.34643
1.1262
1.15803
1.15803
1.75262
1.75262
1.75262
1.75262
1.75262
1.75262
1.80472
1.80472
1.80472
1.80472
1.80472
1.6006
1.67804
1.98039
2.08378
2.08378
1.60247
1.60247
1.60247
1.51195
1.51195
1.38638
1.28858
1.02825
1.79211
2.11633
2.11633
2.47253
2.47253
2.22876
2.22876
2.10937
1.24295
1.55062
1.46552
1.46552
1.46552
1.46552
1.46552
1.1207
1.1207
0.859615
0.832179
0.832179
2.22454
2.22454
2.69937
2.69937
2.52537
2.52537
3.135
3.00253
3.00253
3.00253
3.00253
3.00253
3.04025
2.82572
2.82572
3.69305
4.32763
4.98315
4.98315
4.26098
4.10239
4.26753
4.33836
4.75478
4.75478
4.07746
3.45143
2.91667
2.92436
2.92436
2.92436
2.92436
2.92436
3.21122
2.45586
2.45586
2.45586
2.63393
2.63393
2.63393
2.64883
2.64883
3.81904
3.63251
3.75898
3.75898
3.00213
2.53361
3.08664
3.22861
3.07137
3.45299
3.45299
3.50307
3.32524
3.35644
2.25841
1.41548
1.41548
1.32656
1.32656
1.94376
1.94376
1.94376
2.72014
2.72014
2.7418
3.36402
3.53043
2.96798
2.96798
3.38333
3.38333
3.38333
3.38333
3.15414
3.15414
2.33341
2.33341
2.33341
2.33341
2.33341
2.33341
2.97303
2.35364
2.35364
2.07211
2.07211
2.16019
1.98461
2.38849
2.38827
2.11664
2.11664
2.88163
2.46252
2.53189
2.53189
2.32156
2.32156
1.73359
1.73359
2.51824
2.19361
2.19361
2.19361
2.19361
1.24024
1.24024
0.502061
0.502061
0.502061
0.502061
0.502061
0.917818
1.66596
1.66596
1.93838
1.36664
1.32478
1.32478
1.25714
1.48912
1.48912
2.01959
2.15778
2.15778
2.15778
2.15778
1.76125
2.41618
2.84585
2.84585
2.44325
1.86295
1.86295
2.02161
1.66282
1.66282
0.644389
0.644389
0.644389
0.644389
0.848752
0.57936
1.1587
1.1587
1.1587
1.1587
1.1587
1.41733
1.43254
1.56452
0.561736
0.561736
0.561736
0.561736
0.561736
1.1327
1.1327
1.1327
1.1327
1.1327
1.1327
1.1327
1.1327
1.1327
1.01713
1.01713
1.41191
1.12764
0.336677
0.336677
0.336677
0.336677
1.82236
1.78767
0.934823
0.934823
0.895462
1.31864
1.31864
1.31864
1.33812
1.33812
1.33812
1.09605
1.23797
1.23797
1.52195
1.48665
1.80454
1.07052
1.25668
1.50126
1.50126
0.395726
0.395726
1.29578
1.29578
1.35076
1.35076
1.43243
1.43243
1.43243
1.43243
1.43243
1.83446
1.83446
1.83446
1.05978
1.05978
1.05978
1.05978
1.05978
0.627886
0.627886
1.30869
1.30869
2.04985
2.04985
1.50584
2.40736
2.40736
2.4965
2.4965
2.52674
2.09889
2.09889
2.09889
1.99703
1.89443
2.68406
1.15207
0.681578
1.22726
1.33509
1.27237
0.878106
1.37796
1.37796
1.37796
0.470456
0.470456
0.470456
0.408784
1.61877
1.61877
1.61877
1.61877
1.61877
1.61877
1.61877
0.889278
0.889278
0.889278
0.889278
0.48062
0.48062
0.48062
0.48062
0.948167
0.948167
0.948167
0.948167
0.948167
0.948167
0.948167
0.456525
0.456525
0.765495
0.765495
0.909502
0.967072
0.967072
1.20708
1.20708
0.817786
1.04956
0.962556
0.962556
1.42338
1.42338
1.42338
1.42338
1.6184
1.6184
1.6184
1.79185
1.58115
0.861829
0.91888
0.91888
1.28271
1.28271
1.28271
1.93393
1.93393
1.93393
2.18322
1.45898
1.45898
1.45898
1.44476
1.28773
1.28773
2.55961
3.09624
2.65977
2.65977
2.65977
2.65977
2.65977
2.65909
2.65909
3.54432
2.54316
2.06075
2.06075
1.55326
1.55326
1.55326
2.00416
1.51321
2.2487
1.72888
1.72888
1.50981
1.50981
1.80526
1.80526
2.5042
2.00629
1.28938
0.627384
0.627384
0.627384
0.618089
0.717162
0.717162
0.717162
0.717162
0.717162
0.717162
0.717162
0.717162
0.79751
0.79751
0.79751
0.79751
0.79751
0.79751
0.79751
0.79751
1.94428
1.69218
1.24056
0.19847
0.19847
0.19847
0.19847
0.19847
0.19847
0.19847
0.19847
0.19847
0.19847
0.19847
0.19847
0.19847
0.19847
0.19847
0.19847
0.19847
0.19847
0.19847
0.19847
1.21701
1.32252
1.39301
1.39301
1.42761
1.42761
2.43523
2.915
2.915
2.95393
2.75126
3.13547
2.48262
1.49772
1.39875
1.31578
1.70803
1.70803
1.53399
2.72719
1.92995
1.92995
1.92995
1.42742
1.93754
1.57128
2.18853
2.18853
1.9705
1.9705
0.609018
1.47434
0.817812
0.817812
0.817812
0.817812
0.817812
0.817812
0.486997
1.87414
1.15458
0.835221
0.835221
0.835221
0.835221
0.835221
0.835221
1.25561
1.44121
0.921636
1.49566
0.810125
0.810125
1.06298
1.52975
0.828619
0.828619
1.59151
1.59151
2.38705
2.38705
2.4816
2.57987
2.40746
2.40746
2.40746
3.35332
3.35332
3.23714
3.23714
2.74744
2.74744
2.74744
2.21662
2.4348
2.9468
2.9468
2.39816
2.59796
2.44873
2.44873
2.01122
2.13383
1.70167
0.755409
1.34109
1.66921
1.66921
1.66921
1.66921
1.47731
2.07163
1.54404
1.54404
1.0523
1.28194
1.6128
1.6128
1.0594
1.0594
1.0594
1.0594
2.34186
2.34186
2.21444
2.43201
2.29752
2.29752
2.26903
1.94676
1.94676
1.94676
1.94676
1.85429
1.85429
1.02343
1.02343
0.869852
0.869852
0.869852
1.07662
1.77065
1.16836
1.16836
1.16836
1.16836
1.16836
1.16836
2.04429
2.27687
2.9343
2.12793
0.830883
0.836047
0.836047
1.9592
2.16674
2.98861
3.15611
2.28787
1.78943
1.78943
1.78943
1.78943
2.91866
3.26549
3.34533
3.83114
3.83114
3.73164
4.00351
3.84412
4.26859
4.26859
3.9573
3.9573
3.9573
4.23434
4.01228
4.01228
4.35405
4.35405
2.98691
2.98691
3.14004
2.62495
2.62495
2.26207
2.39964
2.52235
2.52235
2.37812
2.37812
1.07528
1.07528
1.68746
1.68746
2.39674
1.95651
2.33911
2.33911
2.47922
1.88474
0.79779
0.79779
0.781052
0.781052
0.800356
0.485391
0.485391
0.485391
0.466378
0.466378
0.466378
0.466378
0.607172
0.607172
0.607172
0.607172
1.46243
0.717352
0.717352
0.788063
0.788063
1.24966
1.24966
1.24966
1.24966
1.33972
1.33972
1.33972
0.991404
1.1178
1.1178
1.1178
1.1178
2.04337
2.74293
2.34913
2.34913
2.34913
1.5741
1.5741
2.15963
2.31374
3.33285
3.13414
3.15488
3.36299
3.05146
3.05146
3.49587
2.67473
2.57812
2.65138
2.65138
2.41302
2.41302
2.53144
2.53144
2.53144
2.53144
2.80433
3.68218
2.84675
2.03394
2.03394
0.81856
0.81856
0.628023
0.628023
0.628023
0.628023
1.05719
0.423618
0.423618
1.36127
1.36127
1.75778
1.75778
1.84011
1.49552
1.62201
1.62201
1.62201
2.43171
2.43412
2.43412
2.16374
2.16374
2.16374
2.98159
2.98159
2.36123
1.96005
1.96005
1.53541
1.53541
1.67924
1.16859
1.16859
2.17086
2.07257
2.07257
1.74641
1.74641
1.74641
1.01755
1.01755
1.01755
1.01755
0.799736
0.799736
0.799736
0.596035
0.596035
0.596035
0.596035
0.812136
0.812136
0.812136
0.812136
1.41002
1.41002
1.41002
1.41002
1.41002
0.940797
0.940797
0.940797
0.940797
0.960069
0.960069
0.960069
0.960069
0.960069
0.960069
0.960069
1.28596
1.31108
1.31108
1.31108
1.31108
1.35509
1.19305
1.19305
1.19305
0.799298
0.799298
0.799298
0.799298
1.25872
1.73203
1.66114
1.66114
1.66114
1.34917
1.34917
0.552356
0.552356
0.504485
1.41525
1.05111
1.20154
1.01868
1.01868
0.998436
2.05031
1.041
1.041
1.4158
1.94883
1.94883
1.73721
1.53691
1.53691
1.77269
1.61558
1.39011
1.39011
2.61758
2.56601
1.41423
1.41423
1.84217
2.10628
2.13493
2.16273
2.23052
2.23052
2.21709
2.18653
2.18653
1.57134
1.57134
1.57134
1.57134
1.93795
1.89626
1.89626
1.24809
2.00484
2.04719
2.04719
2.04719
1.42454
1.0003
1.0003
1.14788
1.14788
1.14788
1.14788
1.64686
1.27737
1.17717
1.17717
0.902352
0.902352
0.902352
1.14069
1.14069
1.01309
1.01309
1.10434
1.4614
1.60504
1.6303
0.238679
0.238679
0.238679
0.238679
0.238679
0.238679
0.238679
0.238679
0.238679
0.238679
0.238679
0.238679
0.238679
0.238679
0.238679
0.23942
0.23942
0.23942
0.920105
0.920105
1.12143
1.05137
1.05137
1.21196
1.21196
1.21196
1.90117
1.90117
1.39995
1.39995
1.35004
0.981995
0.981995
0.981995
0.981995
1.17557
1.17557
1.17557
1.05222
1.05222
1.22981
1.22981
1.35123
1.80148
3.01526
3.72722
2.84871
1.65592
1.49096
0.903984
1.82356
1.56947
1.81594
2.61257
3.10868
3.10868
2.01161
2.2004
2.2004
2.99212
2.99212
3.15294
3.15294
3.42387
3.81243
3.66499
3.25025
3.13903
3.13016
3.13016
2.55399
2.48391
2.48391
2.48391
2.48391
2.47669
1.89983
1.89983
1.93356
1.31048
1.31048
1.31048
1.11998
0.258381
0.258381
0.258381
0.258381
0.258381
0.841324
0.841324
0.841324
0.841324
0.841324
0.841324
1.16296
1.36949
1.58367
1.58367
1.35304
1.31284
0.848279
1.20541
1.20541
1.20541
1.20541
1.20541
1.20541
2.57823
2.19695
2.19695
1.42728
1.42728
1.42728
1.42728
1.84781
1.84781
1.26328
1.26328
0.504598
0.504598
0.504598
0.504598
0.5713
0.661135
0.661135
0.661135
0.692926
0.692926
0.425277
0.425277
1.02655
1.02655
0.567215
0.74864
0.74864
0.459873
0.459873
0.459873
0.459873
0.459873
0.865837
1.12823
0.430819
0.990574
1.34575
1.34575
2.02921
1.78291
1.78291
1.78291
1.44295
0.359892
0.400852
0.400852
0.400852
0.400852
0.400852
0.402099
0.402099
0.612103
0.612103
0.612103
0.612103
0.612103
0.612103
1.99859
2.32205
2.55797
2.55797
2.55797
2.03881
1.27987
1.3881
1.3881
1.3881
1.39183
1.22013
2.03916
2.03916
2.03916
2.03916
1.86624
1.86624
1.6298
2.21376
2.56926
2.56926
2.96663
2.19454
1.46754
1.46754
1.46754
1.41534
1.41534
1.14801
0.994366
1.52022
1.3393
1.3393
1.01851
1.01851
1.23149
1.23149
1.23149
1.23149
1.23149
1.23149
1.23149
1.23149
1.23149
1.2313
0.957346
0.957346
0.957346
0.957346
1.12901
1.01638
1.01638
1.31081
1.23417
1.23417
1.23417
1.23417
1.23417
1.52377
1.82751
1.82751
1.19143
1.19143
1.19143
1.19143
1.19143
1.19143
1.19143
1.19143
0.558601
0.558601
0.558601
0.558601
0.859037
0.859037
0.859037
0.859037
0.859037
0.633976
0.633976
0.633976
0.633976
0.633976
1.64228
1.38809
1.58132
1.65921
1.65921
2.34193
0.882611
0.882611
1.17922
1.17922
1.17922
1.17922
0.324583
0.324583
0.527839
0.908634
1.44363
0.598031
0.598031
0.598031
0.733048
0.733048
0.733048
0.733048
0.621979
0.80765
0.80765
1.371
1.64846
1.64846
2.09861
2.77656
2.77656
1.90856
1.71975
1.71975
1.71975
1.71975
1.21704
1.0814
0.440497
0.440497
0.440497
0.440497
0.440497
0.440497
0.440497
0.578707
0.578707
0.578707
0.943805
0.917928
0.232909
0.232909
0.232909
0.232909
0.232909
0.232909
1.24853
1.24853
1.24853
1.67473
1.58331
1.58331
1.61882
1.61882
1.61882
1.13234
1.00934
1.00934
1.47457
1.01972
1.01972
1.01972
1.01972
1.01972
0.772227
0.862269
0.862269
0.862269
0.862269
0.862269
0.862269
0.862269
0.862269
0.862269
1.61484
1.61484
0.533958
0.533958
0.316924
0.883434
0.883434
0.933488
0.933488
0.933488
0.933488
0.933488
0.933488
0.471958
0.471958
0.471958
0.471958
0.471958
0.621237
0.621237
0.621237
0.621237
0.621237
0.621237
0.621237
0.621237
1.02504
0.910483
0.910483
0.910483
1.1751
1.41403
1.41403
1.47818
1.76221
1.07223
1.2242
1.2242
1.79024
2.54149
2.28924
2.19488
0.80748
0.80748
0.867888
0.867888
0.406447
0.406447
1.27009
1.77133
1.77133
2.05847
2.21771
2.87772
1.69049
1.69049
1.69049
1.69049
0.988421
0.988421
1.4458
1.4458
1.4458
1.2628
1.95264
1.95264
1.95264
1.44425
1.44425
1.44425
1.1883
1.1883
1.1883
1.1883
1.1883
1.1883
1.53762
1.53762
0.961433
0.961433
1.1092
1.1092
1.98745
1.51231
1.51231
0.729651
0.729651
0.729651
0.729651
0.843444
0.843444
0.843444
0.867096
0.944007
1.84933
1.84933
2.1062
1.84943
1.84943
1.84943
1.83189
1.68593
1.83268
1.83268
1.83268
1.83268
1.83268
1.3297
1.3297
1.3297
0.760217
0.760217
1.14618
1.14618
1.14618
1.46462
1.46462
1.63909
1.63909
0.938001
1.39112
1.67557
1.66241
1.01471
1.01471
1.01471
1.01471
1.01471
2.0513
2.0513
2.0513
2.31883
2.31883
3.39218
3.53833
3.53833
2.58765
2.25624
1.01131
1.01131
1.01131
0.71167
0.71167
0.71167
1.13656
0.865986
0.865986
0.865986
0.865986
0.865986
0.865986
0.865986
0.865986
1.22007
1.22007
1.26959
2.00738
1.395
1.23375
2.11504
2.11504
2.11504
2.11504
2.11504
1.12592
1.35182
1.35182
1.35182
1.1599
1.1599
0.635575
0.669509
1.41104
1.41104
1.41104
1.56387
0.800253
0.800253
0.694494
1.21331
0.95918
0.64603
0.64603
0.632697
0.632697
0.632697
0.632697
0.632697
0.632697
0.632697
0.632697
0.632697
0.632697
0.744912
0.744912
0.744912
0.744912
0.744912
0.744912
0.744912
0.512598
0.512598
1.04928
1.04928
1.04928
0.609724
0.609724
0.588799
0.588799
0.588799
0.588799
1.60116
1.60116
1.26895
1.74937
1.74937
1.74937
0.903004
1.44498
1.19897
1.53486
1.53486
2.39497
3.54244
3.25548
2.52546
2.47791
2.47791
2.47791
3.03556
1.93959
0.640135
1.16691
2.12448
2.12448
2.12448
2.12448
1.8187
1.8187
1.03576
1.03576
0.916229
0.916229
0.699142
0.699142
0.533195
1.35908
1.29348
1.29348
1.29348
1.47003
1.47003
1.47003
1.47003
1.97178
1.97178
1.97178
1.97178
1.74948
1.9181
2.04339
2.04339
2.04339
2.04339
2.04339
2.04339
2.04339
1.88378
1.54897
1.54897
1.77684
2.21631
1.99116
2.42929
2.42929
2.42929
2.42929
2.15307
1.91231
1.91231
1.86744
1.48599
1.48599
1.48599
1.48599
1.48599
1.27282
1.27282
0.617359
1.41895
1.41895
2.37403
2.85182
1.8149
1.96597
1.71241
1.71241
1.65593
1.65593
1.65593
1.65694
1.65694
1.14739
1.10179
0.815823
0.815823
1.34555
0.947131
0.947131
0.527342
0.527342
0.527342
0.527342
1.0445
2.30464
1.83107
1.83107
1.14189
1.34981
1.34981
1.34981
1.2789
1.23853
2.01667
2.01667
2.1423
0.889316
0.599372
1.4925
1.4925
1.4925
1.99611
1.99611
1.17245
1.3916
1.3916
1.285
1.27195
1.0209
1.0209
1.0209
1.33123
2.13644
2.13644
1.58104
1.58104
1.77448
0.812878
0.812878
1.07393
1.07393
1.07393
1.07393
1.07393
1.07393
1.07393
1.07393
0.937348
0.937348
1.30832
1.30832
0.986806
0.986806
0.986806
0.986806
0.910317
1.76796
1.76796
1.94632
1.94632
2.92658
1.7348
1.65635
1.65635
1.65635
1.65635
1.65635
1.65635
1.70257
1.70257
1.70257
2.18594
2.43838
2.11404
1.76502
1.20505
1.03748
1.03748
1.03748
1.70673
1.74293
1.21091
1.21091
1.21091
0.852466
0.893144
1.28396
1.9966
1.9966
1.68364
1.42902
1.42902
1.42902
1.643
1.03276
1.03276
1.84871
2.05322
2.75391
2.75391
2.54365
2.42292
2.42292
2.41883
2.37133
2.21387
2.16463
2.8424
2.8424
2.76018
3.47692
3.71935
4.22095
4.22095
4.22095
4.22095
3.89494
3.34049
3.21574
3.21574
3.21574
2.76104
2.08299
1.55997
1.55997
1.16998
0.254876
0.254876
0.254876
0.254876
0.254876
0.254876
0.254876
1.23042
1.23042
1.23042
1.23042
1.23042
1.23042
1.08673
0.849716
0.971557
0.971557
0.971557
0.971557
0.889791
0.889791
0.889791
0.73998
0.73998
0.73998
0.73998
0.73998
1.15249
1.09967
1.0389
0.436073
0.436073
0.436073
0.54935
0.54935
1.32096
0.963032
1.36697
1.08916
1.08916
1.39558
1.39558
1.39558
1.35032
1.58117
2.7118
2.27144
2.27144
2.27144
2.27144
3.46034
3.08279
3.08279
3.08279
3.04241
3.63406
4.19091
4.24509
4.55882
4.55882
4.55882
3.48801
3.1738
3.08395
3.07342
2.54573
2.54573
2.54573
1.82743
2.02843
1.69399
1.22645
1.22645
1.22645
1.11986
0.610135
1.00919
1.00919
1.40327
1.19095
0.925815
1.33945
1.33945
1.231
1.231
1.231
1.231
0.894276
0.642155
0.642155
0.642155
0.642155
0.642155
1.10904
0.622099
0.622099
0.622099
0.622099
0.817032
0.817032
1.04499
0.579101
0.579101
0.579101
0.757631
0.564674
0.564674
0.564674
0.564674
0.839684
0.839684
0.858047
0.919712
0.919712
0.225583
0.225583
0.225583
0.225583
0.225583
0.225583
1.24428
1.24428
1.54245
1.54245
1.54245
0.666114
0.666114
0.666114
0.666114
1.23049
1.23049
0.960514
0.955903
0.959596
0.959596
1.21818
1.17052
1.51117
1.03133
1.03133
1.03133
1.03133
0.965951
0.965951
0.965951
1.86343
1.81575
1.30924
0.678869
0.678869
1.07193
1.07193
1.04561
0.521827
0.521827
0.521827
0.521827
0.521827
0.521827
1.33183
1.59399
1.66006
1.66006
1.26848
1.07278
1.92723
1.81126
1.81126
1.92218
2.09962
2.09962
2.46336
2.70443
2.70443
2.95432
1.54178
1.54841
1.57264
1.55926
1.14337
1.26043
1.26043
1.84703
1.59515
2.28953
2.28953
2.28953
2.28953
2.28953
1.93597
1.17728
1.17728
1.65272
1.65272
1.17883
1.13439
1.13439
1.13439
0.870641
0.870641
0.870641
0.915702
1.02231
1.02231
1.16565
1.12845
0.579016
0.579016
0.579016
0.579016
0.579016
0.579016
0.579016
1.07932
1.06722
1.3978
1.3978
1.83591
1.38826
0.433723
1.40078
1.40078
1.40078
1.40078
1.40078
1.40078
1.40078
1.40078
1.40078
1.98281
1.98281
1.44738
1.44738
1.75169
2.70111
2.70111
3.07529
2.71366
2.28468
2.28468
2.28468
2.28468
2.09807
2.09807
2.09807
1.42855
1.02382
1.02382
1.02382
1.36792
1.63231
0.789881
1.89499
1.80066
1.80066
1.80066
1.80066
1.80066
1.96852
1.60958
2.89834
2.97869
2.97869
2.97869
2.5279
2.34005
1.78905
1.78905
1.78905
0.717291
0.717291
0.870918
0.864069
0.864069
0.853017
0.853017
0.550731
0.550731
0.550731
0.605092
0.940831
0.897739
0.897739
0.897739
0.897739
0.897739
0.897739
0.897739
0.897739
0.897739
0.897739
0.897739
1.04985
0.610653
0.490116
0.490116
0.490116
0.490116
0.526844
0.526844
0.526844
0.526844
0.526844
0.526844
0.895886
0.936282
0.936282
1.16386
1.16386
1.16386
0.725579
1.661
1.661
1.661
0.939521
0.939521
1.12541
1.12541
1.12541
1.27621
1.27621
1.27621
1.46817
1.46817
0.979627
1.14236
1.14236
2.01494
2.73922
2.73922
2.73922
2.73922
2.03432
0.85129
0.85129
1.18479
1.18479
1.44319
2.56239
2.57654
2.57654
2.28948
2.72975
1.87913
1.87913
1.87913
1.48712
0.747682
0.667752
0.667752
0.667752
0.667752
0.667752
1.35696
1.39942
1.48625
2.46643
3.23067
3.23067
2.97934
2.97934
3.41958
2.42801
1.96773
2.61643
2.7237
2.7237
2.7237
2.7237
2.7237
2.48838
2.22949
2.17443
1.10264
1.37479
0.703547
0.703547
1.23528
0.420363
0.420363
0.420363
0.816448
0.816448
1.20413
1.04481
1.04481
1.04481
1.04481
0.966583
0.966583
1.38711
0.910371
0.910371
0.910371
0.910371
0.910371
0.910371
1.4507
1.4507
1.4507
1.81198
1.43556
1.43556
1.58037
0.725065
1.57589
1.57589
1.57589
1.57589
1.44572
0.638024
0.638024
0.678772
0.678772
0.678772
0.678772
0.678772
0.678772
0.678772
0.678772
0.678772
0.800216
0.800216
2.20518
2.60601
2.17619
2.17619
2.17619
2.37327
2.37327
2.29238
1.68272
1.68272
1.4583
1.87992
2.39017
2.39017
2.63459
2.63459
3.31885
3.31885
3.31885
3.31885
3.59609
3.59609
3.59609
3.48756
2.77578
2.42777
2.42777
2.35441
2.35441
1.884
1.427
1.427
1.45733
2.19553
2.19553
2.19553
2.19553
2.21342
2.21342
2.05146
2.05146
1.08229
1.08229
1.08229
1.08229
1.08229
1.08229
1.85848
1.85848
1.62557
1.55819
1.93307
1.93307
1.61332
1.61332
0.260572
0.260572
0.260572
0.260572
0.289591
0.289591
0.289591
0.289591
0.289591
0.289591
0.453272
0.448382
0.448382
0.448382
0.448382
0.448382
0.657289
0.657289
0.881771
0.881771
0.881771
0.881771
0.881771
0.881771
0.881771
0.447076
0.86268
0.86268
0.673945
0.673945
0.673945
0.673945
0.673945
0.673945
0.673945
0.673945
1.45675
1.32627
1.32627
1.32627
1.32627
0.7329
0.7329
0.474677
0.574373
0.574373
0.574373
0.574373
0.574373
0.574373
0.574373
0.574373
0.607169
0.803586
0.449204
1.10459
1.03849
0.290946
0.290946
0.290946
0.290946
0.290946
0.290946
0.290946
0.290946
0.290946
0.290946
0.290946
0.290946
0.290946
0.499735
1.10356
1.54529
1.3243
1.3243
1.3243
1.41938
1.24705
1.24705
1.24705
2.13481
1.77675
1.77675
1.77675
1.73046
1.71412
1.57527
2.39096
2.39096
3.24958
2.7194
2.7194
2.68341
4.10043
4.10043
3.94498
5.15178
5.15178
5.16742
5.16742
5.16742
5.16742
5.27939
5.22015
5.56858
5.56858
6.11312
6.09583
6.09583
5.7904
5.46814
5.28754
3.87313
3.60492
3.52437
3.21459
2.4968
1.50915
1.50915
1.59568
0.900924
0.893157
0.893157
0.893157
0.893157
0.893157
0.893157
0.893157
0.893157
0.573474
0.573474
0.573474
0.573474
1.57486
1.57486
1.28159
0.818718
0.782754
0.403977
0.403977
0.403977
0.403977
0.403977
0.403977
0.403977
0.403977
0.403977
0.403977
0.403977
0.403977
0.403977
0.403977
0.403977
0.403977
0.547751
0.547751
1.22809
2.0514
2.0514
1.9029
1.9029
1.9029
1.9029
1.9029
1.64535
1.19043
1.37185
1.37185
1.2759
1.2759
1.31521
1.31521
1.31521
0.781464
1.89273
0.741619
0.741619
0.741619
0.741619
0.658743
0.659518
0.659518
0.659518
0.659518
0.53689
0.803817
0.803817
2.19004
0.929192
1.28071
0.440963
0.4314
0.4314
0.680917
1.37513
1.60474
2.29274
2.70583
1.97878
1.48497
1.3314
1.3314
0.86549
0.86549
0.86549
0.86549
0.86549
0.86549
0.342419
0.342419
0.342419
0.342419
0.342419
0.342419
1.08576
1.08576
1.36563
1.42332
1.44244
1.41209
1.22111
1.00171
1.02804
1.53252
1.53252
1.53252
0.92712
0.92712
1.75722
1.75722
1.99756
2.12691
2.91049
2.83922
2.36821
3.55563
3.22732
3.94756
3.94756
4.46195
4.46195
3.64326
3.64326
3.64326
3.64326
3.64326
3.64326
3.64326
4.22209
4.01516
3.34828
1.97386
1.58472
1.93001
2.46611
2.46611
2.96683
2.96683
2.96683
2.65768
2.69502
2.46847
2.73077
2.73077
2.73077
2.44007
2.96293
2.83354
2.83354
2.83354
2.50671
2.56769
2.19338
2.30781
1.96343
2.72986
3.06058
2.70041
2.76905
3.1969
3.1969
3.02993
3.02993
3.02993
3.02993
3.1505
3.05423
3.34254
3.46343
3.46343
3.25831
3.23945
3.56344
3.38077
3.5712
3.76499
4.00224
3.20313
2.89826
1.75165
1.75165
1.75165
1.75165
1.75165
2.27601
2.27601
2.27601
2.29532
2.29532
2.29532
1.89727
1.89727
0.702032
0.702032
0.702032
0.515387
0.515387
0.901442
0.901442
0.901442
0.901442
0.901442
0.901442
0.901442
0.57342
0.57342
0.57342
1.50582
1.50582
1.50582
1.50582
1.50582
1.34347
1.59256
1.59256
1.59256
1.7216
1.7216
1.00121
1.00121
0.951439
0.951439
0.757685
1.76108
1.76108
1.02158
1.02158
1.02158
1.6752
1.6752
1.30485
1.30485
1.30485
1.76254
0.792769
0.792769
0.835893
0.835893
0.835893
1.18356
1.25708
1.25708
1.03343
1.50814
2.11569
2.11569
2.11569
2.125
2.125
2.125
2.15122
2.15122
1.25944
1.58714
1.58714
2.3505
1.59945
1.59945
1.75943
1.22625
0.389005
0.389005
0.40418
0.40418
1.02098
1.02098
1.04035
2.69636
2.69636
2.69636
3.29033
3.29033
2.3884
1.80214
1.72895
1.05693
1.54613
1.54613
2.06421
2.06421
2.06421
2.06421
0.943892
1.27827
0.278986
0.380545
0.380545
0.380545
0.380545
0.380545
0.380545
0.380545
1.51207
1.65811
1.60859
1.03124
1.21324
1.505
1.505
1.505
1.58066
1.80034
0.999069
0.999069
0.999069
2.2122
1.72394
1.72394
1.72394
1.72394
1.72394
1.72394
1.16013
1.16013
1.26813
1.26813
1.116
1.116
1.116
1.49951
1.49951
1.49951
1.22084
1.70395
2.17587
1.48448
1.61651
1.10622
1.38076
1.51207
1.51207
1.20801
0.886805
0.886805
0.886805
0.886805
0.448468
1.23678
1.23678
1.23678
0.965321
0.965321
0.965321
0.965321
0.965321
0.820937
0.971311
1.27162
1.27162
1.67104
0.696471
0.696471
0.696471
0.515114
0.515114
0.515114
1.36507
1.36507
1.36507
1.36507
1.36507
1.88786
2.60093
2.60093
1.76894
1.76894
1.76894
1.76894
1.76894
1.76894
1.48349
2.44813
2.44813
2.44813
1.52757
1.39626
0.953887
0.953887
0.480096
0.603467
0.438162
0.438162
0.438162
0.438162
0.438162
0.438162
0.438162
1.66712
0.424817
0.424817
0.424817
0.424817
0.424817
0.424817
0.748638
0.244949
0.244949
0.244949
1.05094
1.5262
1.2654
0.832813
1.41786
1.41786
1.26372
1.06325
0.653118
0.653118
0.905873
1.08544
1.08544
0.446242
0.446242
0.446242
1.50842
1.50842
1.50842
1.06014
1.9151
1.9151
2.32209
2.32209
1.95076
2.45708
2.11462
2.33463
2.33463
2.81039
2.66656
2.47312
2.47312
2.47312
2.47312
1.69542
1.79
1.79
1.79
1.98642
1.31852
1.29981
1.29981
1.29981
1.40788
0.741839
0.837192
1.30229
1.1444
1.09539
1.09539
0.627559
0.627559
0.627559
0.627559
0.627559
0.627559
1.14011
0.910219
0.887286
0.679162
0.679162
0.679162
0.679162
0.934924
0.934924
1.23485
1.23485
1.23485
1.23485
1.23485
0.916996
1.03067
0.83926
0.83926
0.83926
0.962236
0.729802
0.729802
0.729802
0.729802
0.729802
1.2692
1.95494
2.20593
1.42534
1.42534
1.42534
0.951047
0.951047
1.38556
1.38556
1.38556
0.843374
1.26174
1.26174
2.0332
1.19398
1.19398
1.19398
1.2263
1.2263
1.2263
1.2263
0.405013
0.405013
1.21386
1.21386
1.21386
1.21386
0.740164
0.927767
0.927767
0.927767
0.633533
0.633533
0.633533
0.633533
0.633533
0.216435
1.24665
1.24665
1.24665
1.24665
1.24665
1.69305
1.69305
1.70694
1.70694
1.70694
1.70694
1.70694
1.01432
1.17306
1.61734
1.61734
0.946008
0.702428
0.702428
1.68975
1.68975
2.06991
2.06991
2.39015
2.39015
2.09252
2.09252
2.09252
2.09252
2.15764
1.75386
1.88105
2.30883
2.13658
2.13614
2.13614
2.13614
1.41446
1.7165
2.28853
1.30252
1.30252
1.30252
1.1513
1.84248
1.05398
1.7219
0.715147
0.715147
1.41665
1.0285
1.0285
0.72282
1.29988
1.29988
1.29988
0.862988
0.862988
0.862988
0.862988
0.862988
0.862988
1.19332
1.19332
1.35931
1.65411
1.51211
1.51211
1.51211
1.51211
1.49547
1.49547
2.11374
2.13516
1.79713
1.59924
2.52848
2.52848
3.43493
3.43493
4.83416
4.70211
4.70211
4.33901
4.33901
3.16919
3.49961
3.59062
3.55379
3.55379
3.48025
3.48025
1.9699
1.9699
1.9699
1.9699
1.25018
1.20702
1.20702
1.20702
1.20702
1.20702
1.20702
1.20702
1.20702
1.20702
1.89038
2.95469
2.15131
1.82956
2.21065
1.82867
1.24434
1.24434
0.484147
0.484147
0.484147
0.2955
1.30447
1.30447
1.30447
1.30447
1.30447
1.30447
1.29323
1.29323
1.29323
1.29323
1.29323
1.29323
1.1042
1.1042
1.55072
1.55072
1.55072
2.27597
2.27597
2.64571
1.86104
2.18797
1.88339
1.98547
1.98547
2.07314
1.62323
1.62323
1.44069
1.79654
0.804499
0.804499
0.804499
0.804499
0.888939
0.888939
0.888939
0.876825
0.876825
2.09497
1.44399
1.44399
1.44399
1.44399
1.44399
1.44399
1.44399
1.44399
1.44399
0.464975
0.464975
0.464975
0.464975
0.464975
0.464975
0.464975
0.464975
0.464975
0.464975
0.464975
0.464975
0.464975
0.74096
1.51979
1.5457
1.5457
1.5457
1.5457
1.5457
1.06801
1.06801
1.06801
2.06563
2.10267
2.10267
2.10267
2.81257
2.93648
3.14192
3.14192
2.74137
2.74137
3.57791
3.10175
3.46032
3.96147
3.37699
3.89357
3.38196
3.14056
3.14056
3.14056
3.42882
3.42882
2.66051
2.34606
2.35009
2.68056
1.75753
2.93955
2.93955
2.93955
2.49058
2.28005
2.44845
2.34342
2.40901
2.40901
2.40901
1.58333
1.58333
1.58333
1.17089
1.17089
0.73452
0.73452
0.73452
0.73452
1.89654
1.96567
1.5763
2.06047
2.64291
2.56002
2.56002
2.9598
2.92284
2.66951
2.60845
1.66263
2.44032
2.44032
2.44032
2.44032
1.28485
1.28485
1.28485
1.66904
1.66904
1.66904
1.66904
0.75832
0.554714
0.42532
0.126639
1.02841
1.02841
1.25527
2.24032
3.10586
3.10586
3.28372
3.28372
2.9
2.9
2.9
2.8426
2.89194
2.95892
2.22083
2.49702
2.49702
2.17739
3.70978
3.20386
2.60459
2.24028
1.43292
1.43292
1.43292
1.01785
1.01785
1.38207
1.38207
1.41369
1.41369
1.41369
1.41369
0.638531
0.638531
0.638531
0.638531
0.638531
0.638531
0.638531
0.638531
0.638531
1.32175
1.59622
1.11275
0.725325
0.725325
0.725325
0.725325
0.822457
0.781352
0.911273
1.29376
1.29376
1.11964
1.11964
0.662217
1.09223
1.2629
1.2629
1.2629
1.2629
1.2629
1.2629
1.2629
1.3097
1.3097
1.43079
1.43079
0.943962
0.943962
0.943962
0.943962
0.943962
0.526288
0.526288
1.03973
1.03973
1.03973
1.40728
1.40728
1.88527
1.88527
1.60711
1.60711
1.46811
1.22231
1.30557
1.51133
1.66578
1.75068
1.75068
1.75068
1.75068
1.75068
2.30077
2.02776
2.06893
1.85299
2.02814
1.41093
1.7605
2.17039
2.17039
1.77999
1.77999
1.77811
1.68035
2.21711
2.49909
2.32854
1.93875
1.93875
2.24528
1.82506
1.82506
2.25149
2.25149
1.33484
1.33484
1.34053
1.34053
1.72271
1.72271
1.72271
1.72271
1.72271
2.03164
1.9973
1.27408
1.15297
1.15297
1.15297
1.22041
1.57674
1.5177
1.5177
1.61843
1.61843
1.61843
1.02388
1.15517
1.15517
0.95651
0.95651
0.593514
0.593514
0.366976
0.366976
0.908351
1.16512
0.907757
1.27194
1.87024
0.945768
0.945768
0.945768
0.945768
0.945768
0.920271
0.920271
1.29962
2.27049
2.27049
2.44099
2.02252
2.02252
2.02252
2.81172
2.81172
2.24753
2.96526
2.58371
3.44276
3.44276
4.23864
3.66055
3.0293
3.0293
3.0293
2.76125
2.76125
2.31547
1.96357
1.80994
1.49274
1.43269
1.43269
2.17749
2.61669
2.61669
2.69968
2.64442
2.33738
3.03137
2.22013
2.41462
2.41462
2.41462
1.6762
2.10623
1.13975
0.478783
1.28699
1.28699
1.28699
1.28699
1.28699
1.28699
1.28699
1.28699
1.28699
0.851146
0.613885
0.613885
0.613885
0.613885
0.613885
1.53986
1.67007
1.45911
1.45911
1.45911
1.45911
1.7027
1.85898
1.85898
1.85898
1.16483
1.16483
1.16483
1.80046
1.80046
2.72836
2.72836
2.72836
2.44549
2.29264
2.29264
2.44904
2.44904
2.7967
2.0089
2.0089
1.67571
2.1592
2.1592
2.1592
2.1592
2.1592
2.1592
2.1592
2.10024
1.8615
1.8615
2.07998
2.07998
2.90758
2.90758
2.39649
2.39649
2.39649
2.39649
2.39649
2.39649
2.11215
0.79632
0.79632
0.79632
0.79632
0.79632
1.17424
1.60504
1.05511
1.2776
0.236719
0.236719
0.236719
0.236719
0.236719
0.236719
0.236719
0.236719
0.236719
0.236719
0.236719
0.236719
0.236719
0.236719
0.236719
0.236719
0.236719
0.236719
0.846617
0.846617
0.846617
0.855983
0.855983
0.855983
1.24231
1.75599
1.75599
1.75599
1.75599
1.25251
1.25251
1.25251
1.25251
2.14495
2.14495
1.06159
1.06159
0.687385
0.787286
0.787286
0.730606
0.730606
1.13723
1.13384
0.905453
1.92413
1.92413
1.53115
1.53115
1.53115
1.53115
0.841862
0.626944
0.626944
0.626944
0.626944
1.57713
1.57713
1.57713
1.72615
1.9503
2.27058
1.12875
1.12875
1.12875
1.87127
2.10057
2.18911
2.08566
1.28668
1.57017
1.57017
1.40768
1.40768
1.47674
1.22713
0.877731
1.00746
1.00746
1.58406
2.05773
2.05773
2.05773
1.98534
1.78311
1.92023
1.86298
2.08035
1.54713
1.54713
1.33026
1.00596
1.40166
1.40166
1.40166
1.40166
1.81244
1.81244
2.50502
2.50502
2.50502
2.77812
2.65437
2.33053
2.33053
2.52446
2.52446
2.41911
2.33022
1.53945
1.04649
1.04649
1.04649
1.98306
2.00122
2.09693
1.8823
1.8823
1.8823
1.8823
1.46274
1.99563
1.84794
1.24748
1.24748
1.30714
1.30714
1.30714
1.30714
1.19038
0.492883
0.492883
0.838952
0.838429
0.720924
1.54261
1.60377
1.60377
0.809738
0.7367
0.7367
0.983912
0.983912
0.983912
1.83021
1.73565
1.81201
1.90004
1.44698
1.44698
1.44698
1.44698
1.44698
1.44698
2.35205
2.35205
1.96622
1.74885
1.12797
1.01105
1.01105
1.01105
1.01105
1.71547
2.58088
2.11463
2.13919
2.13919
1.79454
1.35915
1.35915
1.41089
1.23902
1.27069
1.05471
1.05471
1.05471
1.05471
1.05471
1.05471
1.38613
1.38613
1.72499
1.72499
0.611929
1.37772
1.11313
1.11313
0.267246
0.267246
0.267246
0.267246
0.267246
0.267246
0.267246
1.19251
1.35778
1.35778
1.35778
1.67965
1.67965
2.25064
1.31456
0.863866
0.5898
0.5898
0.5898
1.08047
1.08047
1.08047
1.35458
1.35458
1.53981
1.48303
1.48303
2.35683
1.43256
1.0689
1.0689
1.25328
1.34882
1.34882
1.13181
1.13181
1.65894
2.27579
2.33857
1.45551
1.45551
1.66927
1.47404
0.651626
0.607286
0.440522
0.866515
0.866515
1.895
1.895
1.895
2.34831
2.34831
2.34831
2.34831
1.50096
1.43095
1.43095
2.17214
1.85347
1.85347
1.85347
1.68951
1.68951
1.30052
1.30052
1.30052
1.66709
0.841815
0.841815
0.841815
0.720831
0.720831
0.720831
1.57271
1.59597
1.03323
1.03323
1.03323
1.03323
1.03323
1.18429
0.942167
0.942167
0.821795
0.821795
0.46283
0.46283
0.46283
0.46283
0.46283
0.46283
0.46283
0.46283
0.891955
0.887161
1.05805
1.05805
1.05805
1.05805
1.05805
1.05805
1.20106
1.32193
2.31707
2.31707
2.46607
2.46607
1.81913
1.81913
2.27506
2.27506
3.37526
2.75087
2.52764
1.93468
1.73784
2.71213
2.85624
1.8586
1.30138
1.12623
1.02087
1.02087
1.26351
1.57516
1.57516
1.57516
1.38482
1.38482
0.66472
0.66472
1.09481
1.09481
1.09481
1.88432
2.05947
2.05947
1.67317
1.28932
2.01037
1.44412
1.44412
1.44412
1.33989
1.33989
1.33989
1.57753
1.06853
2.40271
2.40271
3.51894
3.51894
3.2423
3.2423
3.40078
3.67371
3.71587
4.01301
3.98237
3.70147
3.70147
3.70147
3.70147
3.25757
3.33844
3.43138
3.43138
3.1352
3.1352
3.1352
3.02973
3.02973
3.02973
3.02973
3.36396
3.05417
3.05417
3.05417
3.05417
3.05417
3.05417
2.90073
2.90073
2.90073
2.90073
2.90073
2.24978
2.24978
0.867553
0.867553
0.973305
0.973305
0.973305
1.31048
1.22674
1.28749
1.38925
1.38925
1.38925
1.38925
1.03613
1.03601
0.664093
0.664093
0.586858
0.642993
0.642993
0.606044
0.606044
0.606044
0.606044
0.606044
0.803263
0.803263
0.514751
0.514751
0.99177
0.745631
0.799092
1.06939
1.06939
1.94275
2.03613
2.03613
1.9665
1.72176
1.72176
1.26843
1.26843
1.26843
1.27867
1.27867
1.27867
1.27867
0.943227
0.943227
0.943227
0.943227
0.562762
0.562762
0.562762
0.562762
0.562762
0.562762
0.562762
0.562762
0.562762
0.6082
0.6082
0.511715
0.511715
0.511715
0.511715
0.511715
0.817319
0.817319
0.817319
0.715551
1.10632
0.407727
0.407727
1.42083
1.56103
1.56103
1.56103
1.56103
0.463038
0.463038
2.06908
2.06908
2.06908
1.48911
1.90334
1.96818
1.96818
1.173
1.1781
1.24012
1.24012
1.24012
0.695709
1.02328
0.57801
0.57801
1.19868
1.19868
1.19868
1.19868
1.19868
1.19868
1.19868
1.51409
1.7082
1.7082
1.43778
0.707656
0.707656
0.707656
0.976601
0.976601
0.976601
0.976601
1.92447
1.5223
1.5223
1.5223
2.02616
1.98178
2.29419
2.29419
2.29419
2.75134
3.45707
3.01908
2.04138
1.84354
1.49317
1.49317
1.16469
1.16469
1.16469
0.831203
0.831203
0.831203
1.85018
1.85018
1.11229
1.11229
2.07816
1.34419
1.72542
1.72542
1.72542
1.72542
1.9469
1.80893
1.80893
2.10914
2.26328
1.29326
1.78431
1.78431
2.82318
2.62372
2.19498
1.96677
1.6406
2.03528
1.32281
1.32281
1.54376
1.19331
1.19331
1.19331
1.19331
2.07729
1.04994
1.04994
1.04994
1.04994
1.28142
1.37975
1.37975
1.37975
1.37975
1.37975
1.31097
1.31097
1.31097
1.05298
1.05298
1.01676
0.871104
0.871104
0.871104
1.68632
1.46723
1.46723
2.16431
2.02877
2.10146
2.22138
1.6689
2.76104
2.76104
2.73136
1.68391
1.68391
1.68391
2.2098
0.924161
0.52789
0.808269
0.657712
0.657712
0.657712
0.657712
0.657712
1.25499
1.33683
1.33683
1.33683
1.84514
1.84514
2.21746
2.21746
2.75864
2.75864
3.41059
3.41059
3.37774
3.24057
3.24057
2.23478
2.18168
1.7002
1.88915
1.88915
1.88915
1.7626
2.39058
2.25524
1.58197
1.56885
1.56885
1.56885
1.56885
0.865445
0.826027
0.737762
0.737762
1.24175
1.24898
1.24898
1.24898
2.2548
1.55461
1.55461
1.55461
1.50475
1.58842
1.01631
1.01631
0.611079
0.611079
0.611079
0.611079
0.544843
0.544843
0.544843
0.544843
0.544843
0.544843
1.34057
1.34057
1.34057
1.34057
1.34057
1.89789
1.39958
1.80168
1.80168
2.12527
1.19102
1.19102
1.37993
1.37993
1.65054
1.65054
1.65054
1.27241
1.79484
2.01873
2.01873
2.09037
2.09037
1.60906
0.904371
0.904371
0.904371
0.904371
0.904371
1.04232
1.04232
1.04232
0.977725
1.81425
1.81425
1.81425
1.63882
1.63882
1.63882
1.63882
1.94616
1.78812
1.78812
2.4513
2.4513
2.4513
2.11784
2.37211
2.37211
2.37211
3.17685
3.17685
3.68041
3.25568
3.25568
2.34065
2.34065
2.34065
1.83018
2.61896
2.90271
2.50835
2.50835
2.44383
2.44383
2.44383
2.49656
2.49656
2.12585
2.12585
2.04253
1.84304
1.94616
1.94616
1.61126
1.61126
1.61126
1.61126
0.548714
0.548714
0.909399
1.17431
1.00288
1.00288
1.26756
1.26756
1.26756
1.26756
1.17869
1.17869
1.70243
1.4939
0.902544
0.902544
0.902544
0.902544
0.902544
1.01262
1.01262
1.01262
1.01262
1.01262
1.01262
1.01262
0.903802
0.903802
0.676016
0.773637
0.773637
0.485727
0.485727
0.948425
0.948425
0.948425
1.19276
1.19276
1.19276
1.19276
1.19276
1.69257
1.69257
1.66248
1.49468
1.55887
1.55887
1.5457
1.14836
1.14836
1.14836
1.14836
1.14836
1.14836
1.50525
1.50525
1.54279
1.56285
1.51147
1.51147
1.51147
1.01236
2.32876
2.16962
2.45263
2.45263
2.45263
2.45263
2.51616
2.51616
2.51616
2.98425
2.62294
2.32063
2.16617
2.16617
2.16617
2.16004
2.16004
2.3774
2.09398
2.45809
2.87449
2.25642
2.25642
2.25642
2.15834
2.15834
1.93634
1.63804
1.63804
1.38972
1.83568
1.83568
1.49977
1.49977
0.975542
0.975542
0.975542
0.919528
0.919528
0.919528
0.919528
0.919528
0.919528
0.919528
0.919528
1.64712
1.38989
2.03718
2.03718
2.03718
1.45108
1.44816
1.44816
1.28501
1.62494
2.08697
2.36223
2.22215
2.62997
2.89884
2.08817
2.77819
2.77819
2.55738
2.72087
2.72087
2.72087
2.98579
2.98579
3.20289
3.20289
3.20289
3.20289
3.13647
2.13294
2.08195
2.67648
3.66568
3.66568
3.50482
3.50482
5.12638
4.50291
4.50291
4.50291
3.33782
2.94664
2.99378
1.73978
1.25807
1.25807
1.28205
1.84053
1.40066
1.40066
1.86829
1.86829
1.12975
1.36212
1.36212
1.36212
0.57538
0.806048
1.01622
1.01622
1.72353
1.55324
1.55324
0.95597
1.16466
0.993826
0.943097
1.27272
1.27272
1.27272
1.27272
2.0071
2.0071
2.38659
2.38659
2.57964
2.42345
2.42345
2.42345
1.92439
1.62469
1.59085
1.63536
1.63536
1.63536
1.63536
1.63536
1.63536
1.66513
1.66513
1.6465
1.73574
1.73574
1.73574
2.05321
2.05321
2.05321
1.84002
2.20758
2.37803
2.25576
2.25576
2.25576
3.34082
3.34082
2.65027
2.62445
2.62445
2.59415
2.84971
2.84971
3.40674
3.40674
3.40674
3.40674
3.40674
3.32873
4.12934
4.65284
3.62978
2.97689
2.56746
2.56746
2.56746
2.32562
1.62185
2.31646
1.91985
1.91985
1.81974
1.75569
2.60173
2.0353
1.54704
0.377691
0.377691
0.377691
0.822903
1.52166
1.52166
1.52166
1.02171
1.02171
0.83168
0.83168
0.83168
1.4145
1.35342
0.815195
1.57411
1.57411
0.244998
0.542672
0.542672
0.769351
0.769351
0.769351
0.769351
0.769351
1.22421
1.48522
1.15405
1.15405
0.852722
0.11394
0.11394
0.11394
0.11394
0.725799
0.725799
0.725799
0.998233
0.788363
0.788363
0.225366
1.23841
1.23841
2.19567
1.82364
1.82364
1.82364
2.42856
1.26646
1.26646
1.371
1.68989
1.6898
2.14944
1.47304
1.95202
1.95202
1.0769
1.03418
1.25096
1.25096
1.25096
1.25096
1.25096
1.25096
1.25096
1.04045
1.04045
0.748222
0.748222
0.748222
0.748222
1.3286
0.682747
0.682747
0.428404
0.428404
0.428404
0.428404
0.428404
1.17453
1.33373
1.33373
1.33373
1.33373
1.63911
0.979544
1.01543
1.01543
0.39223
0.89833
0.89833
0.89833
1.01883
1.50969
1.50969
1.50969
1.49519
1.49519
2.44109
1.89685
1.46439
1.46439
1.46439
1.46439
1.46439
1.46439
1.52996
0.695151
0.695151
0.695151
0.869306
1.02144
1.02144
1.20033
1.20033
0.604868
0.614005
0.614005
0.614005
0.614005
0.614005
1.44824
1.77651
1.77651
2.56395
1.92778
1.92778
1.92778
2.0402
2.0402
2.0402
2.26925
2.48305
2.48305
2.38241
2.40433
2.40433
2.9296
2.9296
2.9296
2.9296
2.9296
3.16846
3.16846
3.16846
3.16846
3.16846
3.32388
3.38482
3.38482
2.19499
2.19499
2.6841
2.6841
2.51553
2.8646
2.8646
2.8646
2.07732
2.07732
1.88479
1.88479
1.88479
1.88479
2.0308
2.0308
2.0308
2.0308
2.0308
1.80431
1.80431
1.80431
1.229
0.51775
0.51775
0.51775
0.60639
0.60639
0.881535
0.881535
0.881535
0.639196
0.639196
0.639196
0.639196
1.96604
1.79828
1.73628
1.73628
1.73628
2.02129
2.02129
0.558101
0.558101
0.558101
0.647742
1.54739
1.20315
0.660742
0.660742
0.660742
0.660742
0.660742
0.660742
0.660742
0.749334
0.989101
0.580532
0.79576
0.79576
1.59585
1.59585
2.34571
1.97846
1.97846
2.14236
2.20581
2.20581
2.41433
3.5057
3.5057
3.5057
3.07542
2.20311
2.20311
2.20311
2.20311
3.51583
3.51583
3.51583
3.51583
3.55418
4.59602
4.59602
3.60159
3.32443
3.44896
2.08762
2.25346
2.25346
2.44378
2.79062
2.79062
3.05638
3.48048
3.50586
3.47697
3.56818
2.3235
2.68778
3.99873
3.05984
3.05984
3.05984
3.69167
3.69167
3.69167
4.42854
4.91428
4.91428
4.57016
3.44172
3.44172
3.44172
3.27218
2.05125
1.71478
2.20043
2.20043
2.20043
1.97058
1.97058
1.47848
1.42069
1.42069
0.984153
0.707109
0.870939
0.870939
0.870939
0.870939
0.614407
0.614407
0.614407
0.614407
0.614407
0.614407
1.40632
1.40632
1.61309
1.61309
1.61309
1.65327
1.65327
1.65327
1.67754
0.754972
0.754972
0.754972
1.31953
1.31953
0.936923
0.936923
0.936923
0.936923
0.936923
0.936923
1.9471
1.93627
1.93627
1.93627
1.6802
1.6802
2.35175
1.52665
1.52665
1.52665
1.52665
1.52665
1.58215
1.58215
1.58215
2.82512
2.82512
2.82512
2.85426
2.85426
2.64885
1.36344
1.36344
0.959222
1.13463
1.13463
1.30599
1.30599
0.835298
0.818833
0.818833
0.818833
1.48139
1.30583
1.19952
1.19952
1.11914
1.88253
1.88253
1.88253
1.74969
1.74969
1.14394
2.12901
2.12901
2.12901
2.29737
2.42526
2.34137
2.34137
2.34137
2.49584
2.52542
2.52542
3.17433
3.54605
3.74429
3.74429
3.86395
2.30892
2.30892
1.56006
1.56006
1.56006
1.40504
1.29786
1.29786
1.29786
1.08422
1.50951
1.50951
1.54261
1.15706
1.15706
1.62574
1.38763
1.38763
2.15456
2.13184
2.82179
3.20321
2.38598
2.38598
2.38598
2.38598
2.17618
1.95568
1.95568
0.961365
0.961365
0.661359
0.592349
0.592349
0.592349
0.592349
0.997651
0.997651
1.16126
1.42324
2.023
1.00754
1.19921
1.19921
1.19921
1.19921
1.19921
0.942863
0.942863
0.942863
0.124537
0.124537
0.124537
0.124537
0.124537
0.124537
0.124537
0.124537
1.09004
1.09004
1.09004
1.28406
1.28406
1.28406
1.84217
1.84217
1.42658
1.02256
1.18609
1.18609
1.58058
1.42169
1.42169
1.42169
1.39029
1.39029
1.42141
1.23366
1.38613
1.38613
0.507824
0.507824
1.13288
1.13288
0.963969
1.55188
1.55188
1.76745
2.44682
2.44682
1.77761
2.08106
1.95674
1.73759
0.935848
0.935848
1.51246
1.25694
1.25694
1.25694
1.2106
1.2106
1.2106
1.2106
0.777002
0.777002
1.13321
1.13321
2.07257
2.07257
1.61888
1.61888
1.61888
1.61888
2.72484
2.08146
2.08146
2.47997
2.3806
2.40019
3.49852
3.49852
3.49852
2.78442
2.78442
2.78442
2.78442
2.27377
1.43332
0.461918
1.39552
1.39552
0.980032
1.01338
1.06061
0.863182
1.14565
1.14565
1.59015
1.5471
1.89116
1.538
1.60765
1.60765
0.911638
0.911638
0.911638
1.47974
1.19064
1.19064
1.10852
1.10852
1.10852
0.660058
0.754423
0.754423
0.735916
0.735916
0.735916
0.735916
0.735916
0.735916
0.735916
0.735916
0.735916
0.735916
0.735916
0.817607
1.19145
1.12933
1.84853
2.11713
1.58433
1.53185
1.67727
1.72507
1.71398
1.30488
1.30488
1.66702
1.51036
0.535368
0.535368
0.535368
0.535368
0.738127
0.738127
0.738127
0.869005
0.869005
0.869005
0.513582
0.513582
0.513582
0.513582
0.513582
0.513582
0.513582
0.513582
1.80067
1.80067
1.75443
1.75443
1.55574
1.55574
1.55574
1.43914
1.43914
1.43914
1.35915
0.996907
0.996907
0.996907
1.39782
1.39782
1.55659
1.28095
0.846874
0.703166
0.703166
0.674128
1.34686
1.34686
1.23067
0.544249
0.544249
0.544249
0.544249
0.544249
0.544249
0.544249
0.544249
0.544249
0.584905
0.584905
0.584905
0.584905
0.584905
1.05135
1.05135
1.05135
1.05135
1.05135
1.36343
1.36343
1.36343
1.36343
1.36343
1.36343
1.2648
1.2648
1.93406
1.99524
2.49156
2.35806
2.35806
2.35806
2.25738
1.23758
1.23758
1.23758
1.23758
1.34356
1.07238
1.43146
1.43146
1.43146
0.568615
0.568615
0.568615
1.12154
0.909949
0.909949
0.909949
0.909949
0.768473
1.02911
1.31949
1.16945
1.37548
2.12217
2.12217
2.28698
2.41127
2.78209
2.78209
2.78209
2.78209
2.78209
2.07041
2.07041
2.07041
2.69265
2.69265
2.69265
2.69265
2.69265
1.54539
1.54539
1.54539
1.81996
1.81996
1.48068
1.36063
1.36063
1.36063
1.36063
1.5931
1.5931
2.24253
1.9071
1.9071
1.48871
1.48871
1.16319
1.23576
0.920525
0.920525
0.920525
0.920525
0.920525
0.920525
1.898
1.88068
1.57172
1.64183
1.73094
0.820874
0.820874
0.820874
0.820874
0.820874
0.820874
0.820874
0.820874
0.820874
0.820874
0.820874
0.820874
0.319045
0.319045
0.771319
0.771319
0.771319
0.771319
0.771319
0.771319
0.77481
1.21928
1.21928
1.20919
1.66288
1.66288
2.62524
1.9194
1.9194
1.51837
2.04827
2.04827
2.54152
2.54152
1.62619
1.67475
1.49385
1.49385
1.49385
1.49385
1.72414
1.52613
1.3711
1.3711
0.531214
0.531214
0.531214
0.751118
0.751118
0.751118
0.751118
0.751118
0.751118
0.751118
0.946549
1.70554
1.70554
1.70554
1.70554
1.79038
1.79038
1.8055
1.75479
2.39106
2.39106
2.39106
2.12414
2.12414
3.08536
3.08536
2.91888
2.05485
2.05485
0.863928
1.37668
1.439
1.58387
1.72281
2.42255
2.42255
2.42255
2.42255
2.36776
2.67712
2.59976
2.59976
1.77195
1.77195
1.77195
1.77195
0.669116
0.669116
0.669116
0.669116
0.917016
0.961103
0.961103
0.961103
1.81277
1.80092
1.62802
1.66286
1.66286
1.32626
1.58677
1.58677
1.58677
1.58677
1.12958
1.12958
1.12958
1.12958
1.12958
1.44788
1.44788
1.44788
1.27787
1.20906
1.59859
2.50883
2.50883
1.89962
1.70434
1.69489
1.69489
1.9676
1.50037
1.50037
1.10365
1.10365
1.83136
2.51102
2.25707
2.83105
2.83105
3.37696
3.37696
3.61521
3.61521
3.61521
3.61521
3.66742
3.66742
3.77318
3.77318
3.77318
3.92062
4.7698
4.7821
6.15901
5.03641
4.91401
4.14297
4.14297
4.14297
4.14297
3.92779
3.92779
3.92779
3.92779
3.682
3.682
3.38072
4.72766
5.19754
4.86747
3.89434
5.18116
4.62503
4.62503
5.30152
5.30152
5.30152
5.30152
5.30152
4.32601
4.32601
4.32601
4.32601
3.54431
3.54431
3.54431
3.04601
3.43654
3.36629
2.98636
2.98636
2.98636
2.98636
1.8949
1.8949
1.86512
1.00166
1.37667
1.15608
1.83419
2.75364
2.75364
2.75364
2.04859
2.58615
2.47558
2.38573
2.38573
2.38573
2.38573
2.08397
1.96131
2.57082
2.00464
2.14883
1.54801
1.87135
1.99679
1.99679
1.96538
2.39801
1.89554
1.89554
2.21865
1.41645
1.41645
1.41645
0.681385
0.951729
0.951729
2.01193
2.01193
1.97025
1.97025
1.01184
1.01184
1.01184
0.507251
1.24663
0.834234
0.834234
0.385458
0.385458
0.385458
0.385458
0.385458
0.385458
0.385458
0.385458
0.385458
0.385458
0.569287
0.622362
0.924251
0.924251
0.900324
0.900324
0.650389
0.650389
0.72473
0.72473
0.72473
0.72473
0.72473
0.80583
0.80583
0.80583
0.80583
0.588772
1.33155
1.26341
2.17924
0.870998
0.870998
0.572348
0.572348
0.572348
0.572348
0.572348
0.572348
0.572348
0.572348
1.39609
1.39609
0.888107
1.39389
1.39389
1.39389
1.38197
0.926879
0.926879
0.926879
0.926879
0.926879
0.765621
0.765621
0.765621
1.36397
1.96158
1.42625
1.42625
1.70749
1.48293
0.902997
0.902997
0.902997
0.889855
0.889855
0.889855
1.36334
1.03811
1.21845
1.21845
1.4928
1.4928
1.77661
1.77661
1.14322
0.786493
0.848799
0.818559
0.818559
0.818559
0.818559
1.02326
1.76799
1.76799
1.76799
1.76799
1.40475
1.22901
1.22901
2.06986
2.30981
2.64178
2.23756
2.23756
2.23644
2.23644
2.43241
2.82945
1.73983
1.37995
1.37995
1.07108
1.00688
1.00688
1.00688
1.00688
1.69193
1.69193
1.69193
2.26708
2.26708
3.23361
3.96151
3.07509
1.89332
1.89332
2.33468
2.33468
2.33468
1.64442
1.899
2.53484
2.94577
4.18166
4.18166
4.18166
3.71754
2.74025
1.80608
1.80608
2.07263
1.86443
1.86443
1.96183
1.96183
2.05927
2.17013
2.7233
2.7233
2.36808
1.24561
1.24561
1.79885
1.56071
1.84707
2.073
2.22056
2.22056
2.22056
1.60854
1.60854
1.14235
0.370281
0.370281
0.840268
1.14193
2.46389
2.43085
1.88553
1.88553
1.88553
1.32909
1.606
1.606
1.606
0.687165
0.875545
0.875545
0.875545
0.439028
0.439028
0.439028
0.892315
0.713087
0.713087
0.713087
1.31519
1.18045
1.18045
1.14244
1.14244
1.06161
1.06161
1.9203
1.9203
1.64126
2.33786
2.33786
2.6789
1.99213
1.67282
2.72463
2.72463
3.2006
3.92744
3.71765
3.50232
2.5086
2.5086
2.5086
2.68081
2.68081
2.2157
1.24577
1.24577
1.24577
0.927589
0.927589
1.13615
1.5125
1.5125
1.70893
2.20065
2.42982
2.42982
2.56291
2.56291
2.54337
2.46465
3.99497
3.99497
3.95933
4.41377
3.20045
3.20045
2.45782
2.45782
2.50456
2.11902
2.23207
1.87621
1.47377
1.47704
1.13673
1.32507
1.32507
1.32507
1.32507
1.32507
1.32507
1.32507
1.27767
1.27767
1.30733
1.30733
0.736137
0.736137
0.94851
1.41113
2.34028
1.33304
1.33304
0.619536
0.619536
0.619536
0.619536
0.619536
0.619536
0.619536
0.619536
0.619536
0.619536
0.619536
0.619536
0.619536
0.680158
0.680158
0.892585
0.892585
0.678837
0.487403
1.10534
1.10534
0.751012
0.751012
1.48166
1.48166
0.992573
0.992573
0.992573
1.05137
1.05137
1.05137
0.483878
0.970972
0.970972
1.23804
1.23804
1.45867
1.17492
1.17492
0.76058
0.76058
0.76058
0.76058
1.46833
1.46833
1.46833
1.46833
1.06018
1.06018
0.246384
0.246384
0.246384
0.246384
0.246384
0.246384
0.246384
0.885929
0.885929
0.612557
0.612557
0.612557
0.612557
0.588696
0.588696
0.588696
0.588696
0.588696
1.31931
1.31931
0.856013
0.856013
1.46601
1.06475
1.06475
1.06475
0.963354
0.926428
0.926428
1.55057
1.55057
1.98558
1.51797
1.51797
2.00354
1.14839
1.14839
0.821624
0.821624
0.821624
0.821624
0.821624
0.821624
0.821624
0.579989
1.18506
0.714867
0.714867
0.714867
0.714867
0.714867
0.714867
0.714867
0.714867
1.64704
1.64704
1.64704
1.64704
1.08558
1.08558
0.965102
0.965102
1.57549
1.57549
1.57549
1.52818
0.937204
0.937204
1.26358
0.969856
1.17151
1.23219
1.57444
1.91864
2.07479
2.07479
2.65807
2.09931
2.09931
2.32618
2.32618
2.32618
2.32618
2.90134
2.90134
3.67098
4.39524
4.59405
4.59405
4.47807
4.91025
4.91025
4.91025
3.95643
3.95643
3.95643
4.1297
4.1297
4.44104
4.8838
5.13704
4.95151
4.52521
4.52521
4.28467
5.1266
4.73272
5.27559
5.27559
5.10463
4.97248
4.97248
4.97248
4.25258
4.19208
3.46424
3.27998
3.40406
4.22971
4.21363
4.17456
4.17456
4.17456
4.81762
4.81762
4.81762
4.81762
4.90915
4.58625
4.58625
3.97367
3.97367
2.91887
2.90983
2.90983
2.29971
3.04798
2.10944
2.10944
1.41606
1.41606
1.41606
1.56102
1.56102
1.19806
1.28854
1.28854
1.28854
2.29415
1.87475
1.17624
1.20784
1.20784
0.983264
0.885493
0.7829
0.7829
0.7829
0.7829
0.7829
0.7829
0.7829
1.22844
1.25266
0.436646
0.436646
0.365679
0.989741
1.0392
1.22192
1.22192
1.22192
1.2067
1.05024
1.05024
1.05024
1.05024
1.05024
1.05024
1.28497
0.379253
0.379253
1.62775
1.62775
0.495036
0.495036
0.569093
0.569093
0.569093
1.07037
1.07037
1.07037
1.07037
0.539687
1.71794
1.02158
1.02158
1.02158
1.0633
1.01311
0.525753
0.525753
0.455661
0.455661
0.455661
0.581588
0.581588
0.581588
0.581588
0.581588
0.581588
1.19655
1.63075
1.63075
1.02265
1.02265
1.06189
1.17222
1.41457
1.41457
1.91605
1.1381
1.1381
0.219276
0.219276
0.219276
0.219276
0.219276
0.219276
0.575882
1.11167
1.18419
1.81526
1.81526
1.86446
1.82643
1.21398
0.969132
0.961141
0.961141
0.961141
0.843118
0.836739
0.609894
0.609894
0.926484
1.23198
0.929128
0.812713
1.3749
1.3749
1.3749
1.5539
1.09866
1.12988
1.13234
1.13234
1.13234
0.80238
0.80238
0.80238
0.80238
1.77326
1.77326
1.77326
1.77326
0.712402
0.650997
1.0569
1.0569
1.20877
1.12216
1.12216
1.10129
1.10129
1.76312
1.76312
0.498104
0.498104
0.498104
0.498104
0.498104
0.498104
1.16849
0.950158
1.09357
1.09357
1.3488
2.20322
2.32722
2.32722
2.32722
2.13093
2.13093
2.03188
1.76017
0.951178
0.58417
0.58417
0.58417
0.776403
0.776403
0.776403
0.776403
0.776403
0.776403
0.776403
0.481544
0.481544
0.481544
0.481544
0.481544
0.481544
0.481544
0.481544
0.481544
0.481544
0.481544
0.481544
0.481544
0.481544
0.481544
1.20639
1.18762
1.18762
0.724234
1.12886
1.12886
0.859834
0.859834
0.859834
0.859834
0.882206
0.649679
0.649679
0.649679
0.649679
0.8919
0.8919
0.825394
0.72848
0.72848
0.72848
0.718781
0.718781
0.325398
0.325398
0.325398
0.325398
0.325398
0.325398
0.325398
1.44715
1.44715
2.9278
3.04159
3.04159
3.04159
3.04159
3.48149
2.57872
2.79447
2.79447
2.66723
2.66723
2.57949
2.3279
2.80605
2.43863
2.53927
2.53927
2.53927
2.19051
0.851855
1.21506
0.999385
1.61503
1.58155
0.738011
0.738011
0.787484
1.4233
2.08898
1.44871
1.44871
1.44871
1.44871
1.44871
1.44871
1.44871
1.44871
1.44871
1.08244
2.10326
2.10326
2.75439
2.36654
2.36654
2.36654
1.46637
1.73243
0.708167
0.708167
0.695187
0.956272
1.46082
1.46082
0.901495
0.901495
0.256912
0.256912
0.256912
0.256912
0.256912
1.31999
1.31999
2.44426
2.44426
2.44426
2.92524
2.92524
2.48249
2.48696
2.70379
2.70379
2.87901
2.05026
2.05026
2.05026
2.05026
2.04897
1.61138
2.15211
2.0839
2.20403
2.20403
2.20403
2.436
2.436
2.436
2.43149
2.43149
2.43818
2.43818
1.18806
1.18806
1.18806
1.59029
1.59029
1.59029
1.59029
1.59029
1.26393
1.26393
1.03396
1.05699
1.05699
1.31583
1.31583
0.9072
1.10821
0.708963
1.03261
1.03261
1.03261
1.03261
1.70603
1.70603
1.70603
2.52747
2.52747
2.52747
2.52747
2.52747
2.52747
2.4766
2.4766
2.4766
1.59774
1.83055
2.17747
2.17747
1.09848
1.09848
1.09848
0.833672
0.833672
1.05054
1.05054
1.05054
1.05054
1.05054
1.05054
1.02886
0.84154
1.30971
0.593559
0.7606
0.263155
0.263155
0.263155
0.263155
0.522036
0.522036
0.522036
0.722955
0.722955
0.722955
0.722955
1.08393
1.08393
1.42891
1.42891
1.42891
1.42891
1.21191
0.699392
1.02076
1.01328
1.01328
1.01328
1.36694
0.777916
1.47473
1.60599
1.5908
1.68535
1.68535
1.89822
1.60799
1.60799
1.60799
1.60799
1.00303
1.11857
0.976561
0.976561
1.15841
1.22734
0.449565
0.66794
0.66794
0.910633
0.910633
0.910633
1.1517
1.1517
1.03499
1.03499
1.59041
1.24109
1.49122
1.07608
1.07608
1.07608
1.07608
0.399477
0.399477
0.399477
0.399477
0.399477
0.42399
1.03601
1.03601
1.44995
1.44995
0.858909
0.471039
0.471039
0.471039
0.715535
0.888811
0.97736
1.18492
1.94061
1.94061
1.52737
0.859806
0.859806
0.859806
0.859806
0.859806
0.807423
1.6382
2.07362
1.4798
1.40074
0.995469
0.901976
0.901976
0.901976
0.901976
0.901976
1.22088
1.10558
1.43011
1.43011
1.43011
1.43011
1.43011
1.43011
1.43011
1.82119
1.82119
2.05591
1.61255
1.61255
1.61496
1.61496
0.518138
0.518138
0.518138
0.518138
0.518138
0.518138
0.518138
0.518138
0.518138
0.42953
0.42953
0.42953
0.42953
0.630979
0.388821
0.388821
0.388821
0.388821
0.388821
0.388821
0.388821
0.87453
1.05249
1.05249
0.830131
1.59206
1.13076
1.13076
1.13076
1.13076
0.685472
1.03402
1.47238
1.70172
1.53162
1.53162
1.53162
1.91681
1.91681
1.70343
1.70343
1.18089
1.18089
1.6682
1.08569
1.08569
0.430811
0.430811
0.430811
0.430811
0.430811
0.883171
0.883171
0.883171
0.590492
0.590492
0.590492
0.590492
0.590492
0.590492
0.590492
0.590492
1.47915
1.47915
1.47915
1.3253
1.3253
1.03664
1.32637
0.883109
0.883109
1.52104
1.52104
1.52104
1.52104
0.931348
0.931348
0.862574
0.862574
0.883258
0.883258
0.883258
0.776334
0.776334
0.822018
0.822018
1.06943
1.06943
1.00387
0.573198
0.573198
1.16335
1.16335
1.16335
1.16335
1.10856
1.31616
1.31616
0.890192
0.890192
0.890192
0.890192
1.76077
1.76532
1.76532
1.76532
1.76708
1.76708
2.24585
2.24585
2.24585
2.24585
2.24585
2.24585
2.24585
1.42835
0.893335
0.971611
1.51855
1.27575
1.27575
1.55852
1.38894
0.888974
0.770025
1.50113
1.50113
2.22806
1.75102
1.46321
0.895268
0.895268
0.895261
0.895261
0.658898
0.658898
0.658898
0.658898
0.658898
0.658898
0.81302
0.81302
0.81302
0.81302
0.81302
1.32622
1.43924
1.00854
1.28765
1.28765
0.966138
1.41395
0.187107
0.187107
0.187107
0.187107
0.187107
0.187107
0.187107
0.187107
0.187107
0.187107
0.187107
0.187107
0.187107
0.187107
1.16464
0.678225
0.678225
0.678225
0.678225
0.99917
0.99917
1.1594
1.30405
0.784901
0.784901
0.784901
0.784901
0.784901
0.784901
0.810207
1.08296
0.590927
0.590927
0.590927
1.29391
1.39309
1.5457
1.5457
1.5457
2.80702
2.80702
2.25441
2.13282
2.55067
2.34509
2.34509
2.34509
3.78907
3.83399
4.23675
3.4112
3.34372
3.34372
3.13881
2.56465
2.13712
2.13712
2.13712
2.42587
2.42587
2.42587
2.89326
3.14297
2.85009
2.85009
2.85009
2.85009
2.46572
2.7011
2.63384
3.27718
2.43809
2.2277
1.36884
1.36884
0.649099
0.649099
0.649099
0.676585
0.900527
0.900527
1.32195
1.9805
2.14897
2.14897
1.57796
1.57796
0.762337
0.762337
0.762337
0.249148
0.249148
0.249148
0.249148
0.249148
0.249148
0.249148
0.249148
0.249148
0.249148
0.249148
0.249148
0.249148
0.249148
0.249148
0.249148
0.249148
0.249148
0.802951
0.802951
0.572835
0.572835
0.572835
0.572835
0.572835
0.572835
0.572835
1.0463
0.74535
1.39089
1.46674
1.09507
1.09507
1.09507
1.09507
1.09507
1.09507
1.09507
1.89269
1.42562
0.222128
0.222128
0.222128
0.222128
0.222128
0.222128
0.222128
0.222128
0.222128
0.222128
1.09967
1.70269
1.70269
1.70269
1.70269
1.70269
1.70269
1.66304
1.66304
1.66304
1.81825
2.25521
2.49228
2.09852
1.00145
1.73506
1.73506
1.73506
1.73506
1.73506
3.1961
3.1961
3.1961
3.1961
3.82747
3.03752
3.03752
3.03752
1.80708
1.80708
1.80708
1.37543
1.58454
1.58454
1.58454
1.98253
3.26375
3.46099
3.40434
3.40434
3.40434
4.34789
3.69499
3.69499
3.85821
3.85821
3.75864
3.75864
2.4712
1.82096
1.82096
1.74991
1.79602
1.79602
1.70938
1.82722
1.82722
1.82722
1.40076
1.47346
1.40663
1.40663
1.40663
1.00146
1.4443
1.4443
2.03962
1.26449
1.26449
1.12421
1.12421
1.64231
1.64231
1.64231
1.64231
2.04008
2.04008
2.51694
2.72633
2.69813
2.90211
2.90211
2.90211
2.99727
2.99727
2.72811
2.72811
2.72811
2.44266
2.44266
2.44266
2.38543
2.38543
2.07027
2.37466
2.37466
2.37466
2.37466
1.77811
1.63189
1.41324
1.41324
2.01689
1.03412
1.03412
1.03412
2.00804
0.852766
0.852766
1.81807
1.40881
0.694958
0.694958
0.694958
0.694958
0.694958
1.04621
1.84452
1.77448
1.20472
1.20472
0.626524
0.626524
0.626524
0.760036
0.479651
0.479651
0.479651
0.479651
0.479651
0.479651
0.479651
0.479651
0.768512
0.768512
0.768512
1.42568
1.86514
1.86514
1.09761
1.09761
2.30286
2.98945
2.71171
3.8045
3.31916
2.5183
2.5183
2.5183
2.5183
2.5183
2.5183
2.5183
2.5183
3.26425
3.26425
2.83377
2.83377
2.83377
2.98183
2.37054
2.37054
1.59561
1.75206
1.75206
1.97531
1.97531
2.20128
2.19546
2.19546
2.19546
2.30541
1.96256
1.96256
2.69538
2.69538
2.33023
2.33023
2.33023
2.4034
2.4034
2.4034
1.74468
0.542188
0.542188
0.542188
0.542188
0.542188
0.542188
1.09335
0.425408
0.440575
0.440575
0.440575
0.588983
0.685192
0.218347
0.218347
1.23408
1.23408
1.12075
0.826719
1.4072
1.682
1.682
1.682
2.23735
1.54502
0.678667
0.678667
0.449421
0.449421
1.25987
1.25987
1.25987
1.25987
1.1832
1.91335
1.91335
2.28021
1.88235
1.88235
1.98763
1.98763
1.98763
1.98763
1.95038
1.95038
2.27932
2.27932
2.57549
2.80896
2.95256
2.95256
2.27588
2.27588
1.90763
1.90763
1.90763
1.11643
2.29232
2.66105
3.66439
4.27723
3.69294
3.40158
3.40158
3.12992
3.12992
3.12992
3.12992
2.65389
2.95129
3.68675
2.63633
2.63633
2.75461
2.80584
2.07592
2.86884
2.86884
2.42843
1.77243
1.54747
1.39707
1.39707
1.39707
1.39707
1.8747
1.67224
1.53278
2.22702
1.93812
1.93812
1.93812
1.93812
1.93812
2.60181
2.60181
2.60181
2.60181
2.20176
2.20176
3.2582
3.17341
3.42411
1.71736
1.79948
1.86811
1.65639
1.65639
1.20759
1.69671
1.63757
1.63757
1.85677
1.85677
1.48321
1.48321
1.48321
0.886135
0.886135
2.02223
1.0603
1.0603
1.06235
1.06235
1.06235
1.06235
1.06235
1.60842
1.14801
0.543115
0.543115
0.543115
0.543115
0.543115
0.543115
0.666838
0.666838
0.312763
0.312763
0.312763
0.312763
0.312763
0.312763
0.312763
0.312763
0.312763
0.312763
0.312763
0.561571
0.529995
0.529995
0.529995
0.529995
0.529995
0.529995
0.529995
1.13153
1.26403
1.22286
1.22286
0.693741
0.361334
0.361334
1.06927
1.06927
1.06927
1.06927
1.06927
1.06927
0.98682
0.98682
0.98682
0.98682
0.705233
1.00967
1.00967
1.07741
0.94103
0.94103
0.94103
1.43651
1.45611
1.45611
1.45611
1.45611
1.45611
1.50392
1.54634
1.06101
1.84481
2.16281
2.16281
2.16281
2.16281
2.16281
2.16281
2.16281
1.82731
1.82731
1.82731
1.82731
0.818788
0.336223
0.336223
0.336223
0.336223
0.336223
0.336223
1.24987
1.68703
1.68703
1.68703
1.09524
2.15475
2.15475
2.1992
2.1992
1.56352
1.56352
1.23221
1.23221
1.23221
1.53958
1.14726
1.22102
1.22102
0.673307
0.673307
0.648868
0.648868
0.648868
0.648868
0.648868
0.869206
0.968403
1.28059
1.28059
1.28059
1.42056
1.42056
1.42056
1.42056
1.42056
1.42056
1.42056
1.42056
1.42056
1.42056
1.365
1.365
1.34491
1.98162
1.98162
2.09078
3.08011
3.08011
3.08011
3.20218
3.20218
4.36624
4.54253
4.54253
4.31647
4.31647
4.31647
3.61454
3.411
3.01232
3.01232
3.01232
3.16391
3.88176
3.88176
3.93471
3.33534
3.33534
3.33534
3.2316
3.2316
3.73813
4.33739
4.20338
4.03959
3.45291
3.92321
4.09551
4.09551
3.78395
3.79214
2.80358
2.80358
3.6338
3.6338
3.62226
3.90509
3.76073
2.98233
2.98233
2.98233
2.98233
2.87313
2.61403
2.22858
2.22858
1.00249
1.09993
0.536507
0.536507
0.536507
0.536507
0.536507
0.536507
0.536507
0.536507
0.536507
0.536507
1.17983
1.17983
0.798693
1.17346
1.17346
1.48476
1.48476
1.48476
0.765314
0.689668
1.56017
1.1146
1.24157
1.04016
1.04016
0.927678
0.927678
0.927678
0.913814
0.913814
0.913814
0.571509
0.571509
0.571509
0.911994
0.911994
0.911994
0.911994
0.911994
0.911994
0.911994
1.0415
0.563867
0.882052
0.522871
0.522871
0.642886
0.642886
0.642886
1.26754
1.26754
1.6356
1.6356
1.6356
1.12244
2.1029
1.9046
1.9046
1.68009
2.02772
2.24152
2.52109
2.52109
2.48096
1.83107
2.21461
1.77203
1.68779
1.36495
1.14699
0.846877
1.47196
1.47196
1.47196
0.921787
0.921787
0.921787
0.145813
0.145813
0.145813
0.145813
0.145813
0.145813
0.145813
0.145813
0.145813
0.145813
1.34559
1.34559
1.34559
1.34559
1.34559
1.27641
1.27641
1.00239
1.19915
0.685674
0.685674
0.685674
0.495511
1.18084
1.40469
0.822186
0.904281
0.904281
0.904281
0.49107
0.49107
1.10227
1.10227
0.449579
0.449579
1.00752
1.00752
1.00752
1.00752
0.932821
0.932821
0.932821
1.36456
1.36456
1.36456
1.36456
1.36456
1.36456
1.95773
1.95773
1.95773
1.78167
1.26818
1.35491
1.35491
1.35491
1.35491
0.878114
0.885509
0.669074
0.669074
0.975916
0.622041
0.887516
2.04599
1.41029
1.19673
1.19673
1.19673
1.47572
1.47572
1.47572
1.47572
1.71307
1.24076
0.755338
0.75357
0.620556
0.620556
0.620556
0.620556
0.620556
0.620556
0.620556
0.620556
0.620556
0.620556
0.620556
1.09778
1.09778
1.09778
1.03631
1.03631
1.03631
1.54617
1.45436
1.45436
1.45436
1.45436
1.45436
1.45436
0.829844
1.12244
0.224322
0.224322
0.224322
0.224322
0.224322
0.224322
1.6582
0.793709
0.673107
0.673107
0.476803
0.476803
1.72555
1.09911
0.932259
0.965584
0.946902
1.33225
1.92905
1.77765
1.77765
1.77765
1.77765
1.78794
1.30567
1.30567
1.30567
1.30567
1.30567
0.617844
0.617844
0.440605
0.440605
0.440605
1.28631
0.995153
0.951848
0.951848
1.04205
1.1412
1.44452
1.44452
1.1375
1.1375
1.74483
2.11554
2.11554
2.11554
2.00003
1.47926
1.76775
1.36564
1.16512
1.16512
0.867
0.867
0.842354
0.842354
0.842354
0.99881
0.99881
0.99881
0.99881
0.99881
0.99881
0.882003
1.57715
1.57715
1.57715
1.57715
1.67028
1.67028
1.33438
1.33438
1.33438
1.80538
2.54341
2.54341
2.68796
2.68796
2.68796
2.47138
2.47138
2.36778
2.42239
2.76861
2.29422
2.38928
1.55378
1.55378
2.01403
3.00886
3.05683
2.70853
2.72121
2.72121
2.70173
2.25843
2.25843
1.25882
1.25882
1.25882
1.25882
1.22621
1.22621
0.220976
0.220976
0.220976
0.220976
0.220976
0.220976
0.220976
0.220976
0.504028
0.504028
0.504028
1.44736
0.949752
0.949752
0.949752
0.949752
0.949752
1.46056
1.03183
1.03183
0.756729
0.756729
0.756729
0.756729
0.566941
0.566941
0.742698
1.3349
1.3349
1.3349
1.3349
1.3349
1.20692
1.20692
1.20692
1.45425
1.45425
1.45425
1.45425
1.0327
1.0327
1.0327
1.0327
1.0327
0.437257
0.437257
0.437257
1.0413
1.0413
0.68706
0.748497
0.748497
0.748497
0.748497
0.569032
0.569032
0.569032
0.572694
0.572694
0.9978
0.9978
0.913707
0.923071
0.648021
1.73374
2.32521
1.64875
3.07405
3.20838
3.44704
2.86194
2.651
2.5361
2.5361
1.9383
1.1893
1.0374
0.869575
0.869575
0.869575
0.637967
0.637967
0.637967
0.823987
1.31938
2.21307
2.1051
2.1051
2.1051
2.06308
2.06308
2.06308
2.06308
2.06308
2.06308
2.06308
2.06308
2.60042
2.65436
2.65436
3.14924
3.14924
2.63201
2.63201
3.00531
3.25209
3.25209
2.73697
2.02116
2.02116
2.02116
2.02116
0.825587
0.825587
0.825587
0.825587
0.825587
0.825587
0.825587
0.825587
0.825587
0.825587
1.00322
1.00322
1.00322
0.588427
1.01852
1.01852
1.10418
1.10418
1.10418
0.902403
0.902403
0.503789
0.503789
1.3403
1.3403
1.23373
1.23373
1.60067
1.1167
1.1167
0.918839
0.918839
0.943872
0.943872
0.943872
1.64151
2.58784
2.58784
2.58784
2.58784
2.58784
2.58784
2.2525
2.2525
2.2525
2.31771
2.31771
1.89552
1.34774
1.06289
1.06289
1.55632
1.55632
1.77602
1.6743
1.6743
1.06545
1.44869
0.732087
0.829935
1.70221
1.70221
0.8841
0.8841
1.00669
1.00669
1.00669
1.00669
1.00669
1.00669
1.00669
0.745866
0.745866
0.745866
0.896775
0.896775
0.896775
0.59364
1.10629
0.932589
0.784669
0.784669
0.784669
0.784669
0.764188
0.726637
0.871851
0.871851
0.871851
0.871851
1.601
1.601
1.22186
1.22186
1.65998
1.89014
1.89014
1.76648
2.82036
3.39725
2.41748
3.02461
3.02461
3.02461
3.02747
3.02747
3.02747
3.1439
2.38646
2.40714
2.40714
2.26685
2.26685
2.26685
2.29091
2.29091
2.29091
2.04999
2.04999
2.04999
2.41593
1.747
1.747
1.5053
1.5053
1.11411
1.11411
0.684564
0.684564
0.684564
0.943314
1.34871
1.34871
1.34871
0.99304
0.258116
0.258116
0.258116
1.20211
1.03153
1.03153
1.03153
1.03153
1.03153
1.03153
1.03153
1.03153
1.03153
0.809083
0.809083
0.809083
0.56156
0.56156
0.56156
0.56156
1.04277
0.651995
0.625513
0.570881
0.570881
0.570881
0.528454
0.528454
0.528454
0.528454
0.528454
0.528454
0.528454
0.528454
0.528454
0.528454
0.528454
0.528454
0.528454
0.528454
1.27683
1.27683
0.292574
0.292574
0.292574
0.292574
0.292574
0.292574
0.292574
0.292574
0.292574
0.292574
0.292574
1.11689
1.62861
1.89379
1.87021
1.87021
1.87021
2.74056
3.48612
3.48612
3.48612
2.27874
2.27874
2.27874
2.83464
2.83464
3.13445
3.13445
3.36682
3.57255
3.57255
2.57486
2.57486
2.57486
2.06926
0.986052
0.997852
0.446841
0.512267
0.512267
0.512267
0.840074
1.17294
1.34946
1.34946
1.34946
1.34946
1.48502
1.87865
1.87865
1.89049
1.89049
1.89049
1.89049
1.89049
2.58952
1.98946
1.98946
1.98946
1.85827
2.09141
2.80729
3.08086
2.57939
2.76586
2.76586
2.44633
1.05213
1.75671
0.895456
0.789613
0.789613
1.7565
1.7565
1.7565
1.7565
1.40213
1.6607
1.6607
1.6607
2.05392
2.05392
2.33859
2.58214
2.58214
1.45773
2.02305
2.21334
2.21334
2.21334
1.91493
1.90696
2.53569
2.71425
1.90719
1.90719
1.04512
1.54279
1.54279
1.54279
2.01971
1.52878
1.25509
0.376788
0.376788
0.376788
0.665448
1.52372
1.23577
1.08911
1.08911
1.08911
1.08911
0.768637
0.768637
0.768637
1.42507
1.42507
1.42507
1.42507
1.42507
0.892581
1.11582
1.10333
1.20506
1.56095
2.01647
0.693066
0.693066
0.693066
0.674224
0.447526
0.447526
0.655705
0.655705
0.655705
0.655705
0.655705
0.789107
0.789107
0.789107
1.00081
1.00081
1.00081
1.00081
1.00081
1.00081
1.19688
1.52072
1.14701
1.14701
1.14701
1.047
1.047
0.29755
0.29755
0.29755
0.29755
0.29755
0.29755
0.29755
0.29755
0.34703
0.34703
0.591925
0.591925
0.942972
0.942972
0.942972
0.942972
0.942972
0.942972
0.942972
0.942972
0.942972
0.74588
0.74588
0.74588
0.74588
0.74588
0.74588
1.22026
1.22026
1.22026
1.22026
1.32894
1.89722
0.816824
0.816824
1.66362
2.14895
2.04638
1.84919
2.00605
2.00605
2.00605
2.10158
2.10158
2.10158
2.1607
1.4996
1.4996
1.4996
1.21233
1.21233
1.49275
0.697004
0.697004
0.881185
0.881185
0.881185
1.34331
1.34331
1.527
1.02035
2.19347
2.19347
1.66551
1.77095
1.63281
1.63281
2.37133
1.8162
1.8162
1.8162
0.491641
0.491641
0.491641
0.491641
0.491641
0.491641
0.491641
0.873854
0.873854
0.873854
0.873854
0.590047
1.18959
1.5953
1.5953
1.5953
1.5953
0.392245
0.760756
0.760756
0.760756
1.45015
1.1799
1.1799
1.48244
1.48244
1.56821
1.03806
1.03806
1.03806
1.03806
1.03806
0.944693
0.764797
1.809
0.729763
0.729763
1.1484
1.74217
1.36419
1.36419
1.36419
1.36419
1.36419
1.48249
0.80252
0.563977
0.563977
0.810591
0.845685
0.845685
0.845685
0.845685
0.845685
0.845685
0.845685
1.58989
1.4696
1.4696
1.4696
1.4696
1.80979
1.67173
1.24744
1.24744
1.71578
1.71578
1.23024
1.23024
1.23024
1.23024
1.39501
0.694253
0.694253
0.694253
0.694253
0.694253
0.694253
0.578819
0.578819
0.578819
0.578819
0.578819
1.25177
0.6722
1.56617
1.31428
0.96743
0.96743
0.96743
0.96743
1.60842
1.60842
1.60842
1.60842
1.60842
0.91711
0.91711
0.91711
0.979901
0.880124
0.880124
0.782148
0.125596
0.125596
0.125596
0.125596
0.125596
1.32507
1.41748
1.41748
1.41748
1.41748
1.41748
1.41748
1.41748
1.17816
1.50771
1.64139
1.64139
1.64139
1.38367
1.47862
1.58801
1.58801
1.58801
1.68788
1.68788
1.68788
1.26377
0.441241
0.441241
0.441241
1.82337
0.817637
0.961213
1.52239
1.52239
0.949834
1.59025
1.59025
1.59025
1.44119
1.55396
1.55396
1.55396
0.288734
1.06529
1.00029
1.00029
1.06726
1.82816
1.82816
1.10907
1.61712
1.61712
1.61712
1.52989
1.40512
2.09791
2.12023
1.9091
1.9091
1.9091
2.28841
2.28841
2.28841
1.35965
1.16843
1.15609
1.17858
0.0959314
0.0959314
0.0959314
0.0959314
0.0959314
0.0959314
0.0959314
0.0959314
0.0959314
0.0959314
0.0959314
0.89156
0.89156
1.54912
1.54912
1.54912
2.21045
2.21045
2.21045
2.21045
1.83735
1.14102
1.01375
1.01375
1.01375
0.505364
1.05791
1.05791
1.76999
1.7439
1.7439
1.64704
1.31942
1.31942
1.31942
1.94078
1.94078
2.88201
1.62491
1.62491
1.62491
2.09279
2.09279
2.09019
2.30205
2.23398
2.23398
1.45736
1.84947
1.84947
1.84947
1.7885
1.7885
1.7885
1.7885
1.98968
1.29871
1.29871
2.5928
2.67884
2.39797
2.5282
2.5282
1.83389
1.53931
0.402782
0.402782
0.402782
0.441854
0.650551
0.650551
0.650551
0.468991
0.468991
0.700632
0.769551
2.04845
2.40889
2.40889
2.40889
2.40889
2.40889
2.40889
2.38915
2.38915
2.38915
2.60592
2.52425
2.70495
2.70495
1.89086
1.89086
1.89086
2.69302
2.90319
2.46967
2.46967
2.90141
2.90141
2.90141
3.28781
3.23373
3.04009
2.05274
1.89439
1.5837
1.5837
0.962795
0.979332
0.987822
0.987822
2.04817
2.04817
1.41748
1.16106
1.21742
1.21742
1.21742
0.955018
1.0575
1.0575
2.13011
2.13011
1.86122
1.86122
1.86122
1.86122
2.76647
2.76647
2.76647
2.76647
2.76647
2.25397
1.55987
1.55987
1.6457
1.76237
2.00122
1.36136
1.36136
1.36136
1.22775
1.63937
1.63937
1.26894
1.26894
1.40602
1.40602
1.40602
1.40602
1.51592
1.51592
2.27771
2.03982
1.98649
1.18254
0.53042
0.53042
0.53042
0.53042
0.613904
1.20325
0.876433
0.444451
0.444451
0.444451
0.444451
0.503442
0.698737
0.698737
0.698737
0.698737
0.698737
0.698737
0.698737
0.698737
0.589994
1.26706
1.26706
1.26706
1.75163
1.42213
1.42213
0.657536
0.657536
0.657536
1.32591
0.459652
0.459652
0.59411
0.59411
0.59411
1.08656
1.08656
0.820695
0.820695
0.820695
0.627257
0.627257
0.627257
0.627257
0.627257
