32.1004
32.4673
32.4673
31.7256
30.7869
30.1656
30.4959
29.7574
29.467
30.4391
30.7078
29.9152
29.9723
29.9723
31.6106
30.6772
30.9967
30.7353
29.1731
28.8137
28.8137
28.145
28.4547
28.3247
28.3247
28.3247
29.1108
29.1108
29.1997
29.1997
28.5704
28.5704
26.807
26.5921
27.5994
27.3401
27.4922
25.6881
25.6881
25.6881
25.9563
26.1584
26.1584
26.1584
25.306
25.0728
25.0728
25.0728
25.0728
24.8799
25.0355
23.903
22.7077
22.7278
22.8058
22.1636
20.3741
19.7982
18.8133
18.4563
18.7296
18.7296
18.7434
18.9233
19.2065
19.3454
19.05
19.1323
17.73
17.1144
17.1144
16.8409
16.991
16.991
16.3409
16.3409
16.3409
15.4965
15.1246
15.1246
15.1246
15.1246
13.4484
13.4484
13.4484
12.118
12.0609
12.0609
11.7507
11.7507
11.7507
11.3854
11.3854
12.1681
12.1681
12.1681
11.7933
12.0355
11.7681
11.7681
12.4094
12.2624
11.9472
12.3891
12.6446
12.6446
12.9183
12.5335
11.7489
11.1293
10.7779
10.1687
9.72652
10.0637
10.2974
10.2974
9.32015
8.98123
9.37842
9.40626
9.12015
9.12015
8.54769
7.73472
8.27127
7.99326
7.41907
7.11354
7.11354
7.11354
7.11354
7.11354
7.1658
5.79559
6.66434
7.36763
6.16537
7.43268
6.902
6.00838
5.71156
5.42998
5.28982
5.28982
6.00679
6.26144
6.35153
6.50646
6.56738
6.01829
5.3833
4.63546
3.68935
3.68935
3.73253
2.4603
2.4603
2.4603
2.4603
2.60629
2.10446
2.10446
2.10446
2.10446
2.10446
2.22563
2.32417
2.32417
3.69426
3.63506
3.63506
4.57578
4.27648
4.27648
3.38623
3.12694
3.4915
2.48509
2.48509
3.00661
3.1363
3.1363
1.91079
1.91079
1.92647
1.89678
1.37017
1.37017
1.76629
1.76629
2.30877
0.940326
0.920981
0.433062
0.433062
0.433062
0.433062
0.358354
0.358354
0.358354
0.358354
0.358354
0.358354
0.358354
1.02682
0.677653
0.677653
0.677653
0.677653
0.677653
1.25679
1.25679
1.55844
1.81112
1.81112
1.81112
2.18307
2.18307
2.18307
2.18307
2.18307
1.26842
0.717775
0.717775
0.87826
0.790587
0.790587
0.790587
0.790587
0.790587
0.790587
0.790587
0.790587
0.76839
0.720073
0.686135
0.76306
0.76306
0.76306
0.76306
0.76306
1.47697
1.37807
1.37807
2.48142
2.48142
2.36839
1.54769
1.54769
1.54769
1.54769
1.89342
1.85255
1.85255
2.16807
1.62379
1.73081
1.73081
2.09355
1.19747
1.19747
1.19747
1.19747
1.19747
2.04556
2.77883
2.79021
2.68765
1.29589
0.750737
1.13694
1.13694
1.13694
1.13694
0.726613
0.726613
0.726613
1.03739
1.03739
1.03739
1.03739
1.03739
0.630057
0.630057
0.630057
0.630057
0.662987
1.58711
1.77084
1.96248
2.07545
2.07545
1.73022
1.73022
1.73022
1.73022
1.73022
1.73022
1.73022
2.7713
1.84259
1.84259
1.90729
1.00848
0.887247
0.773155
0.773155
0.773155
1.10741
1.11532
1.11532
1.45946
1.45946
1.21055
1.76965
1.76965
1.76965
1.76965
1.76965
1.76965
1.76965
0.697807
0.697807
0.861847
0.861847
1.42455
1.19282
1.19282
1.19282
1.19282
1.19282
1.69846
1.27831
1.42542
2.05648
1.16041
1.16041
1.16041
1.09021
1.04396
0.962119
0.962119
1.50791
1.50791
0.75111
1.14401
1.14401
1.14401
1.14401
1.10119
0.756783
0.858703
0.858703
1.03617
1.03617
1.03617
1.03617
1.03617
1.03617
0.398344
0.398344
0.398344
1.08924
1.08924
1.08924
1.00158
1.00158
1.00158
1.00158
1.00158
1.47083
1.38692
1.38692
1.38692
1.38692
1.38692
1.38692
1.38692
1.38692
2.37987
3.08277
3.18069
2.44022
2.44022
3.01973
3.01973
2.99588
2.99588
2.32304
2.32304
2.26141
2.01216
1.40731
1.40731
0.68297
0.68297
0.642675
0.642675
0.642675
0.798987
0.798987
0.798987
0.798987
0.559679
0.559679
1.17389
1.61079
2.42987
1.22203
1.22203
1.28581
1.54404
1.54404
1.54404
2.07978
2.1562
1.60993
1.60993
1.63055
1.63055
1.63055
1.40429
1.48593
1.55072
1.55072
1.55072
1.55072
1.60926
1.60926
0.734503
0.505693
0.933585
0.85424
0.85424
0.85424
0.823334
0.650184
1.1842
1.56248
2.54682
2.54682
2.54682
2.54682
1.67772
1.67772
2.00409
2.60742
2.48236
1.60556
0.497035
0.497035
1.35073
1.4003
1.85055
1.38352
1.5174
1.17824
0.913945
0.913945
0.638237
0.638237
0.638237
0.638237
1.47912
1.00474
1.00474
0.798886
0.994404
1.10805
1.10805
0.973499
0.973499
0.429067
0.429067
0.429067
0.429067
1.79781
2.92457
2.92457
2.92457
3.77046
3.04145
3.04145
3.04145
2.7195
2.47419
2.70444
2.70444
3.54703
3.52773
3.46399
3.54221
4.85473
4.58957
3.76238
3.45851
3.45851
3.45851
4.02873
2.74928
